,NIC2152_longest_prot_g19814.t1,EG5268_longest_prot_g8272.t1,QG791_longest_prot_g20977.t1,QG2665_longest_prot_g11916.t1,QG2641_longest_prot_g23026.t1,PE887_longest_prot_g14822.t1,NIC248_longest_prot_g9432.t1,JU4058_longest_prot_g19831.t1,JU3237_longest_prot_g10167.t1,JU3207_longest_prot_g13581.t1,JU2484_longest_prot_g7930.t1,QX1410_longest_prot_transcript_QX1410.33278.2,JU1419_longest_prot_g25597.t1,JU1418_longest_prot_g16259.t1,ECA176_longest_prot_g11699.t1,ZF1220_longest_prot_g7819.t1,NIC1529_longest_prot_g20293.t1,YR106_longest_prot_g7854.t1,VX153_longest_prot_g29648.t1,QX1796_longest_prot_g21933.t1,QG2964_longest_prot_g18786.t1,NIC2150_longest_prot_g19043.t1,NIC1052_longest_prot_g22233.t1,JU2617_longest_prot_g7794.t2,EG6271_longest_prot_g20461.t1,ECA2857_longest_prot_g29556.t1,ECA2852_longest_prot_g7186.t1,ECA1174_longest_prot_g19146.t1,ECA1657_longest_prot_g18138.t1,VX151_longest_prot_g28517.t1,QG2902_longest_prot_g21816.t1,QG1005_longest_prot_g5577.t1,JU1422_longest_prot_g9453.t1,JU1420_longest_prot_g19464.t1
NIC2152_longest_prot_g19814.t1,1,0.980932,0.972458,0.941509,0.980119,0.984095,0.955598,0.953668,0.957198,0.959459,0.941839,0.982107,0.986111,0.986111,0.968966,0.990476,0.980119,0.954451,0.990476,0.964844,0.968966,0.974806,0.928705,0.93437,0.928705,0.950311,0.941839,0.966797,0.984095,0.990476,0.984095,0.955598,0.952199,0.978346
EG5268_longest_prot_g8272.t1,0.980932,1,0.987288,0.972458,0.972458,0.976695,0.972458,0.970339,0.970339,0.976695,0.987288,0.974576,0.983051,0.983051,0.974576,0.985169,0.972458,0.976695,0.985169,0.972458,0.974576,0.980932,0.970339,0.987288,0.970339,0.972458,0.987288,0.974576,0.976695,0.985169,0.976695,0.972458,0.980932,0.980932
QG791_longest_prot_g20977.t1,0.972458,0.987288,1,0.980932,0.980932,0.985169,0.980932,0.978814,0.978814,0.985169,0.974576,0.983051,0.974576,0.974576,0.983051,0.972458,0.980932,0.96822,0.972458,0.980932,0.983051,0.972458,0.978814,0.974576,0.978814,0.963983,0.974576,0.983051,0.985169,0.972458,0.985169,0.980932,0.976695,0.976695
QG2665_longest_prot_g11916.t1,0.941509,0.972458,0.980932,1,0.998012,0.994036,0.971098,0.961464,0.966926,0.967245,0.945386,0.992048,0.980159,0.980159,0.950943,0.950476,0.99006,0.94617,0.950476,0.974609,0.950943,0.959302,0.947269,0.937618,0.951036,0.942029,0.93597,0.976562,0.994036,0.950476,0.994036,0.971098,0.948375,0.976378
QG2641_longest_prot_g23026.t1,0.980119,0.972458,0.980932,0.998012,1,0.996024,0.998012,0.988072,0.988072,0.994036,0.984095,0.994036,0.982107,0.982107,0.992048,0.982107,0.992048,0.94617,0.982107,0.99006,0.992048,0.980119,0.992048,0.984095,0.996024,0.942029,0.984095,0.992048,0.996024,0.982107,0.996024,0.998012,0.986056,0.984095
PE887_longest_prot_g14822.t1,0.984095,0.976695,0.985169,0.994036,0.996024,1,0.994036,0.992048,0.992048,0.998012,0.988072,0.998012,0.986083,0.986083,0.996024,0.986083,0.996024,0.950311,0.986083,0.994036,0.996024,0.984095,0.992048,0.988072,0.992048,0.94617,0.988072,0.996024,1,0.986083,1,0.994036,0.99004,0.988072
NIC248_longest_prot_g9432.t1,0.955598,0.972458,0.980932,0.971098,0.998012,0.994036,1,0.990366,0.966926,0.996146,0.953757,0.992048,0.980159,0.980159,0.967181,0.957529,0.99006,0.94617,0.957529,0.978516,0.967181,0.963178,0.99422,0.959381,0.998073,0.942029,0.955684,0.980469,0.994036,0.957529,0.994036,1,0.96699,0.974409
JU4058_longest_prot_g19831.t1,0.953668,0.970339,0.978814,0.961464,0.988072,0.992048,0.990366,1,0.964981,0.99422,0.95183,0.994036,0.978175,0.978175,0.969112,0.955598,0.996024,0.944099,0.955598,0.976562,0.969112,0.96124,0.988439,0.957447,0.988439,0.942029,0.953757,0.982422,0.992048,0.955598,0.992048,0.990366,0.965049,0.972441
JU3237_longest_prot_g10167.t1,0.957198,0.970339,0.978814,0.966926,0.988072,0.992048,0.966926,0.964981,1,0.970817,0.961089,0.99006,0.978175,0.978175,0.968872,0.959144,0.988072,0.944099,0.959144,0.978516,0.968872,0.957198,0.964981,0.964912,0.964981,0.939959,0.963035,0.974609,0.992048,0.959144,0.992048,0.966926,0.968689,0.972441
JU3207_longest_prot_g13581.t1,0.959459,0.976695,0.985169,0.967245,0.994036,0.998012,0.996146,0.99422,0.970817,1,0.957611,0.996024,0.984127,0.984127,0.971042,0.96139,0.994036,0.950311,0.96139,0.982422,0.971042,0.967054,0.99422,0.96325,0.99422,0.94617,0.959538,0.984375,0.998012,0.96139,0.998012,0.996146,0.970874,0.978346
JU2484_longest_prot_g7930.t1,0.941839,0.987288,0.974576,0.945386,0.984095,0.988072,0.953757,0.95183,0.961089,0.957611,1,0.986083,0.990079,0.990079,0.938086,0.961905,0.984095,0.956522,0.961905,0.966797,0.938086,0.968992,0.928839,0.947368,0.930712,0.952381,0.94382,0.96875,0.988072,0.961905,0.988072,0.953757,0.952199,0.980315
QX1410_longest_prot_transcript_QX1410.33278.2,0.982107,0.974576,0.983051,0.992048,0.994036,0.998012,0.992048,0.994036,0.99006,0.996024,0.986083,1,0.984095,0.984095,0.998012,0.984095,0.998012,0.94824,0.984095,0.992048,0.998012,0.982107,0.99006,0.986083,0.99006,0.944099,0.986083,0.998012,0.998012,0.984095,0.998012,0.992048,0.988048,0.986083
JU1419_longest_prot_g25597.t1,0.986111,0.983051,0.974576,0.980159,0.982107,0.986083,0.980159,0.978175,0.978175,0.984127,0.990079,0.984095,1,1,0.982143,0.988095,0.982107,0.956522,0.988095,0.980159,0.982143,0.986111,0.978175,0.990079,0.978175,0.952381,0.990079,0.982143,0.986083,0.988095,0.986083,0.980159,0.99004,0.986111
JU1418_longest_prot_g16259.t1,0.986111,0.983051,0.974576,0.980159,0.982107,0.986083,0.980159,0.978175,0.978175,0.984127,0.990079,0.984095,1,1,0.982143,0.988095,0.982107,0.956522,0.988095,0.980159,0.982143,0.986111,0.978175,0.990079,0.978175,0.952381,0.990079,0.982143,0.986083,0.988095,0.986083,0.980159,0.99004,0.986111
ECA176_longest_prot_g11699.t1,0.968966,0.974576,0.983051,0.950943,0.992048,0.996024,0.967181,0.969112,0.968872,0.971042,0.938086,0.998012,0.982143,0.982143,1,0.982857,0.996024,0.94824,0.982857,0.976562,1,0.959302,0.939962,0.929188,0.939962,0.944099,0.938086,0.982422,0.996024,0.982857,0.996024,0.967181,0.950287,0.978346
ZF1220_longest_prot_g7819.t1,0.990476,0.985169,0.972458,0.950476,0.982107,0.986083,0.957529,0.955598,0.959144,0.96139,0.961905,0.984095,0.988095,0.988095,0.982857,1,0.982107,0.954451,0.99619,0.966797,0.982857,0.965116,0.942857,0.958015,0.942857,0.954451,0.95619,0.96875,0.986083,0.99619,0.986083,0.957529,0.955939,0.980315
NIC1529_longest_prot_g20293.t1,0.980119,0.972458,0.980932,0.99006,0.992048,0.996024,0.99006,0.996024,0.988072,0.994036,0.984095,0.998012,0.982107,0.982107,0.996024,0.982107,1,0.94617,0.982107,0.99006,0.996024,0.980119,0.988072,0.984095,0.988072,0.944099,0.984095,0.996024,0.996024,0.982107,0.996024,0.99006,0.986056,0.984095
YR106_longest_prot_g7854.t1,0.954451,0.976695,0.96822,0.94617,0.94617,0.950311,0.94617,0.944099,0.944099,0.950311,0.956522,0.94824,0.956522,0.956522,0.94824,0.954451,0.94617,1,0.954451,0.94617,0.94824,0.954451,0.944099,0.956522,0.944099,0.995859,0.956522,0.94824,0.950311,0.954451,0.950311,0.94617,0.954451,0.954451
VX153_longest_prot_g29648.t1,0.990476,0.985169,0.972458,0.950476,0.982107,0.986083,0.957529,0.955598,0.959144,0.96139,0.961905,0.984095,0.988095,0.988095,0.982857,0.99619,0.982107,0.954451,1,0.966797,0.982857,0.965116,0.942857,0.958015,0.942857,0.950311,0.95619,0.96875,0.986083,1,0.986083,0.957529,0.955939,0.980315
QX1796_longest_prot_g21933.t1,0.964844,0.972458,0.980932,0.974609,0.99006,0.994036,0.978516,0.976562,0.978516,0.982422,0.966797,0.992048,0.980159,0.980159,0.976562,0.966797,0.99006,0.94617,0.966797,1,0.976562,0.964844,0.976562,0.968689,0.976562,0.942029,0.966797,0.992188,0.994036,0.966797,0.994036,0.978516,0.97446,0.974409
QG2964_longest_prot_g18786.t1,0.968966,0.974576,0.983051,0.950943,0.992048,0.996024,0.967181,0.969112,0.968872,0.971042,0.938086,0.998012,0.982143,0.982143,1,0.982857,0.996024,0.94824,0.982857,0.976562,1,0.959302,0.939962,0.929188,0.939962,0.944099,0.938086,0.982422,0.996024,0.982857,0.996024,0.967181,0.950287,0.978346
NIC2150_longest_prot_g19043.t1,0.974806,0.980932,0.972458,0.959302,0.980119,0.984095,0.963178,0.96124,0.957198,0.967054,0.968992,0.982107,0.986111,0.986111,0.959302,0.965116,0.980119,0.954451,0.965116,0.964844,0.959302,1,0.96124,0.970874,0.96124,0.950311,0.967054,0.966797,0.984095,0.965116,0.984095,0.963178,0.97076,0.976378
NIC1052_longest_prot_g22233.t1,0.928705,0.970339,0.978814,0.947269,0.992048,0.992048,0.99422,0.988439,0.964981,0.99422,0.928839,0.99006,0.978175,0.978175,0.939962,0.942857,0.988072,0.944099,0.942857,0.976562,0.939962,0.96124,1,0.93797,0.990637,0.939959,0.930712,0.978516,0.992048,0.942857,0.992048,0.99422,0.952199,0.972441
JU2617_longest_prot_g7794.t2,0.93437,0.987288,0.974576,0.937618,0.984095,0.988072,0.959381,0.957447,0.964912,0.96325,0.947368,0.986083,0.990079,0.990079,0.929188,0.958015,0.984095,0.956522,0.958015,0.968689,0.929188,0.970874,0.93797,1,0.93797,0.952381,0.949248,0.970646,0.988072,0.958015,0.988072,0.959381,0.956023,0.982249
EG6271_longest_prot_g20461.t1,0.928705,0.970339,0.978814,0.951036,0.996024,0.992048,0.998073,0.988439,0.964981,0.99422,0.930712,0.99006,0.978175,0.978175,0.939962,0.942857,0.988072,0.944099,0.942857,0.976562,0.939962,0.96124,0.990637,0.93797,1,0.939959,0.930712,0.978516,0.992048,0.942857,0.992048,0.998073,0.952199,0.972441
ECA2857_longest_prot_g29556.t1,0.950311,0.972458,0.963983,0.942029,0.942029,0.94617,0.942029,0.942029,0.939959,0.94617,0.952381,0.944099,0.952381,0.952381,0.944099,0.954451,0.944099,0.995859,0.950311,0.942029,0.944099,0.950311,0.939959,0.952381,0.939959,1,0.952381,0.944099,0.94617,0.950311,0.94617,0.942029,0.950311,0.950311
ECA2852_longest_prot_g7186.t1,0.941839,0.987288,0.974576,0.93597,0.984095,0.988072,0.955684,0.953757,0.963035,0.959538,0.94382,0.986083,0.990079,0.990079,0.938086,0.95619,0.984095,0.956522,0.95619,0.966797,0.938086,0.967054,0.930712,0.949248,0.930712,0.952381,1,0.96875,0.988072,0.95619,0.988072,0.955684,0.956023,0.980315
ECA1174_longest_prot_g19146.t1,0.966797,0.974576,0.983051,0.976562,0.992048,0.996024,0.980469,0.982422,0.974609,0.984375,0.96875,0.998012,0.982143,0.982143,0.982422,0.96875,0.996024,0.94824,0.96875,0.992188,0.982422,0.966797,0.978516,0.970646,0.978516,0.944099,0.96875,1,0.996024,0.96875,0.996024,0.980469,0.978389,0.976378
ECA1657_longest_prot_g18138.t1,0.984095,0.976695,0.985169,0.994036,0.996024,1,0.994036,0.992048,0.992048,0.998012,0.988072,0.998012,0.986083,0.986083,0.996024,0.986083,0.996024,0.950311,0.986083,0.994036,0.996024,0.984095,0.992048,0.988072,0.992048,0.94617,0.988072,0.996024,1,0.986083,1,0.994036,0.99004,0.988072
VX151_longest_prot_g28517.t1,0.990476,0.985169,0.972458,0.950476,0.982107,0.986083,0.957529,0.955598,0.959144,0.96139,0.961905,0.984095,0.988095,0.988095,0.982857,0.99619,0.982107,0.954451,1,0.966797,0.982857,0.965116,0.942857,0.958015,0.942857,0.950311,0.95619,0.96875,0.986083,1,0.986083,0.957529,0.955939,0.980315
QG2902_longest_prot_g21816.t1,0.984095,0.976695,0.985169,0.994036,0.996024,1,0.994036,0.992048,0.992048,0.998012,0.988072,0.998012,0.986083,0.986083,0.996024,0.986083,0.996024,0.950311,0.986083,0.994036,0.996024,0.984095,0.992048,0.988072,0.992048,0.94617,0.988072,0.996024,1,0.986083,1,0.994036,0.99004,0.988072
QG1005_longest_prot_g5577.t1,0.955598,0.972458,0.980932,0.971098,0.998012,0.994036,1,0.990366,0.966926,0.996146,0.953757,0.992048,0.980159,0.980159,0.967181,0.957529,0.99006,0.94617,0.957529,0.978516,0.967181,0.963178,0.99422,0.959381,0.998073,0.942029,0.955684,0.980469,0.994036,0.957529,0.994036,1,0.96699,0.974409
JU1422_longest_prot_g9453.t1,0.952199,0.980932,0.976695,0.948375,0.986056,0.99004,0.96699,0.965049,0.968689,0.970874,0.952199,0.988048,0.99004,0.99004,0.950287,0.955939,0.986056,0.954451,0.955939,0.97446,0.950287,0.97076,0.952199,0.956023,0.952199,0.950311,0.956023,0.978389,0.99004,0.955939,0.99004,0.96699,1,0.992079
JU1420_longest_prot_g19464.t1,0.978346,0.980932,0.976695,0.976378,0.984095,0.988072,0.974409,0.972441,0.972441,0.978346,0.980315,0.986083,0.986111,0.986111,0.978346,0.980315,0.984095,0.954451,0.980315,0.974409,0.978346,0.976378,0.972441,0.982249,0.972441,0.950311,0.980315,0.976378,0.988072,0.980315,0.988072,0.974409,0.992079,1
