,NIC2143_longest_prot_g24730.t1,ECA1174_longest_prot_g11157.t1,NIC2150_longest_prot_g19828.t1,QX1410_longest_prot_transcript_QX1410.26487.1,QG2902_longest_prot_g2357.t1,JU4058_longest_prot_g5897.t1,JU2617_longest_prot_g21797.t1,EG6271_longest_prot_g7014.t1,ECA2852_longest_prot_g28056.t1
NIC2143_longest_prot_g24730.t1,1,0.958333,0.947075,0.893004,0.917197,0.904255,0.956081,0.901887,0.898678
ECA1174_longest_prot_g11157.t1,0.958333,1,0.93617,0.934783,0.951049,0.87234,0.951389,0.942446,0.928058
NIC2150_longest_prot_g19828.t1,0.947075,0.93617,1,0.884774,0.909091,0.857143,0.941176,0.89434,0.928889
QX1410_longest_prot_transcript_QX1410.26487.1,0.893004,0.934783,0.884774,1,0.89404,0.852273,0.884774,0.884774,0.895455
QG2902_longest_prot_g2357.t1,0.917197,0.951049,0.909091,0.89404,1,0.925532,0.910828,0.907895,0.894737
JU4058_longest_prot_g5897.t1,0.904255,0.87234,0.857143,0.852273,0.925532,1,0.87234,0.842697,0.831461
JU2617_longest_prot_g21797.t1,0.956081,0.951389,0.941176,0.884774,0.910828,0.87234,1,0.89434,0.894273
EG6271_longest_prot_g7014.t1,0.901887,0.942446,0.89434,0.884774,0.907895,0.842697,0.89434,1,0.904977
ECA2852_longest_prot_g28056.t1,0.898678,0.928058,0.928889,0.895455,0.894737,0.831461,0.894273,0.904977,1
