,QG1005_longest_prot_g20711.t1,NIC1052_longest_prot_g3286.t1,QG791_longest_prot_g11507.t1,QG2964_longest_prot_g4812.t1,PE887_longest_prot_g135.t1,ECA2852_longest_prot_g19097.t1,ECA1657_longest_prot_g21501.t1,QG786_longest_prot_g13778.t1,QG2665_longest_prot_g9445.t1,JU1418_longest_prot_g27815.t1,VX151_longest_prot_g7400.t1,QX1410_longest_prot_transcript_QX1410.37579.1,JU1419_longest_prot_g9682.t1,ECA176_longest_prot_g17137.t1,NIC2143_longest_prot_g21449.t1,JU3207_longest_prot_g5443.t1
QG1005_longest_prot_g20711.t1,1,0.720588,0.705882,0.720588,0.720588,0.184615,0.941176,0.720588,1,0.2,0.140625,0.927273,0.2,0.148936,0.171875,0.941176
NIC1052_longest_prot_g3286.t1,0.720588,1,0.987805,1,1,0.208791,0.75,1,0.720588,0.175439,0.140187,0.938272,0.175439,0.151163,0.158879,0.75
QG791_longest_prot_g11507.t1,0.705882,0.987805,1,0.987805,0.987805,0.177215,0.735294,0.987805,0.705882,0.178571,0.128205,0.890909,0.178571,0.147541,0.153846,0.735294
QG2964_longest_prot_g4812.t1,0.720588,1,0.987805,1,1,0.208791,0.75,1,0.720588,0.175439,0.140187,0.938272,0.175439,0.151163,0.158879,0.75
PE887_longest_prot_g135.t1,0.720588,1,0.987805,1,1,0.208791,0.75,1,0.720588,0.175439,0.140187,0.938272,0.175439,0.151163,0.158879,0.75
ECA2852_longest_prot_g19097.t1,0.184615,0.208791,0.177215,0.208791,0.208791,1,0.2,0.208791,0.184615,0.0731707,0.395604,0.238095,0.0731707,0.48,0.406593,0.2
ECA1657_longest_prot_g21501.t1,0.941176,0.75,0.735294,0.75,0.75,0.2,1,0.75,0.941176,0.2,0.140625,1,0.2,0.170213,0.171875,1
QG786_longest_prot_g13778.t1,0.720588,1,0.987805,1,1,0.208791,0.75,1,0.720588,0.175439,0.140187,0.938272,0.175439,0.151163,0.158879,0.75
QG2665_longest_prot_g9445.t1,1,0.720588,0.705882,0.720588,0.720588,0.184615,0.941176,0.720588,1,0.2,0.140625,0.927273,0.2,0.148936,0.171875,0.941176
JU1418_longest_prot_g27815.t1,0.2,0.175439,0.178571,0.175439,0.175439,0.0731707,0.2,0.175439,0.2,1,0.651515,0.18,1,0.37037,0.636364,0.2
VX151_longest_prot_g7400.t1,0.140625,0.140187,0.128205,0.140187,0.140187,0.395604,0.140625,0.140187,0.140625,0.651515,1,0.139241,0.651515,0.678161,0.909836,0.140625
QX1410_longest_prot_transcript_QX1410.37579.1,0.927273,0.938272,0.890909,0.938272,0.938272,0.238095,1,0.938272,0.927273,0.18,0.139241,1,0.18,0.155172,0.164557,1
JU1419_longest_prot_g9682.t1,0.2,0.175439,0.178571,0.175439,0.175439,0.0731707,0.2,0.175439,0.2,1,0.651515,0.18,1,0.37037,0.636364,0.2
ECA176_longest_prot_g17137.t1,0.148936,0.151163,0.147541,0.151163,0.151163,0.48,0.170213,0.151163,0.148936,0.37037,0.678161,0.155172,0.37037,1,0.678161,0.170213
NIC2143_longest_prot_g21449.t1,0.171875,0.158879,0.153846,0.158879,0.158879,0.406593,0.171875,0.158879,0.171875,0.636364,0.909836,0.164557,0.636364,0.678161,1,0.171875
JU3207_longest_prot_g5443.t1,0.941176,0.75,0.735294,0.75,0.75,0.2,1,0.75,0.941176,0.2,0.140625,1,0.2,0.170213,0.171875,1
