,NIC2150_longest_prot_g19430.t1,QX1410_longest_prot_transcript_QX1410.26495.1,JU2484_longest_prot_g22673.t1,ZF1220_longest_prot_g23641.t1,QG1005_longest_prot_g16477.t1,JU2617_longest_prot_g22172.t1,JU1418_longest_prot_g20158.t1,NIC2152_longest_prot_g9274.t1
NIC2150_longest_prot_g19430.t1,1,0.587156,0.775281,1,0.798165,0.755102,0.807339,1
QX1410_longest_prot_transcript_QX1410.26495.1,0.587156,1,0.833333,0.571429,0.730435,0.717172,0.610169,0.587156
JU2484_longest_prot_g22673.t1,0.775281,0.833333,1,0.816901,0.855556,0.877778,0.866667,0.775281
ZF1220_longest_prot_g23641.t1,1,0.571429,0.816901,1,0.824176,0.7625,0.835165,1
QG1005_longest_prot_g16477.t1,0.798165,0.730435,0.855556,0.824176,1,0.737374,0.869565,0.798165
JU2617_longest_prot_g22172.t1,0.755102,0.717172,0.877778,0.7625,0.737374,1,0.757576,0.755102
JU1418_longest_prot_g20158.t1,0.807339,0.610169,0.866667,0.835165,0.869565,0.757576,1,0.807339
NIC2152_longest_prot_g9274.t1,1,0.587156,0.775281,1,0.798165,0.755102,0.807339,1
