,NIC2150_longest_prot_g20214.t1,VX151_longest_prot_g13731.t1,ECA2852_longest_prot_g14758.t1,VX153_longest_prot_g24180.t1,QG786_longest_prot_g10894.t1,QG1005_longest_prot_g16193.t1,JU1422_longest_prot_g12392.t1,QX1410_longest_prot_transcript_QX1410.3974.2,QG2665_longest_prot_g7565.t1,JU1419_longest_prot_g16862.t1,QG2964_longest_prot_g20228.t1,QG2902_longest_prot_g9116.t1,PE887_longest_prot_g11957.t1,NIC248_longest_prot_g17330.t1,ECA1657_longest_prot_g10686.t1,ECA1174_longest_prot_g11465.t1,YR106_longest_prot_g23130.t1,JU2484_longest_prot_g23407.t1,QG791_longest_prot_g8343.t1,NIC1529_longest_prot_g4651.t1,JU3237_longest_prot_g21125.t1,JU3207_longest_prot_g4389.t1,ECA176_longest_prot_g11428.t1,NIC2143_longest_prot_g14751.t1,ZF1220_longest_prot_g24413.t1,QX1796_longest_prot_g10311.t1,NIC2152_longest_prot_g9584.t1,NIC1052_longest_prot_g9841.t1,JU1420_longest_prot_g1620.t1,JU1418_longest_prot_g6640.t1,EG6271_longest_prot_g7311.t1,ECA2857_longest_prot_g18027.t1,QG2641_longest_prot_g3883.t1,JU2617_longest_prot_g22483.t1
NIC2150_longest_prot_g20214.t1,1,0.894977,0.843066,0.894977,0.80292,0.80292,0.864407,0.79927,0.80292,0.875912,0.80292,0.813953,0.79927,0.80292,0.754032,0.80786,0.877119,0.908676,0.80292,0.81685,0.81685,0.80292,0.79927,0.913242,0.846715,0.754032,1,0.80292,0.883212,0.864407,0.79927,0.868644,0.79918,0.823293
VX151_longest_prot_g13731.t1,0.894977,1,0.945205,1,0.849315,0.849315,0.931507,0.840183,0.849315,0.926941,0.849315,0.854701,0.840183,0.849315,0.863014,0.863014,0.922374,0.96347,0.849315,0.857798,0.857798,0.849315,0.840183,0.940639,0.931507,0.863014,0.894977,0.849315,0.936073,0.931507,0.840183,0.936073,0.835979,0.917808
ECA2852_longest_prot_g14758.t1,0.843066,0.945205,1,0.945205,0.821429,0.821429,0.919492,0.814286,0.821429,0.860714,0.821429,0.825843,0.814286,0.821429,0.782258,0.834061,0.881356,0.949772,0.821429,0.827957,0.827957,0.821429,0.814286,0.940639,0.95053,0.782258,0.842857,0.821429,0.896429,0.919492,0.814286,0.923729,0.812,0.839357
VX153_longest_prot_g24180.t1,0.894977,1,0.945205,1,0.849315,0.849315,0.931507,0.840183,0.849315,0.926941,0.849315,0.854701,0.840183,0.849315,0.863014,0.863014,0.922374,0.96347,0.849315,0.857798,0.857798,0.849315,0.840183,0.940639,0.931507,0.863014,0.894977,0.849315,0.936073,0.931507,0.840183,0.936073,0.835979,0.917808
QG786_longest_prot_g10894.t1,0.80292,0.849315,0.821429,0.849315,1,1,0.793919,0.970588,1,0.807143,1,0.978992,0.970588,1,0.804124,0.849265,0.662162,0.858447,1,0.976401,0.976401,1,0.970588,0.83105,0.803571,0.804124,0.803571,1,0.812057,0.793919,0.970588,0.815126,0.958065,0.767068
QG1005_longest_prot_g16193.t1,0.80292,0.849315,0.821429,0.849315,1,1,0.793919,0.970588,1,0.807143,1,0.978992,0.970588,1,0.804124,0.849265,0.662162,0.858447,1,0.976401,0.976401,1,0.970588,0.83105,0.803571,0.804124,0.803571,1,0.812057,0.793919,0.970588,0.815126,0.958065,0.767068
JU1422_longest_prot_g12392.t1,0.864407,0.931507,0.919492,0.931507,0.793919,0.793919,1,0.790541,0.793919,0.881356,0.793919,0.793814,0.790541,0.793919,0.735294,0.746269,0.746622,0.954338,0.793919,0.8,0.8,0.793919,0.790541,0.945205,0.915254,0.735294,0.864407,0.793919,0.957983,1,0.790541,0.991597,0.778195,0.891304
QX1410_longest_prot_transcript_QX1410.3974.2,0.79927,0.840183,0.814286,0.840183,0.970588,0.970588,0.790541,1,0.970588,0.807143,0.970588,0.97479,1,0.970588,0.786942,0.830882,0.644518,0.853881,0.970588,0.733333,0.973451,0.970588,1,0.821918,0.796429,0.786942,0.8,0.970588,0.804965,0.790541,1,0.806723,0.948387,0.759036
QG2665_longest_prot_g7565.t1,0.80292,0.849315,0.821429,0.849315,1,1,0.793919,0.970588,1,0.807143,1,0.978992,0.970588,1,0.804124,0.849265,0.662162,0.858447,1,0.976401,0.976401,1,0.970588,0.83105,0.803571,0.804124,0.803571,1,0.812057,0.793919,0.970588,0.815126,0.958065,0.767068
JU1419_longest_prot_g16862.t1,0.875912,0.926941,0.860714,0.926941,0.807143,0.807143,0.881356,0.807143,0.807143,1,0.807143,0.808989,0.807143,0.807143,0.778226,0.829694,0.868644,0.945205,0.807143,0.81362,0.81362,0.807143,0.807143,0.908676,0.867857,0.778226,0.875,0.807143,0.932143,0.881356,0.807143,0.885593,0.788,0.839357
QG2964_longest_prot_g20228.t1,0.80292,0.849315,0.821429,0.849315,1,1,0.793919,0.970588,1,0.807143,1,0.978992,0.970588,1,0.804124,0.849265,0.662162,0.858447,1,0.976401,0.976401,1,0.970588,0.83105,0.803571,0.804124,0.803571,1,0.812057,0.793919,0.970588,0.815126,0.958065,0.767068
QG2902_longest_prot_g9116.t1,0.813953,0.854701,0.825843,0.854701,0.978992,0.978992,0.793814,0.97479,0.978992,0.808989,0.978992,1,0.97479,0.978992,0.693122,0.752941,0.57732,0.880342,0.978992,0.97479,0.97479,0.978992,0.97479,0.854701,0.808989,0.693122,0.814607,0.978992,0.816667,0.793814,0.97479,0.823529,0.970588,0.741497
PE887_longest_prot_g11957.t1,0.79927,0.840183,0.814286,0.840183,0.970588,0.970588,0.790541,1,0.970588,0.807143,0.970588,0.97479,1,0.970588,0.786942,0.830882,0.644518,0.853881,0.970588,0.733333,0.973451,0.970588,1,0.821918,0.796429,0.786942,0.8,0.970588,0.804965,0.790541,1,0.806723,0.948387,0.759036
NIC248_longest_prot_g17330.t1,0.80292,0.849315,0.821429,0.849315,1,1,0.793919,0.970588,1,0.807143,1,0.978992,0.970588,1,0.804124,0.849265,0.662162,0.858447,1,0.976401,0.976401,1,0.970588,0.83105,0.803571,0.804124,0.803571,1,0.812057,0.793919,0.970588,0.815126,0.958065,0.767068
ECA1657_longest_prot_g10686.t1,0.754032,0.863014,0.782258,0.863014,0.804124,0.804124,0.735294,0.786942,0.804124,0.778226,0.804124,0.693122,0.786942,0.804124,1,0.985294,0.709559,0.872146,0.804124,0.789655,0.789655,0.804124,0.786942,0.840183,0.770161,1,0.754032,0.804124,0.776,0.735294,0.786942,0.822511,0.758621,0.758065
ECA1174_longest_prot_g11465.t1,0.80786,0.863014,0.834061,0.863014,0.849265,0.849265,0.746269,0.830882,0.849265,0.829694,0.849265,0.752941,0.830882,0.849265,0.985294,1,0.720149,0.872146,0.849265,0.833948,0.833948,0.849265,0.830882,0.840183,0.820961,0.985294,0.80786,0.849265,0.82684,0.746269,0.830882,0.837004,0.805785,0.816594
YR106_longest_prot_g23130.t1,0.877119,0.922374,0.881356,0.922374,0.662162,0.662162,0.746622,0.644518,0.662162,0.868644,0.662162,0.57732,0.644518,0.662162,0.709559,0.720149,1,0.936073,0.662162,0.653333,0.664407,0.662162,0.644518,0.926941,0.885593,0.709559,0.877119,0.662162,0.878151,0.746622,0.644518,0.907563,0.631579,0.891304
JU2484_longest_prot_g23407.t1,0.908676,0.96347,0.949772,0.96347,0.858447,0.858447,0.954338,0.853881,0.858447,0.945205,0.858447,0.880342,0.853881,0.858447,0.872146,0.872146,0.936073,1,0.858447,0.876147,0.876147,0.858447,0.853881,0.940639,0.945205,0.872146,0.908676,0.858447,0.958904,0.954338,0.853881,0.958904,0.84127,0.926941
QG791_longest_prot_g8343.t1,0.80292,0.849315,0.821429,0.849315,1,1,0.793919,0.970588,1,0.807143,1,0.978992,0.970588,1,0.804124,0.849265,0.662162,0.858447,1,0.976401,0.976401,1,0.970588,0.83105,0.803571,0.804124,0.803571,1,0.812057,0.793919,0.970588,0.815126,0.958065,0.767068
NIC1529_longest_prot_g4651.t1,0.81685,0.857798,0.827957,0.857798,0.976401,0.976401,0.8,0.733333,0.976401,0.81362,0.976401,0.97479,0.733333,0.976401,0.789655,0.833948,0.653333,0.876147,0.976401,1,1,0.976401,0.733333,0.83945,0.810036,0.789655,0.817204,0.976401,0.818505,0.8,0.733333,0.822785,0.958065,0.774194
JU3237_longest_prot_g21125.t1,0.81685,0.857798,0.827957,0.857798,0.976401,0.976401,0.8,0.973451,0.976401,0.81362,0.976401,0.97479,0.973451,0.976401,0.789655,0.833948,0.664407,0.876147,0.976401,1,1,0.976401,0.973451,0.83945,0.810036,0.789655,0.817204,0.976401,0.818505,0.8,0.973451,0.822785,0.958065,0.774194
JU3207_longest_prot_g4389.t1,0.80292,0.849315,0.821429,0.849315,1,1,0.793919,0.970588,1,0.807143,1,0.978992,0.970588,1,0.804124,0.849265,0.662162,0.858447,1,0.976401,0.976401,1,0.970588,0.83105,0.803571,0.804124,0.803571,1,0.812057,0.793919,0.970588,0.815126,0.958065,0.767068
ECA176_longest_prot_g11428.t1,0.79927,0.840183,0.814286,0.840183,0.970588,0.970588,0.790541,1,0.970588,0.807143,0.970588,0.97479,1,0.970588,0.786942,0.830882,0.644518,0.853881,0.970588,0.733333,0.973451,0.970588,1,0.821918,0.796429,0.786942,0.8,0.970588,0.804965,0.790541,1,0.806723,0.948387,0.759036
NIC2143_longest_prot_g14751.t1,0.913242,0.940639,0.940639,0.940639,0.83105,0.83105,0.945205,0.821918,0.83105,0.908676,0.83105,0.854701,0.821918,0.83105,0.840183,0.840183,0.926941,0.940639,0.83105,0.83945,0.83945,0.83105,0.821918,1,0.936073,0.840183,0.913242,0.83105,0.949772,0.945205,0.821918,0.949772,0.820106,0.90411
ZF1220_longest_prot_g24413.t1,0.846715,0.931507,0.95053,0.931507,0.803571,0.803571,0.915254,0.796429,0.803571,0.867857,0.803571,0.808989,0.796429,0.803571,0.770161,0.820961,0.885593,0.945205,0.803571,0.810036,0.810036,0.803571,0.796429,0.936073,1,0.770161,0.846429,0.803571,0.896429,0.915254,0.796429,0.919492,0.796,0.855422
QX1796_longest_prot_g10311.t1,0.754032,0.863014,0.782258,0.863014,0.804124,0.804124,0.735294,0.786942,0.804124,0.778226,0.804124,0.693122,0.786942,0.804124,1,0.985294,0.709559,0.872146,0.804124,0.789655,0.789655,0.804124,0.786942,0.840183,0.770161,1,0.754032,0.804124,0.776,0.735294,0.786942,0.822511,0.758621,0.758065
NIC2152_longest_prot_g9584.t1,1,0.894977,0.842857,0.894977,0.803571,0.803571,0.864407,0.8,0.803571,0.875,0.803571,0.814607,0.8,0.803571,0.754032,0.80786,0.877119,0.908676,0.803571,0.817204,0.817204,0.803571,0.8,0.913242,0.846429,0.754032,1,0.803571,0.882143,0.864407,0.8,0.868644,0.8,0.823293
NIC1052_longest_prot_g9841.t1,0.80292,0.849315,0.821429,0.849315,1,1,0.793919,0.970588,1,0.807143,1,0.978992,0.970588,1,0.804124,0.849265,0.662162,0.858447,1,0.976401,0.976401,1,0.970588,0.83105,0.803571,0.804124,0.803571,1,0.812057,0.793919,0.970588,0.815126,0.958065,0.767068
JU1420_longest_prot_g1620.t1,0.883212,0.936073,0.896429,0.936073,0.812057,0.812057,0.957983,0.804965,0.812057,0.932143,0.812057,0.816667,0.804965,0.812057,0.776,0.82684,0.878151,0.958904,0.812057,0.818505,0.818505,0.812057,0.804965,0.949772,0.896429,0.776,0.882143,0.812057,1,0.957983,0.804965,0.966387,0.797619,0.843373
JU1418_longest_prot_g6640.t1,0.864407,0.931507,0.919492,0.931507,0.793919,0.793919,1,0.790541,0.793919,0.881356,0.793919,0.793814,0.790541,0.793919,0.735294,0.746269,0.746622,0.954338,0.793919,0.8,0.8,0.793919,0.790541,0.945205,0.915254,0.735294,0.864407,0.793919,0.957983,1,0.790541,0.991597,0.778195,0.891304
EG6271_longest_prot_g7311.t1,0.79927,0.840183,0.814286,0.840183,0.970588,0.970588,0.790541,1,0.970588,0.807143,0.970588,0.97479,1,0.970588,0.786942,0.830882,0.644518,0.853881,0.970588,0.733333,0.973451,0.970588,1,0.821918,0.796429,0.786942,0.8,0.970588,0.804965,0.790541,1,0.806723,0.948387,0.759036
ECA2857_longest_prot_g18027.t1,0.868644,0.936073,0.923729,0.936073,0.815126,0.815126,0.991597,0.806723,0.815126,0.885593,0.815126,0.823529,0.806723,0.815126,0.822511,0.837004,0.907563,0.958904,0.815126,0.822785,0.822785,0.815126,0.806723,0.949772,0.919492,0.822511,0.868644,0.815126,0.966387,0.991597,0.806723,1,0.798077,0.895652
QG2641_longest_prot_g3883.t1,0.79918,0.835979,0.812,0.835979,0.958065,0.958065,0.778195,0.948387,0.958065,0.788,0.958065,0.970588,0.948387,0.958065,0.758621,0.805785,0.631579,0.84127,0.958065,0.958065,0.958065,0.958065,0.948387,0.820106,0.796,0.758621,0.8,0.958065,0.797619,0.778195,0.948387,0.798077,1,0.748858
JU2617_longest_prot_g22483.t1,0.823293,0.917808,0.839357,0.917808,0.767068,0.767068,0.891304,0.759036,0.767068,0.839357,0.767068,0.741497,0.759036,0.767068,0.758065,0.816594,0.891304,0.926941,0.767068,0.774194,0.774194,0.767068,0.759036,0.90411,0.855422,0.758065,0.823293,0.767068,0.843373,0.891304,0.759036,0.895652,0.748858,1
