,QG2902_longest_prot_g8349.t1,NIC2152_longest_prot_g3590.t1,PE887_longest_prot_g15841.t1,NIC248_longest_prot_g10418.t2,JU3207_longest_prot_g20841.t1,QG2964_longest_prot_g22868.t1,QG2665_longest_prot_g15374.t1,JU1419_longest_prot_g27231.t1,ZF1220_longest_prot_g16421.t1,QG791_longest_prot_g10539.t1,NIC2150_longest_prot_g21208.t1,QX1410_longest_prot_transcript_QX1410.43904.2,QX1796_longest_prot_g20207.t1,NIC2143_longest_prot_g1662.t1,JU4058_longest_prot_g9708.t1,EG5268_longest_prot_g16509.t1,ECA1657_longest_prot_g5069.t1,JU3237_longest_prot_g169.t1,QG786_longest_prot_g21901.t1,QG1005_longest_prot_g20159.t1,QG2641_longest_prot_g17262.t1,NIC1052_longest_prot_g21616.t1,ECA176_longest_prot_g22161.t1,NIC1529_longest_prot_g8662.t1,EG6271_longest_prot_g20184.t1,ECA1174_longest_prot_g4010.t1
QG2902_longest_prot_g8349.t1,1,0.970149,0.998656,1,1,1,0.96875,0.945022,0.984568,0.96875,0.959091,1,1,0.903475,1,0.766234,1,0.988904,1,1,0.96875,1,0.998656,1,1,1
NIC2152_longest_prot_g3590.t1,0.970149,1,0.968792,0.994398,0.970149,0.970149,0.985507,0.950704,0.988321,0.985507,0.964132,0.971576,0.971576,0.905405,0.917355,0.816754,0.970149,0.957983,0.971576,0.970149,0.985507,0.971576,0.970284,0.970149,0.971576,0.994398
PE887_longest_prot_g15841.t1,0.998656,0.968792,1,0.998603,0.998647,0.998656,0.96875,0.943536,0.983025,0.96875,0.957576,0.998656,0.998656,0.901544,0.995984,0.766234,0.998656,0.987517,0.998656,0.998656,0.96875,0.998656,0.997312,0.998656,0.998656,0.998603
NIC248_longest_prot_g10418.t2,1,0.994398,0.998603,1,1,1,0.96875,0.945022,0.984568,0.96875,0.959091,1,1,0.903475,1,0.766234,1,0.988456,1,1,0.96875,1,0.998603,1,1,1
JU3207_longest_prot_g20841.t1,1,0.970149,0.998647,1,1,1,0.96875,0.945022,0.984568,0.96875,0.959091,1,1,0.903475,1,0.766234,1,0.988827,1,1,0.96875,1,0.998647,1,1,1
QG2964_longest_prot_g22868.t1,1,0.970149,0.998656,1,1,1,0.96875,0.945022,0.984568,0.96875,0.959091,1,1,0.903475,1,0.766234,1,0.988904,1,1,0.96875,1,0.998656,1,1,1
QG2665_longest_prot_g15374.t1,0.96875,0.985507,0.96875,0.96875,0.96875,0.96875,1,0.985507,0.985507,1,0.985507,0.985507,0.985507,0,0,0.985507,0.96875,0.111111,0.985507,0.96875,1,0.985507,0.985507,0.96875,0.985507,0.96875
JU1419_longest_prot_g27231.t1,0.945022,0.950704,0.943536,0.945022,0.945022,0.945022,0.985507,1,0.985359,0.985507,0.981077,0.947887,0.947887,0.978,0.803371,0.816754,0.945022,0.930769,0.947887,0.945022,0.985507,0.947887,0.946479,0.945022,0.947887,0.945022
ZF1220_longest_prot_g16421.t1,0.984568,0.988321,0.983025,0.984568,0.984568,0.984568,0.985507,0.985359,1,0.985507,0.988287,0.985401,0.985401,0.978858,0.947712,0.816754,0.984568,0.9712,0.985401,0.984568,0.985507,0.985401,0.983942,0.984568,0.985401,0.984568
QG791_longest_prot_g10539.t1,0.96875,0.985507,0.96875,0.96875,0.96875,0.96875,1,0.985507,0.985507,1,0.985507,0.985507,0.985507,0,0,0.985507,0.96875,0.111111,0.985507,0.96875,1,0.985507,0.985507,0.96875,0.985507,0.96875
NIC2150_longest_prot_g21208.t1,0.959091,0.964132,0.957576,0.959091,0.959091,0.959091,0.985507,0.981077,0.988287,0.985507,1,0.961263,0.961263,0.972746,0.854545,0.816754,0.959091,0.945055,0.961263,0.959091,0.985507,0.961263,0.959828,0.959091,0.961263,0.959091
QX1410_longest_prot_transcript_QX1410.43904.2,1,0.971576,0.998656,1,1,1,0.985507,0.947887,0.985401,0.985507,0.961263,1,1,0.903475,1,0.811518,1,0.988904,1,1,0.985507,1,0.99872,1,1,1
QX1796_longest_prot_g20207.t1,1,0.971576,0.998656,1,1,1,0.985507,0.947887,0.985401,0.985507,0.961263,1,1,0.903475,1,0.811518,1,0.988904,1,1,0.985507,1,0.99872,1,1,1
NIC2143_longest_prot_g1662.t1,0.903475,0.905405,0.901544,0.903475,0.903475,0.903475,0,0.978,0.978858,0,0.972746,0.903475,0.903475,1,0.75,0,0.903475,0.903475,0.903475,0.903475,0,0.903475,0.903475,0.903475,0.903475,0.903475
JU4058_longest_prot_g9708.t1,1,0.917355,0.995984,1,1,1,0,0.803371,0.947712,0,0.854545,1,1,0.75,1,0,1,1,1,1,0,1,1,1,1,1
EG5268_longest_prot_g16509.t1,0.766234,0.816754,0.766234,0.766234,0.766234,0.766234,0.985507,0.816754,0.816754,0.985507,0.816754,0.811518,0.811518,0,0,1,0.766234,0.664122,0.811518,0.766234,0.985507,0.811518,0.806283,0.766234,0.811518,0.766234
ECA1657_longest_prot_g5069.t1,1,0.970149,0.998656,1,1,1,0.96875,0.945022,0.984568,0.96875,0.959091,1,1,0.903475,1,0.766234,1,0.988904,1,1,0.96875,1,0.998656,1,1,1
JU3237_longest_prot_g169.t1,0.988904,0.957983,0.987517,0.988456,0.988827,0.988904,0.111111,0.930769,0.9712,0.111111,0.945055,0.988904,0.988904,0.903475,1,0.664122,0.988904,1,0.988904,0.988904,0.111111,0.988904,0.987517,0.988904,0.988904,0.988456
QG786_longest_prot_g21901.t1,1,0.971576,0.998656,1,1,1,0.985507,0.947887,0.985401,0.985507,0.961263,1,1,0.903475,1,0.811518,1,0.988904,1,1,0.985507,1,0.99872,1,1,1
QG1005_longest_prot_g20159.t1,1,0.970149,0.998656,1,1,1,0.96875,0.945022,0.984568,0.96875,0.959091,1,1,0.903475,1,0.766234,1,0.988904,1,1,0.96875,1,0.998656,1,1,1
QG2641_longest_prot_g17262.t1,0.96875,0.985507,0.96875,0.96875,0.96875,0.96875,1,0.985507,0.985507,1,0.985507,0.985507,0.985507,0,0,0.985507,0.96875,0.111111,0.985507,0.96875,1,0.985507,0.985507,0.96875,0.985507,0.96875
NIC1052_longest_prot_g21616.t1,1,0.971576,0.998656,1,1,1,0.985507,0.947887,0.985401,0.985507,0.961263,1,1,0.903475,1,0.811518,1,0.988904,1,1,0.985507,1,0.99872,1,1,1
ECA176_longest_prot_g22161.t1,0.998656,0.970284,0.997312,0.998603,0.998647,0.998656,0.985507,0.946479,0.983942,0.985507,0.959828,0.99872,0.99872,0.903475,1,0.806283,0.998656,0.987517,0.99872,0.998656,0.985507,0.99872,1,0.998656,0.99872,0.998603
NIC1529_longest_prot_g8662.t1,1,0.970149,0.998656,1,1,1,0.96875,0.945022,0.984568,0.96875,0.959091,1,1,0.903475,1,0.766234,1,0.988904,1,1,0.96875,1,0.998656,1,1,1
EG6271_longest_prot_g20184.t1,1,0.971576,0.998656,1,1,1,0.985507,0.947887,0.985401,0.985507,0.961263,1,1,0.903475,1,0.811518,1,0.988904,1,1,0.985507,1,0.99872,1,1,1
ECA1174_longest_prot_g4010.t1,1,0.994398,0.998603,1,1,1,0.96875,0.945022,0.984568,0.96875,0.959091,1,1,0.903475,1,0.766234,1,0.988456,1,1,0.96875,1,0.998603,1,1,1
