,YR106_longest_prot_g22941.t1,JU2617_longest_prot_g22611.t1,ECA2852_longest_prot_g14974.t1,QX1410_longest_prot_transcript_QX1410.26842.1,ECA1174_longest_prot_g11553.t1,QG786_longest_prot_g22332.t1,JU3207_longest_prot_g4472.t1,EG6271_longest_prot_g22491.t1,QG791_longest_prot_g8430.t1,NIC2143_longest_prot_g14545.t1,QG1005_longest_prot_g16101.t1,JU4058_longest_prot_g6316.t1,QG2964_longest_prot_g20149.t1
YR106_longest_prot_g22941.t1,1,0.614173,0.969388,0.663717,0.663717,0.683673,0.663717,0.637168,0.683673,0.624,0.683673,0.654867,0.683673
JU2617_longest_prot_g22611.t1,0.614173,1,0.813187,0.474747,0.505051,0.497268,0.505051,0.507937,0.497268,0.417722,0.497268,0.496933,0.497268
ECA2852_longest_prot_g14974.t1,0.969388,0.813187,1,0.72093,0.72093,0.746479,0.72093,0.686047,0.746479,0.666667,0.746479,0.709302,0.746479
QX1410_longest_prot_transcript_QX1410.26842.1,0.663717,0.474747,0.72093,1,0.941463,0.894737,0.941463,0.825397,0.894737,0.638889,0.894737,0.884848,0.894737
ECA1174_longest_prot_g11553.t1,0.663717,0.505051,0.72093,0.941463,1,0.878947,1,0.825397,0.878947,0.625,0.878947,0.89697,0.878947
QG786_longest_prot_g22332.t1,0.683673,0.497268,0.746479,0.894737,0.878947,1,0.878947,0.792793,1,0.615385,1,0.9,1
JU3207_longest_prot_g4472.t1,0.663717,0.505051,0.72093,0.941463,1,0.878947,1,0.825397,0.878947,0.625,0.878947,0.89697,0.878947
EG6271_longest_prot_g22491.t1,0.637168,0.507937,0.686047,0.825397,0.825397,0.792793,0.825397,1,0.792793,0.735537,0.792793,0.809524,0.792793
QG791_longest_prot_g8430.t1,0.683673,0.497268,0.746479,0.894737,0.878947,1,0.878947,0.792793,1,0.615385,1,0.9,1
NIC2143_longest_prot_g14545.t1,0.624,0.417722,0.666667,0.638889,0.625,0.615385,0.625,0.735537,0.615385,1,0.615385,0.618056,0.615385
QG1005_longest_prot_g16101.t1,0.683673,0.497268,0.746479,0.894737,0.878947,1,0.878947,0.792793,1,0.615385,1,0.9,1
JU4058_longest_prot_g6316.t1,0.654867,0.496933,0.709302,0.884848,0.89697,0.9,0.89697,0.809524,0.9,0.618056,0.9,1,0.9
QG2964_longest_prot_g20149.t1,0.683673,0.497268,0.746479,0.894737,0.878947,1,0.878947,0.792793,1,0.615385,1,0.9,1
