,JU3207_longest_prot_g3689.t1,ECA1174_longest_prot_g10773.t1,QG786_longest_prot_g4383.t1,JU1422_longest_prot_g11059.t1,QX1796_longest_prot_g7865.t1,QG791_longest_prot_g7711.t1,QG2964_longest_prot_g2713.t1,ECA1657_longest_prot_g9961.t1,YR106_longest_prot_g21445.t1,NIC2152_longest_prot_g8285.t1,JU4058_longest_prot_g5481.t1,JU1420_longest_prot_g412.t1,QG2665_longest_prot_g6916.t1,ECA2857_longest_prot_g9652.t1,ECA2852_longest_prot_g12277.t1,NIC2150_longest_prot_g5014.t1,ECA176_longest_prot_g9765.t1,EG5268_longest_prot_g22667.t1,ZF1220_longest_prot_g22602.t1,PE887_longest_prot_g11173.t1,NIC1529_longest_prot_g3960.t1,JU1419_longest_prot_g24508.t1,QX1410_longest_prot_transcript_QX1410.26016.1,NIC248_longest_prot_g16501.t1,NIC2143_longest_prot_g407.t1,JU3237_longest_prot_g6241.t1,QG1005_longest_prot_g16856.t1,JU1418_longest_prot_g9172.t1,JU2484_longest_prot_g21657.t1,EG6271_longest_prot_g12868.t1,VX153_longest_prot_g8237.t1,VX151_longest_prot_g12301.t1,QG2902_longest_prot_g1992.t1,QG2641_longest_prot_g3249.t1,NIC1052_longest_prot_g9159.t1,JU2617_longest_prot_g21190.t1
JU3207_longest_prot_g3689.t1,1,0.958333,0.945055,0.722222,0.958333,0.958333,0.958333,0.958333,0.863014,0.876712,0.942308,0.790698,0.945055,0.733333,0.929577,0.876712,0.958333,0.733333,0.738636,0.955556,0.955556,0.790698,1,0.741573,0.780488,0.955556,0.942308,0.845238,0.890411,0.958333,0.929577,0.929577,0.962617,0.773585,0.773585,0.722222
ECA1174_longest_prot_g10773.t1,0.958333,1,0.956044,0.759036,1,1,1,1,0.815789,0.842105,0.970297,0.785714,0.956044,0.771084,0.868421,0.842105,1,0.771084,0.7625,0.97619,0.988095,0.785714,0.987654,0.833333,0.771084,0.988095,0.970297,0.839506,0.855263,1,0.868421,0.868421,0.980198,0.873684,0.852632,0.72619
QG786_longest_prot_g4383.t1,0.945055,0.956044,1,0.851351,0.956044,0.956044,0.956044,0.956044,0.849315,0.863014,0.956044,0.864865,1,0.851351,0.929577,0.863014,0.956044,0.851351,0.861111,0.932432,0.945946,0.864865,0.987654,0.890411,0.864865,0.945946,0.956044,0.917808,0.876712,0.956044,0.929577,0.929577,0.945055,0.922222,0.9,0.824324
JU1422_longest_prot_g11059.t1,0.722222,0.759036,0.851351,1,0.759036,0.759036,0.759036,0.759036,0.853333,0.853333,0.703297,0.725275,0.851351,0.705263,0.855263,0.853333,0.759036,0.705263,0.717391,0.691489,0.680851,0.725275,0.984375,0.730337,0.788235,0.680851,0.703297,0.77907,0.866667,0.759036,0.855263,0.855263,0.691489,0.703297,0.719101,0.673684
QX1796_longest_prot_g7865.t1,0.958333,1,0.956044,0.759036,1,1,1,1,0.815789,0.842105,0.970297,0.785714,0.956044,0.771084,0.868421,0.842105,1,0.771084,0.7625,0.97619,0.988095,0.785714,0.987654,0.833333,0.771084,0.988095,0.970297,0.839506,0.855263,1,0.868421,0.868421,0.980198,0.873684,0.852632,0.72619
QG791_longest_prot_g7711.t1,0.958333,1,0.956044,0.759036,1,1,1,1,0.815789,0.842105,0.970297,0.785714,0.956044,0.771084,0.868421,0.842105,1,0.771084,0.7625,0.97619,0.988095,0.785714,0.987654,0.833333,0.771084,0.988095,0.970297,0.839506,0.855263,1,0.868421,0.868421,0.980198,0.873684,0.852632,0.72619
QG2964_longest_prot_g2713.t1,0.958333,1,0.956044,0.759036,1,1,1,1,0.815789,0.842105,0.970297,0.785714,0.956044,0.771084,0.868421,0.842105,1,0.771084,0.7625,0.97619,0.988095,0.785714,0.987654,0.833333,0.771084,0.988095,0.970297,0.839506,0.855263,1,0.868421,0.868421,0.980198,0.873684,0.852632,0.72619
ECA1657_longest_prot_g9961.t1,0.958333,1,0.956044,0.759036,1,1,1,1,0.815789,0.842105,0.970297,0.785714,0.956044,0.771084,0.868421,0.842105,1,0.771084,0.7625,0.97619,0.988095,0.785714,0.987654,0.833333,0.771084,0.988095,0.970297,0.839506,0.855263,1,0.868421,0.868421,0.980198,0.873684,0.852632,0.72619
YR106_longest_prot_g21445.t1,0.863014,0.815789,0.849315,0.853333,0.815789,0.815789,0.815789,0.815789,1,0.842105,0.805195,0.831169,0.849315,0.868421,0.853333,0.842105,0.815789,0.868421,0.851351,0.828947,0.815789,0.831169,0.984375,0.875,0.831169,0.815789,0.805195,0.855263,0.855263,0.815789,0.853333,0.853333,0.828947,0.861111,0.861111,0.815789
NIC2152_longest_prot_g8285.t1,0.876712,0.842105,0.863014,0.853333,0.842105,0.842105,0.842105,0.842105,0.842105,1,0.831169,0.883117,0.863014,0.855263,0.905405,1,0.842105,0.855263,0.84,0.855263,0.842105,0.883117,0.96875,0.876712,0.844156,0.842105,0.831169,0.922078,0.987013,0.842105,0.905405,0.905405,0.855263,0.876712,0.863014,0.815789
JU4058_longest_prot_g5481.t1,0.942308,0.970297,0.956044,0.703297,0.970297,0.970297,0.970297,0.970297,0.805195,0.831169,1,0.728261,0.956044,0.714286,0.857143,0.831169,0.970297,0.714286,0.715909,0.934783,0.945652,0.728261,0.987654,0.755814,0.735632,0.945652,1,0.806818,0.844156,0.970297,0.857143,0.857143,0.944954,0.805825,0.786408,0.684783
JU1420_longest_prot_g412.t1,0.790698,0.785714,0.864865,0.725275,0.785714,0.785714,0.785714,0.785714,0.831169,0.883117,0.728261,1,0.864865,0.711111,0.871795,0.883117,0.785714,0.711111,0.712644,0.747253,0.736264,1,0.96875,0.752941,0.781609,0.736264,0.728261,0.784091,0.896104,0.785714,0.871795,0.871795,0.747253,0.752941,0.741176,0.688172
QG2665_longest_prot_g6916.t1,0.945055,0.956044,1,0.851351,0.956044,0.956044,0.956044,0.956044,0.849315,0.863014,0.956044,0.864865,1,0.851351,0.929577,0.863014,0.956044,0.851351,0.861111,0.932432,0.945946,0.864865,0.987654,0.890411,0.864865,0.945946,0.956044,0.917808,0.876712,0.956044,0.929577,0.929577,0.945055,0.922222,0.9,0.824324
ECA2857_longest_prot_g9652.t1,0.733333,0.771084,0.851351,0.705263,0.771084,0.771084,0.771084,0.771084,0.868421,0.855263,0.714286,0.711111,0.851351,1,0.88,0.855263,0.771084,1,0.672897,0.723404,0.702128,0.711111,0.984375,0.730337,0.767442,0.702128,0.714286,0.781609,0.868421,0.771084,0.88,0.88,0.723404,0.680851,0.719101,0.712766
ECA2852_longest_prot_g12277.t1,0.929577,0.868421,0.929577,0.855263,0.868421,0.868421,0.868421,0.868421,0.853333,0.905405,0.857143,0.871795,0.929577,0.88,1,0.905405,0.868421,0.88,0.875,0.881579,0.868421,0.871795,0.984375,0.914286,0.881579,0.868421,0.857143,0.918919,0.918919,0.868421,1,1,0.881579,0.914286,0.9,0.831169
NIC2150_longest_prot_g5014.t1,0.876712,0.842105,0.863014,0.853333,0.842105,0.842105,0.842105,0.842105,0.842105,1,0.831169,0.883117,0.863014,0.855263,0.905405,1,0.842105,0.855263,0.84,0.855263,0.842105,0.883117,0.96875,0.876712,0.844156,0.842105,0.831169,0.922078,0.987013,0.842105,0.905405,0.905405,0.855263,0.876712,0.863014,0.815789
ECA176_longest_prot_g9765.t1,0.958333,1,0.956044,0.759036,1,1,1,1,0.815789,0.842105,0.970297,0.785714,0.956044,0.771084,0.868421,0.842105,1,0.771084,0.7625,0.97619,0.988095,0.785714,0.987654,0.833333,0.771084,0.988095,0.970297,0.839506,0.855263,1,0.868421,0.868421,0.980198,0.873684,0.852632,0.72619
EG5268_longest_prot_g22667.t1,0.733333,0.771084,0.851351,0.705263,0.771084,0.771084,0.771084,0.771084,0.868421,0.855263,0.714286,0.711111,0.851351,1,0.88,0.855263,0.771084,1,0.672897,0.723404,0.702128,0.711111,0.984375,0.730337,0.767442,0.702128,0.714286,0.781609,0.868421,0.771084,0.88,0.88,0.723404,0.680851,0.719101,0.712766
ZF1220_longest_prot_g22602.t1,0.738636,0.7625,0.861111,0.717391,0.7625,0.7625,0.7625,0.7625,0.851351,0.84,0.715909,0.712644,0.861111,0.672897,0.875,0.84,0.7625,0.672897,1,0.692308,0.692308,0.712644,0.96875,0.738636,0.771084,0.692308,0.715909,0.767442,0.853333,0.7625,0.875,0.875,0.692308,0.698925,0.715909,0.769231
PE887_longest_prot_g11173.t1,0.955556,0.97619,0.932432,0.691489,0.97619,0.97619,0.97619,0.97619,0.828947,0.855263,0.934783,0.747253,0.932432,0.723404,0.881579,0.855263,0.97619,0.723404,0.692308,1,0.957895,0.747253,1,0.752809,0.755814,0.957895,0.934783,0.804598,0.868421,0.97619,0.881579,0.881579,1,0.741573,0.741573,0.673684
NIC1529_longest_prot_g3960.t1,0.955556,0.988095,0.945946,0.680851,0.988095,0.988095,0.988095,0.988095,0.815789,0.842105,0.945652,0.736264,0.945946,0.702128,0.868421,0.842105,0.988095,0.702128,0.692308,0.957895,1,0.736264,0.984375,0.752809,0.744186,1,0.945652,0.804598,0.855263,0.988095,0.868421,0.868421,0.957895,0.764045,0.741573,0.673684
JU1419_longest_prot_g24508.t1,0.790698,0.785714,0.864865,0.725275,0.785714,0.785714,0.785714,0.785714,0.831169,0.883117,0.728261,1,0.864865,0.711111,0.871795,0.883117,0.785714,0.711111,0.712644,0.747253,0.736264,1,0.96875,0.752941,0.781609,0.736264,0.728261,0.784091,0.896104,0.785714,0.871795,0.871795,0.747253,0.752941,0.741176,0.688172
QX1410_longest_prot_transcript_QX1410.26016.1,1,0.987654,0.987654,0.984375,0.987654,0.987654,0.987654,0.987654,0.984375,0.96875,0.987654,0.96875,0.987654,0.984375,0.984375,0.96875,0.987654,0.984375,0.96875,1,0.984375,0.96875,1,1,0.984375,0.984375,0.987654,0.984375,0.984375,0.987654,0.984375,0.984375,1,0.987654,0.987654,0.953125
NIC248_longest_prot_g16501.t1,0.741573,0.833333,0.890411,0.730337,0.833333,0.833333,0.833333,0.833333,0.875,0.876712,0.755814,0.752941,0.890411,0.730337,0.914286,0.876712,0.833333,0.730337,0.738636,0.752809,0.752809,0.752941,1,1,0.802469,0.752809,0.755814,0.785714,0.890411,0.833333,0.914286,0.914286,0.752809,0.977528,0.977528,0.719101
NIC2143_longest_prot_g407.t1,0.780488,0.771084,0.864865,0.788235,0.771084,0.771084,0.771084,0.771084,0.831169,0.844156,0.735632,0.781609,0.864865,0.767442,0.881579,0.844156,0.771084,0.767442,0.771084,0.755814,0.744186,0.781609,0.984375,0.802469,1,0.744186,0.735632,0.8,0.857143,0.771084,0.881579,0.881579,0.755814,0.790123,0.790123,0.72093
JU3237_longest_prot_g6241.t1,0.955556,0.988095,0.945946,0.680851,0.988095,0.988095,0.988095,0.988095,0.815789,0.842105,0.945652,0.736264,0.945946,0.702128,0.868421,0.842105,0.988095,0.702128,0.692308,0.957895,1,0.736264,0.984375,0.752809,0.744186,1,0.945652,0.804598,0.855263,0.988095,0.868421,0.868421,0.957895,0.764045,0.741573,0.673684
QG1005_longest_prot_g16856.t1,0.942308,0.970297,0.956044,0.703297,0.970297,0.970297,0.970297,0.970297,0.805195,0.831169,1,0.728261,0.956044,0.714286,0.857143,0.831169,0.970297,0.714286,0.715909,0.934783,0.945652,0.728261,0.987654,0.755814,0.735632,0.945652,1,0.806818,0.844156,0.970297,0.857143,0.857143,0.944954,0.805825,0.786408,0.684783
JU1418_longest_prot_g9172.t1,0.845238,0.839506,0.917808,0.77907,0.839506,0.839506,0.839506,0.839506,0.855263,0.922078,0.806818,0.784091,0.917808,0.781609,0.918919,0.922078,0.839506,0.781609,0.767442,0.804598,0.804598,0.784091,0.984375,0.785714,0.8,0.804598,0.806818,1,0.935065,0.839506,0.918919,0.918919,0.804598,0.785714,0.77381,0.747126
JU2484_longest_prot_g21657.t1,0.890411,0.855263,0.876712,0.866667,0.855263,0.855263,0.855263,0.855263,0.855263,0.987013,0.844156,0.896104,0.876712,0.868421,0.918919,0.987013,0.855263,0.868421,0.853333,0.868421,0.855263,0.896104,0.984375,0.890411,0.857143,0.855263,0.844156,0.935065,1,0.855263,0.918919,0.918919,0.868421,0.890411,0.876712,0.828947
EG6271_longest_prot_g12868.t1,0.958333,1,0.956044,0.759036,1,1,1,1,0.815789,0.842105,0.970297,0.785714,0.956044,0.771084,0.868421,0.842105,1,0.771084,0.7625,0.97619,0.988095,0.785714,0.987654,0.833333,0.771084,0.988095,0.970297,0.839506,0.855263,1,0.868421,0.868421,0.980198,0.873684,0.852632,0.72619
VX153_longest_prot_g8237.t1,0.929577,0.868421,0.929577,0.855263,0.868421,0.868421,0.868421,0.868421,0.853333,0.905405,0.857143,0.871795,0.929577,0.88,1,0.905405,0.868421,0.88,0.875,0.881579,0.868421,0.871795,0.984375,0.914286,0.881579,0.868421,0.857143,0.918919,0.918919,0.868421,1,1,0.881579,0.914286,0.9,0.831169
VX151_longest_prot_g12301.t1,0.929577,0.868421,0.929577,0.855263,0.868421,0.868421,0.868421,0.868421,0.853333,0.905405,0.857143,0.871795,0.929577,0.88,1,0.905405,0.868421,0.88,0.875,0.881579,0.868421,0.871795,0.984375,0.914286,0.881579,0.868421,0.857143,0.918919,0.918919,0.868421,1,1,0.881579,0.914286,0.9,0.831169
QG2902_longest_prot_g1992.t1,0.962617,0.980198,0.945055,0.691489,0.980198,0.980198,0.980198,0.980198,0.828947,0.855263,0.944954,0.747253,0.945055,0.723404,0.881579,0.855263,0.980198,0.723404,0.692308,1,0.957895,0.747253,1,0.752809,0.755814,0.957895,0.944954,0.804598,0.868421,0.980198,0.881579,0.881579,1,0.783019,0.783019,0.673684
QG2641_longest_prot_g3249.t1,0.773585,0.873684,0.922222,0.703297,0.873684,0.873684,0.873684,0.873684,0.861111,0.876712,0.805825,0.752941,0.922222,0.680851,0.914286,0.876712,0.873684,0.680851,0.698925,0.741573,0.764045,0.752941,0.987654,0.977528,0.790123,0.764045,0.805825,0.785714,0.890411,0.873684,0.914286,0.914286,0.783019,1,0.962264,0.707865
NIC1052_longest_prot_g9159.t1,0.773585,0.852632,0.9,0.719101,0.852632,0.852632,0.852632,0.852632,0.861111,0.863014,0.786408,0.741176,0.9,0.719101,0.9,0.863014,0.852632,0.719101,0.715909,0.741573,0.741573,0.741176,0.987654,0.977528,0.790123,0.741573,0.786408,0.77381,0.876712,0.852632,0.9,0.9,0.783019,0.962264,1,0.707865
JU2617_longest_prot_g21190.t1,0.722222,0.72619,0.824324,0.673684,0.72619,0.72619,0.72619,0.72619,0.815789,0.815789,0.684783,0.688172,0.824324,0.712766,0.831169,0.815789,0.72619,0.712766,0.769231,0.673684,0.673684,0.688172,0.953125,0.719101,0.72093,0.673684,0.684783,0.747126,0.828947,0.72619,0.831169,0.831169,0.673684,0.707865,0.707865,1
