,QX1410_longest_prot_transcript_QX1410.26255.1,JU4058_longest_prot_g5641.t1,ECA1657_longest_prot_g10098.t1,ECA176_longest_prot_g9896.t1,JU1418_longest_prot_g9017.t1,NIC2152_longest_prot_g8444.t1,ZF1220_longest_prot_g22755.t1
QX1410_longest_prot_transcript_QX1410.26255.1,1,0.152174,0.152174,0.152174,0.173913,0.152174,0.130435
JU4058_longest_prot_g5641.t1,0.152174,1,0.927711,0.927711,0.759036,0.73494,0.746988
ECA1657_longest_prot_g10098.t1,0.152174,0.927711,1,0.869955,0.682203,0.6875,0.7
ECA176_longest_prot_g9896.t1,0.152174,0.927711,0.869955,1,0.687764,0.644928,0.652174
JU1418_longest_prot_g9017.t1,0.173913,0.759036,0.682203,0.687764,1,0.704724,0.716535
NIC2152_longest_prot_g8444.t1,0.152174,0.73494,0.6875,0.644928,0.704724,1,0.889571
ZF1220_longest_prot_g22755.t1,0.130435,0.746988,0.7,0.652174,0.716535,0.889571,1
