,QG786_longest_prot_g18680.t1,NIC1052_longest_prot_g783.t1,VX153_longest_prot_g25155.t1,QG2641_longest_prot_g590.t1,PE887_longest_prot_g8749.t1,ECA1657_longest_prot_g1613.t1,JU3207_longest_prot_g10150.t1,QG2964_longest_prot_g11006.t1,JU4058_longest_prot_g6829.t1,ECA2852_longest_prot_g21512.t1,ECA176_longest_prot_g6859.t1,ECA1174_longest_prot_g8233.t1,QX1410_longest_prot_transcript_QX1410.23751.1,QG2902_longest_prot_g13872.t1,QX1796_longest_prot_g5334.t1,QG791_longest_prot_g2709.t1,QG1005_longest_prot_g3916.t1,NIC1529_longest_prot_g16213.t1,EG6271_longest_prot_g5802.t1,VX151_longest_prot_g27203.t1,QG2665_longest_prot_g2827.t1,JU3237_longest_prot_g13809.t1
QG786_longest_prot_g18680.t1,1,0.904762,0.764706,0.905063,0.824645,0.833333,0.752688,0.890547,0.797872,0.478788,0.902703,0.850829,0.774038,0.836735,0.902703,0.920188,0.880184,0.720588,0.77551,0.764706,0.958716,0.708333
NIC1052_longest_prot_g783.t1,0.904762,1,0.773585,0.839416,0.759563,0.760638,0.752688,0.853107,0.797872,0.352941,0.847134,0.942675,0.726776,0.778626,1,0.837838,0.830688,0.698529,0.77551,0.773585,0.920635,0.609929
VX153_longest_prot_g25155.t1,0.764706,0.773585,1,0.734177,0.835821,0.80303,0.691358,0.801724,0.691358,0.346774,0.732558,0.686747,0.835821,0.633803,0.655172,0.834783,0.80597,0.8,0.855072,1,0.773109,0.494382
QG2641_longest_prot_g590.t1,0.905063,0.839416,0.734177,1,0.805405,0.780105,0.907407,0.938144,0.981818,0.578125,0.88961,0.837662,0.758242,0.917647,0.841772,0.909091,0.944162,0.69281,0.678161,0.734177,0.892405,0.756906
PE887_longest_prot_g8749.t1,0.824645,0.759563,0.835821,0.805405,1,0.806452,0.741935,0.817391,0.795699,0.510989,0.792135,0.748571,0.91358,0.803797,0.75419,0.84058,0.826613,0.884848,0.954128,0.835821,0.824645,0.81
ECA1657_longest_prot_g1613.t1,0.833333,0.760638,0.80303,0.780105,0.806452,1,0.752688,0.809322,0.802083,0.51087,0.794595,0.745856,0.746939,0.804878,0.751351,0.810427,0.781746,0.680473,0.684211,0.80303,0.819444,0.706468
JU3207_longest_prot_g10150.t1,0.752688,0.752688,0.691358,0.907407,0.741935,0.752688,1,0.76087,0.946237,0.207317,0.928571,0.928571,0.752688,0.75,0.928571,0.752688,0.752688,0.914286,0.8375,0.691358,0.752688,0.559322
QG2964_longest_prot_g11006.t1,0.890547,0.853107,0.801724,0.938144,0.817391,0.809322,0.76087,1,0.806452,0.478788,0.857143,0.857143,0.77533,0.886228,0.860335,0.883249,0.917355,0.692771,0.72807,0.801724,0.870647,0.713542
JU4058_longest_prot_g6829.t1,0.797872,0.797872,0.691358,0.981818,0.795699,0.802083,0.946237,0.806452,1,0.190476,0.985915,0.985915,0.776596,0.836735,0.985915,0.797872,0.797872,0.943662,0.875,0.691358,0.797872,0.644068
ECA2852_longest_prot_g21512.t1,0.478788,0.352941,0.346774,0.578125,0.510989,0.51087,0.207317,0.478788,0.190476,1,0.548148,0.51145,0.485876,0.589744,0.503704,0.45,0.47541,0.389381,0.202899,0.346774,0.478788,0.588652
ECA176_longest_prot_g6859.t1,0.902703,0.847134,0.732558,0.88961,0.792135,0.794595,0.928571,0.857143,0.985915,0.548148,1,0.917127,0.737143,0.874126,0.867403,0.929348,0.875,0.716418,0.781609,0.732558,0.951351,0.70122
ECA1174_longest_prot_g8233.t1,0.850829,0.942675,0.686747,0.837662,0.748571,0.745856,0.928571,0.857143,0.985915,0.51145,0.917127,1,0.703488,0.797203,0.950276,0.872928,0.81768,0.69403,0.781609,0.686747,0.867403,0.658385
QX1410_longest_prot_transcript_QX1410.23751.1,0.774038,0.726776,0.835821,0.758242,0.91358,0.746939,0.752688,0.77533,0.776596,0.485876,0.737143,0.703488,1,0.748387,0.710227,0.784314,0.808163,0.939759,0.955357,0.835821,0.778846,0.782383
QG2902_longest_prot_g13872.t1,0.836735,0.778626,0.633803,0.917647,0.803797,0.804878,0.75,0.886228,0.836735,0.589744,0.874126,0.797203,0.748387,1,0.802721,0.846154,0.923529,0.656489,0.6,0.633803,0.877551,0.844156
QX1796_longest_prot_g5334.t1,0.902703,1,0.655172,0.841772,0.75419,0.751351,0.928571,0.860335,0.985915,0.503704,0.867403,0.950276,0.710227,0.802721,1,0.823204,0.821622,0.698529,0.781609,0.655172,0.918919,0.666667
QG791_longest_prot_g2709.t1,0.920188,0.837838,0.834783,0.909091,0.84058,0.810427,0.752688,0.883249,0.797872,0.45,0.929348,0.872928,0.784314,0.846154,0.823204,1,0.892019,0.723881,0.77551,0.834783,0.896714,0.662577
QG1005_longest_prot_g3916.t1,0.880184,0.830688,0.80597,0.944162,0.826613,0.781746,0.752688,0.917355,0.797872,0.47541,0.875,0.81768,0.808163,0.923529,0.821622,0.892019,1,0.727811,0.72807,0.80597,0.894009,0.715
NIC1529_longest_prot_g16213.t1,0.720588,0.698529,0.8,0.69281,0.884848,0.680473,0.914286,0.692771,0.943662,0.389381,0.716418,0.69403,0.939759,0.656489,0.698529,0.723881,0.727811,1,0.970297,0.8,0.720588,0.733766
EG6271_longest_prot_g5802.t1,0.77551,0.77551,0.855072,0.678161,0.954128,0.684211,0.8375,0.72807,0.875,0.202899,0.781609,0.781609,0.955357,0.6,0.781609,0.77551,0.72807,0.970297,1,0.855072,0.77551,0.747126
VX151_longest_prot_g27203.t1,0.764706,0.773585,1,0.734177,0.835821,0.80303,0.691358,0.801724,0.691358,0.346774,0.732558,0.686747,0.835821,0.633803,0.655172,0.834783,0.80597,0.8,0.855072,1,0.773109,0.494382
QG2665_longest_prot_g2827.t1,0.958716,0.920635,0.773109,0.892405,0.824645,0.819444,0.752688,0.870647,0.797872,0.478788,0.951351,0.867403,0.778846,0.877551,0.918919,0.896714,0.894009,0.720588,0.77551,0.773109,1,0.708333
JU3237_longest_prot_g13809.t1,0.708333,0.609929,0.494382,0.756906,0.81,0.706468,0.559322,0.713542,0.644068,0.588652,0.70122,0.658385,0.782383,0.844156,0.666667,0.662577,0.715,0.733766,0.747126,0.494382,0.708333,1
