,QG2902_longest_prot_g18479.t2,ZF1220_longest_prot_g30526.t1,QX1410_longest_prot_transcript_QX1410.32891.1,EG5268_longest_prot_g30570.t1,NIC2152_longest_prot_g13426.t1,ECA2852_longest_prot_g21175.t1,VX151_longest_prot_g30516.t1,VX153_longest_prot_g17811.t1,JU1420_longest_prot_g28573.t1
QG2902_longest_prot_g18479.t2,1,0.985207,0.997041,0.984177,0.985207,0.991124,0.985207,0.985207,0.991124
ZF1220_longest_prot_g30526.t1,0.985207,1,0.988166,0.987342,0.985207,0.982249,0.988166,0.988166,0.988166
QX1410_longest_prot_transcript_QX1410.32891.1,0.997041,0.988166,1,0.987342,0.988166,0.994083,0.988166,0.988166,0.994083
EG5268_longest_prot_g30570.t1,0.984177,0.987342,0.987342,1,0.984177,0.981013,1,1,0.987342
NIC2152_longest_prot_g13426.t1,0.985207,0.985207,0.988166,0.984177,1,0.982249,0.985207,0.985207,0.988166
ECA2852_longest_prot_g21175.t1,0.991124,0.982249,0.994083,0.981013,0.982249,1,0.982249,0.982249,0.988166
VX151_longest_prot_g30516.t1,0.985207,0.988166,0.988166,1,0.985207,0.982249,1,1,0.988166
VX153_longest_prot_g17811.t1,0.985207,0.988166,0.988166,1,0.985207,0.982249,1,1,0.988166
JU1420_longest_prot_g28573.t1,0.991124,0.988166,0.994083,0.987342,0.988166,0.988166,0.988166,0.988166,1
