,QG2964_longest_prot_g20397.t2,JU3237_longest_prot_g22588.t1,QG791_longest_prot_g8195.t1,QG786_longest_prot_g11061.t1,EG6271_longest_prot_g7144.t2,QX1410_longest_prot_transcript_QX1410.26603.1,NIC248_longest_prot_g17154.t1,JU2484_longest_prot_g22461.t1,QG2641_longest_prot_g3727.t1,QG2902_longest_prot_g18109.t1,VX151_longest_prot_g13150.t1,QG2665_longest_prot_g7410.t2,EG5268_longest_prot_g23616.t1
QG2964_longest_prot_g20397.t2,1,0.805369,1,1,1,1,0.993464,0.576271,1,0.960784,0.797872,1,0.742857
JU3237_longest_prot_g22588.t1,0.805369,1,0.781818,0.781818,0.805369,0.805369,0.798658,0.661017,0.781818,0.825503,0.744444,0.805369,0.771429
QG791_longest_prot_g8195.t1,1,0.781818,1,1,1,1,0.993464,0.576271,1,0.960784,0.797872,1,0.742857
QG786_longest_prot_g11061.t1,1,0.781818,1,1,1,1,0.993464,0.576271,1,0.960784,0.797872,1,0.742857
EG6271_longest_prot_g7144.t2,1,0.805369,1,1,1,1,0.993464,0.576271,1,0.960784,0.797872,1,0.742857
QX1410_longest_prot_transcript_QX1410.26603.1,1,0.805369,1,1,1,1,0.993464,0.576271,1,0.960784,0.797872,1,0.742857
NIC248_longest_prot_g17154.t1,0.993464,0.798658,0.993464,0.993464,0.993464,0.993464,1,0.559322,0.993464,0.954248,0.787234,0.993464,0.733333
JU2484_longest_prot_g22461.t1,0.576271,0.661017,0.576271,0.576271,0.576271,0.576271,0.559322,1,0.576271,0.576271,0.736842,0.576271,0.983051
QG2641_longest_prot_g3727.t1,1,0.781818,1,1,1,1,0.993464,0.576271,1,0.960784,0.797872,1,0.742857
QG2902_longest_prot_g18109.t1,0.960784,0.825503,0.960784,0.960784,0.960784,0.960784,0.954248,0.576271,0.960784,1,0.797872,0.960784,0.742857
VX151_longest_prot_g13150.t1,0.797872,0.744444,0.797872,0.797872,0.797872,0.797872,0.787234,0.736842,0.797872,0.797872,1,0.797872,0.644068
QG2665_longest_prot_g7410.t2,1,0.805369,1,1,1,1,0.993464,0.576271,1,0.960784,0.797872,1,0.742857
EG5268_longest_prot_g23616.t1,0.742857,0.771429,0.742857,0.742857,0.742857,0.742857,0.733333,0.983051,0.742857,0.742857,0.644068,0.742857,1
