,QX1410_longest_prot_transcript_QX1410.23675.1,ECA176_longest_prot_g6934.t1,ECA1657_longest_prot_g1690.t1,YR106_longest_prot_g18661.t1,NIC248_longest_prot_g14007.t1,JU4058_longest_prot_g2772.t1,JU1420_longest_prot_g13557.t1,NIC1052_longest_prot_g865.t1,ECA2857_longest_prot_g15619.t1,QG2902_longest_prot_g13796.t1,NIC2143_longest_prot_g18103.t1,QX1796_longest_prot_g5258.t1,PE887_longest_prot_g8673.t1,JU3237_longest_prot_g13728.t1,JU2617_longest_prot_g18345.t1,JU1418_longest_prot_g8796.t1,ECA2852_longest_prot_g21610.t1,NIC1529_longest_prot_g16292.t1,ECA1174_longest_prot_g8157.t1
QX1410_longest_prot_transcript_QX1410.23675.1,1,0.596774,0.512064,0.910615,1,1,0.531746,0.538043,0.903394,0.997506,0.531746,0.534392,1,0.995012,0.529101,0.473262,0.904255,1,0.596774
ECA176_longest_prot_g6934.t1,0.596774,1,1,0.587097,0.596774,0.596774,0.884244,0.996785,0.587097,0.596774,0.884244,1,0.596774,0.596774,0.884244,0.73955,0.587097,0.596774,1
ECA1657_longest_prot_g1690.t1,0.512064,1,1,0.538682,0.512064,0.512064,0.775676,0.886179,0.504021,0.512064,0.775676,0.886486,0.512064,0.512064,0.778378,0.660326,0.538682,0.512064,1
YR106_longest_prot_g18661.t1,0.910615,0.587097,0.538682,1,0.910615,0.910615,0.540616,0.551724,0.988827,0.907821,0.540616,0.54902,0.910615,0.905028,0.537815,0.480337,1,0.910615,0.587097
NIC248_longest_prot_g14007.t1,1,0.596774,0.512064,0.910615,1,1,0.531746,0.538043,0.903394,0.997506,0.531746,0.534392,1,0.995012,0.529101,0.473262,0.904255,1,0.596774
JU4058_longest_prot_g2772.t1,1,0.596774,0.512064,0.910615,1,1,0.531746,0.538043,0.903394,0.997506,0.531746,0.534392,1,0.995012,0.529101,0.473262,0.904255,1,0.596774
JU1420_longest_prot_g13557.t1,0.531746,0.884244,0.775676,0.540616,0.531746,0.531746,1,0.831978,0.519894,0.531746,1,0.836412,0.531746,0.531746,0.992105,0.674667,0.539106,0.531746,0.884244
NIC1052_longest_prot_g865.t1,0.538043,0.996785,0.886179,0.551724,0.538043,0.538043,0.831978,1,0.529891,0.538043,0.831978,0.99729,0.538043,0.538043,0.834688,0.667575,0.551724,0.538043,0.996785
ECA2857_longest_prot_g15619.t1,0.903394,0.587097,0.504021,0.988827,0.903394,0.903394,0.519894,0.529891,1,0.900783,0.519894,0.527851,0.903394,0.898172,0.517241,0.454545,0.988827,0.903394,0.587097
QG2902_longest_prot_g13796.t1,0.997506,0.596774,0.512064,0.907821,0.997506,0.997506,0.531746,0.538043,0.900783,1,0.531746,0.534392,0.997506,0.992519,0.529101,0.473262,0.901596,0.997506,0.596774
NIC2143_longest_prot_g18103.t1,0.531746,0.884244,0.775676,0.540616,0.531746,0.531746,1,0.831978,0.519894,0.531746,1,0.836412,0.531746,0.531746,0.992105,0.674667,0.539106,0.531746,0.884244
QX1796_longest_prot_g5258.t1,0.534392,1,0.886486,0.54902,0.534392,0.534392,0.836412,0.99729,0.527851,0.534392,0.836412,1,0.534392,0.534392,0.83905,0.658667,0.547486,0.534392,1
PE887_longest_prot_g8673.t1,1,0.596774,0.512064,0.910615,1,1,0.531746,0.538043,0.903394,0.997506,0.531746,0.534392,1,0.995012,0.529101,0.473262,0.904255,1,0.596774
JU3237_longest_prot_g13728.t1,0.995012,0.596774,0.512064,0.905028,0.995012,0.995012,0.531746,0.538043,0.898172,0.992519,0.531746,0.534392,0.995012,1,0.529101,0.473262,0.898936,0.995012,0.596774
JU2617_longest_prot_g18345.t1,0.529101,0.884244,0.778378,0.537815,0.529101,0.529101,0.992105,0.834688,0.517241,0.529101,0.992105,0.83905,0.529101,0.529101,1,0.677333,0.536313,0.529101,0.884244
JU1418_longest_prot_g8796.t1,0.473262,0.73955,0.660326,0.480337,0.473262,0.473262,0.674667,0.667575,0.454545,0.473262,0.674667,0.658667,0.473262,0.473262,0.677333,1,0.480337,0.473262,0.73955
ECA2852_longest_prot_g21610.t1,0.904255,0.587097,0.538682,1,0.904255,0.904255,0.539106,0.551724,0.988827,0.901596,0.539106,0.547486,0.904255,0.898936,0.536313,0.480337,1,0.904255,0.587097
NIC1529_longest_prot_g16292.t1,1,0.596774,0.512064,0.910615,1,1,0.531746,0.538043,0.903394,0.997506,0.531746,0.534392,1,0.995012,0.529101,0.473262,0.904255,1,0.596774
ECA1174_longest_prot_g8157.t1,0.596774,1,1,0.587097,0.596774,0.596774,0.884244,0.996785,0.587097,0.596774,0.884244,1,0.596774,0.596774,0.884244,0.73955,0.587097,0.596774,1
