,QG786_longest_prot_g11154.t1,JU1420_longest_prot_g1058.t1,NIC1052_longest_prot_g9560.t1,VX153_longest_prot_g7550.t1,NIC1529_longest_prot_g4395.t1,JU3207_longest_prot_g4122.t1,ECA1657_longest_prot_g10404.t1,EG6271_longest_prot_g7047.t1,ECA2857_longest_prot_g27511.t1,QX1410_longest_prot_transcript_QX1410.26516.1,JU4058_longest_prot_g5936.t1,QG2665_longest_prot_g7320.t1,JU1419_longest_prot_g16194.t1,QG791_longest_prot_g8101.t1,QG2964_longest_prot_g3103.t1,QG2902_longest_prot_g2395.t1,JU3237_longest_prot_g5833.t1,ECA1174_longest_prot_g11201.t1,EG5268_longest_prot_g23441.t1,PE887_longest_prot_g11706.t1,JU2484_longest_prot_g22303.t1,JU1422_longest_prot_g11745.t1,ECA2852_longest_prot_g28109.t1,QX1796_longest_prot_g17521.t1,QG1005_longest_prot_g16454.t1,NIC248_longest_prot_g17055.t1,NIC2143_longest_prot_g24648.t1,VX151_longest_prot_g12976.t1,QG2641_longest_prot_g3635.t1,ECA176_longest_prot_g16068.t1
QG786_longest_prot_g11154.t1,1,0.932468,0.975904,0.927273,0.969521,0.957143,0.975684,1,0.919481,0.998596,0.992958,0.848739,0.94026,1,1,0.971125,0.915152,0.971125,0.927083,0.975684,0.919481,0.927083,0.945,0.975684,1,0.971125,0.929688,0.927273,0.848739,0.971125
JU1420_longest_prot_g1058.t1,0.932468,1,0.890819,0.957816,0.937662,0.94026,0.94026,0.932468,0.940874,0.92987,0.932468,0.935065,0.965261,0.932468,0.932468,0.937662,0.935065,0.937662,0.957606,0.94026,0.940874,0.98005,0.925,0.94026,0.932468,0.937662,0.982544,0.957816,0.935065,0.937662
NIC1052_longest_prot_g9560.t1,0.975904,0.890819,1,0.890819,0.980723,0.977887,0.983133,0.975904,0.910026,0.973494,0.978313,0.959036,0.903226,0.975904,0.975904,0.980723,0.971084,0.980723,0.892768,0.983133,0.910026,0.892768,0.93,0.983133,0.975904,0.980723,0.895262,0.890819,0.959036,0.980723
VX153_longest_prot_g7550.t1,0.927273,0.957816,0.890819,1,0.937662,0.94026,0.94026,0.927273,0.958869,0.924675,0.927273,0.935065,0.98263,0.927273,0.927273,0.937662,0.935065,0.937662,1,0.94026,0.958869,0.955112,0.935,0.94026,0.927273,0.937662,0.957606,1,0.935065,0.937662
NIC1529_longest_prot_g4395.t1,0.969521,0.937662,0.980723,0.937662,1,0.969048,0.995441,0.969521,0.92987,0.96807,0.970888,0.859244,0.950649,0.969521,0.969521,0.990881,0.929556,0.990881,0.9375,0.995441,0.92987,0.9375,0.94,0.995441,0.969521,0.990881,0.940104,0.937662,0.859244,0.990881
JU3207_longest_prot_g4122.t1,0.957143,0.94026,0.977887,0.94026,0.969048,1,0.971429,0.957143,0.932468,0.954762,0.957143,0.964286,0.953247,0.957143,0.957143,0.969048,0.961905,0.969048,0.940104,0.971429,0.932468,0.940104,0.945,0.971429,0.957143,0.969048,0.942708,0.94026,0.964286,0.969048
ECA1657_longest_prot_g10404.t1,0.975684,0.94026,0.983133,0.94026,0.995441,0.971429,1,0.975684,0.932468,0.974164,0.977134,0.861345,0.953247,0.975684,0.975684,0.995441,0.927885,0.995441,0.940104,1,0.932468,0.940104,0.945,1,0.975684,0.995441,0.942708,0.94026,0.861345,0.995441
EG6271_longest_prot_g7047.t1,1,0.932468,0.975904,0.927273,0.969521,0.957143,0.975684,1,0.919481,0.998596,0.992958,0.848739,0.94026,1,1,0.971125,0.915152,0.971125,0.927083,0.975684,0.919481,0.927083,0.945,0.975684,1,0.971125,0.929688,0.927273,0.848739,0.971125
ECA2857_longest_prot_g27511.t1,0.919481,0.940874,0.910026,0.958869,0.92987,0.932468,0.932468,0.919481,1,0.916883,0.919481,0.927273,0.971722,0.919481,0.919481,0.92987,0.927273,0.92987,0.958763,0.932468,1,0.951031,1,0.932468,0.919481,0.92987,0.948454,0.958869,0.927273,0.92987
QX1410_longest_prot_transcript_QX1410.26516.1,0.998596,0.92987,0.973494,0.924675,0.96807,0.954762,0.974164,0.998596,0.916883,1,0.991549,0.846639,0.937662,0.998596,0.998596,0.969605,0.913636,0.969605,0.924479,0.974164,0.916883,0.924479,0.945,0.974164,0.998596,0.969605,0.927083,0.924675,0.846639,0.969605
JU4058_longest_prot_g5936.t1,0.992958,0.932468,0.978313,0.927273,0.970888,0.957143,0.977134,0.992958,0.919481,0.991549,1,0.852321,0.94026,0.992958,0.992958,0.972561,0.916413,0.972561,0.927083,0.977134,0.919481,0.927083,0.94,0.977134,0.992958,0.972561,0.929688,0.927273,0.852321,0.972561
QG2665_longest_prot_g7320.t1,0.848739,0.935065,0.959036,0.935065,0.859244,0.964286,0.861345,0.848739,0.927273,0.846639,0.852321,1,0.948052,0.848739,0.848739,0.861345,0.858351,0.861345,0.934896,0.861345,0.927273,0.934896,0.94,0.861345,0.848739,0.861345,0.9375,0.935065,1,0.861345
JU1419_longest_prot_g16194.t1,0.94026,0.965261,0.903226,0.98263,0.950649,0.953247,0.953247,0.94026,0.971722,0.937662,0.94026,0.948052,1,0.94026,0.94026,0.950649,0.948052,0.950649,0.982544,0.953247,0.971722,0.962594,0.96,0.953247,0.94026,0.950649,0.965087,0.98263,0.948052,0.950649
QG791_longest_prot_g8101.t1,1,0.932468,0.975904,0.927273,0.969521,0.957143,0.975684,1,0.919481,0.998596,0.992958,0.848739,0.94026,1,1,0.971125,0.915152,0.971125,0.927083,0.975684,0.919481,0.927083,0.945,0.975684,1,0.971125,0.929688,0.927273,0.848739,0.971125
QG2964_longest_prot_g3103.t1,1,0.932468,0.975904,0.927273,0.969521,0.957143,0.975684,1,0.919481,0.998596,0.992958,0.848739,0.94026,1,1,0.971125,0.915152,0.971125,0.927083,0.975684,0.919481,0.927083,0.945,0.975684,1,0.971125,0.929688,0.927273,0.848739,0.971125
QG2902_longest_prot_g2395.t1,0.971125,0.937662,0.980723,0.937662,0.990881,0.969048,0.995441,0.971125,0.92987,0.969605,0.972561,0.861345,0.950649,0.971125,0.971125,1,0.924679,1,0.9375,0.995441,0.92987,0.9375,0.945,0.995441,0.971125,1,0.940104,0.937662,0.861345,1
JU3237_longest_prot_g5833.t1,0.915152,0.935065,0.971084,0.935065,0.929556,0.961905,0.927885,0.915152,0.927273,0.913636,0.916413,0.858351,0.948052,0.915152,0.915152,0.924679,1,0.924679,0.934896,0.927885,0.927273,0.934896,0.945,0.927885,0.915152,0.924679,0.9375,0.935065,0.858351,0.924679
ECA1174_longest_prot_g11201.t1,0.971125,0.937662,0.980723,0.937662,0.990881,0.969048,0.995441,0.971125,0.92987,0.969605,0.972561,0.861345,0.950649,0.971125,0.971125,1,0.924679,1,0.9375,0.995441,0.92987,0.9375,0.945,0.995441,0.971125,1,0.940104,0.937662,0.861345,1
EG5268_longest_prot_g23441.t1,0.927083,0.957606,0.892768,1,0.9375,0.940104,0.940104,0.927083,0.958763,0.924479,0.927083,0.934896,0.982544,0.927083,0.927083,0.9375,0.934896,0.9375,1,0.940104,0.958763,0.955112,0.935,0.940104,0.927083,0.9375,0.957606,1,0.934896,0.9375
PE887_longest_prot_g11706.t1,0.975684,0.94026,0.983133,0.94026,0.995441,0.971429,1,0.975684,0.932468,0.974164,0.977134,0.861345,0.953247,0.975684,0.975684,0.995441,0.927885,0.995441,0.940104,1,0.932468,0.940104,0.945,1,0.975684,0.995441,0.942708,0.94026,0.861345,0.995441
JU2484_longest_prot_g22303.t1,0.919481,0.940874,0.910026,0.958869,0.92987,0.932468,0.932468,0.919481,1,0.916883,0.919481,0.927273,0.971722,0.919481,0.919481,0.92987,0.927273,0.92987,0.958763,0.932468,1,0.951031,1,0.932468,0.919481,0.92987,0.948454,0.958869,0.927273,0.92987
JU1422_longest_prot_g11745.t1,0.927083,0.98005,0.892768,0.955112,0.9375,0.940104,0.940104,0.927083,0.951031,0.924479,0.927083,0.934896,0.962594,0.927083,0.927083,0.9375,0.934896,0.9375,0.955112,0.940104,0.951031,1,0.925,0.940104,0.927083,0.9375,0.997506,0.955112,0.934896,0.9375
ECA2852_longest_prot_g28109.t1,0.945,0.925,0.93,0.935,0.94,0.945,0.945,0.945,1,0.945,0.94,0.94,0.96,0.945,0.945,0.945,0.945,0.945,0.935,0.945,1,0.925,1,0.945,0.945,0.945,0.925,0.935,0.94,0.945
QX1796_longest_prot_g17521.t1,0.975684,0.94026,0.983133,0.94026,0.995441,0.971429,1,0.975684,0.932468,0.974164,0.977134,0.861345,0.953247,0.975684,0.975684,0.995441,0.927885,0.995441,0.940104,1,0.932468,0.940104,0.945,1,0.975684,0.995441,0.942708,0.94026,0.861345,0.995441
QG1005_longest_prot_g16454.t1,1,0.932468,0.975904,0.927273,0.969521,0.957143,0.975684,1,0.919481,0.998596,0.992958,0.848739,0.94026,1,1,0.971125,0.915152,0.971125,0.927083,0.975684,0.919481,0.927083,0.945,0.975684,1,0.971125,0.929688,0.927273,0.848739,0.971125
NIC248_longest_prot_g17055.t1,0.971125,0.937662,0.980723,0.937662,0.990881,0.969048,0.995441,0.971125,0.92987,0.969605,0.972561,0.861345,0.950649,0.971125,0.971125,1,0.924679,1,0.9375,0.995441,0.92987,0.9375,0.945,0.995441,0.971125,1,0.940104,0.937662,0.861345,1
NIC2143_longest_prot_g24648.t1,0.929688,0.982544,0.895262,0.957606,0.940104,0.942708,0.942708,0.929688,0.948454,0.927083,0.929688,0.9375,0.965087,0.929688,0.929688,0.940104,0.9375,0.940104,0.957606,0.942708,0.948454,0.997506,0.925,0.942708,0.929688,0.940104,1,0.957606,0.9375,0.940104
VX151_longest_prot_g12976.t1,0.927273,0.957816,0.890819,1,0.937662,0.94026,0.94026,0.927273,0.958869,0.924675,0.927273,0.935065,0.98263,0.927273,0.927273,0.937662,0.935065,0.937662,1,0.94026,0.958869,0.955112,0.935,0.94026,0.927273,0.937662,0.957606,1,0.935065,0.937662
QG2641_longest_prot_g3635.t1,0.848739,0.935065,0.959036,0.935065,0.859244,0.964286,0.861345,0.848739,0.927273,0.846639,0.852321,1,0.948052,0.848739,0.848739,0.861345,0.858351,0.861345,0.934896,0.861345,0.927273,0.934896,0.94,0.861345,0.848739,0.861345,0.9375,0.935065,1,0.861345
ECA176_longest_prot_g16068.t1,0.971125,0.937662,0.980723,0.937662,0.990881,0.969048,0.995441,0.971125,0.92987,0.969605,0.972561,0.861345,0.950649,0.971125,0.971125,1,0.924679,1,0.9375,0.995441,0.92987,0.9375,0.945,0.995441,0.971125,1,0.940104,0.937662,0.861345,1
