,QG791_longest_prot_g337.t2,NIC2143_longest_prot_g29636.t1,JU4058_longest_prot_g21326.t1,JU1419_longest_prot_g25372.t1,NIC2150_longest_prot_g13789.t1,QX1410_longest_prot_transcript_QX1410.27141.1
QG791_longest_prot_g337.t2,1,0.989761,0.989761,0.993174,0.892086,0.989761
NIC2143_longest_prot_g29636.t1,0.989761,1,0.993197,0.989761,0.896797,0.993197
JU4058_longest_prot_g21326.t1,0.989761,0.993197,1,0.989761,0.896057,1
JU1419_longest_prot_g25372.t1,0.993174,0.989761,0.989761,1,0.892086,0.989761
NIC2150_longest_prot_g13789.t1,0.892086,0.896797,0.896057,0.892086,1,0.896057
QX1410_longest_prot_transcript_QX1410.27141.1,0.989761,0.993197,1,0.989761,0.896057,1
