AF16	0.999870	0.000010	0.000010	0.000010	0.000010	0.000010	0.000010	0.000010	0.000010	0.000010	0.000010	0.000010	0.000010	0.000010	LD_0.9_14_1230
BRC20069	0.931502	0.000010	0.000010	0.000010	0.000010	0.000010	0.000010	0.068378	0.000010	0.000010	0.000010	0.000010	0.000010	0.000010	LD_0.9_14_1230
BRC20073	0.999861	0.000010	0.000019	0.000010	0.000010	0.000010	0.000010	0.000010	0.000010	0.000010	0.000010	0.000010	0.000010	0.000010	LD_0.9_14_1230
BRC20075	0.000010	0.000010	0.000010	0.000010	0.000010	0.000010	0.000010	0.000010	0.000010	0.000010	0.000010	0.999870	0.000010	0.000010	LD_0.9_14_1230
BRC20077	0.897364	0.000010	0.000010	0.000010	0.000010	0.000010	0.000010	0.102515	0.000010	0.000010	0.000010	0.000010	0.000010	0.000010	LD_0.9_14_1230
BRC20081	0.000010	0.000010	0.000010	0.000010	0.000010	0.084701	0.000010	0.000010	0.000010	0.915179	0.000010	0.000010	0.000010	0.000010	LD_0.9_14_1230
BRC20085	0.528354	0.106253	0.000010	0.000010	0.000010	0.000010	0.000010	0.000010	0.362313	0.000010	0.000010	0.000010	0.000010	0.002980	LD_0.9_14_1230
BRC20088	0.000010	0.000010	0.000010	0.000010	0.000010	0.000010	0.000019	0.000010	0.000010	0.999861	0.000010	0.000010	0.000010	0.000010	LD_0.9_14_1230
BRC20089	0.999870	0.000010	0.000010	0.000010	0.000010	0.000010	0.000010	0.000010	0.000010	0.000010	0.000010	0.000010	0.000010	0.000010	LD_0.9_14_1230
BRC20090	0.931033	0.000010	0.000010	0.000010	0.000010	0.000010	0.000010	0.000010	0.068846	0.000011	0.000010	0.000010	0.000010	0.000010	LD_0.9_14_1230
BRC20092	0.497777	0.173922	0.000010	0.000013	0.000010	0.000010	0.000010	0.000010	0.328187	0.000010	0.000010	0.000010	0.000010	0.000010	LD_0.9_14_1230
BRC20093	0.999870	0.000010	0.000010	0.000010	0.000010	0.000010	0.000010	0.000010	0.000010	0.000010	0.000010	0.000010	0.000010	0.000010	LD_0.9_14_1230
BRC20094	0.479711	0.189231	0.000010	0.000010	0.000010	0.000010	0.000010	0.000010	0.330948	0.000010	0.000010	0.000010	0.000010	0.000010	LD_0.9_14_1230
BRC20095	0.999870	0.000010	0.000010	0.000010	0.000010	0.000010	0.000010	0.000010	0.000010	0.000010	0.000010	0.000010	0.000010	0.000010	LD_0.9_14_1230
BRC20096	0.999870	0.000010	0.000010	0.000010	0.000010	0.000010	0.000010	0.000010	0.000010	0.000010	0.000010	0.000010	0.000010	0.000010	LD_0.9_14_1230
BRC20098	0.999870	0.000010	0.000010	0.000010	0.000010	0.000010	0.000010	0.000010	0.000010	0.000010	0.000010	0.000010	0.000010	0.000010	LD_0.9_14_1230
BRC20099	0.983106	0.000010	0.000010	0.000010	0.016774	0.000010	0.000010	0.000010	0.000010	0.000010	0.000010	0.000010	0.000010	0.000010	LD_0.9_14_1230
BRC20100	0.999858	0.000010	0.000016	0.000010	0.000010	0.000010	0.000010	0.000010	0.000016	0.000010	0.000010	0.000010	0.000010	0.000010	LD_0.9_14_1230
BRC20102	0.999859	0.000010	0.000010	0.000010	0.000010	0.000010	0.000010	0.000013	0.000010	0.000018	0.000010	0.000010	0.000010	0.000010	LD_0.9_14_1230
BRC20103	0.999868	0.000010	0.000012	0.000010	0.000010	0.000010	0.000010	0.000010	0.000010	0.000010	0.000010	0.000010	0.000010	0.000010	LD_0.9_14_1230
BRC20105	0.457592	0.144272	0.000010	0.000010	0.000010	0.000010	0.000010	0.000010	0.398026	0.000010	0.000010	0.000010	0.000010	0.000010	LD_0.9_14_1230
BRC20107	0.452647	0.161157	0.000010	0.000010	0.000010	0.000010	0.000010	0.000010	0.366464	0.000010	0.000010	0.000010	0.000010	0.019631	LD_0.9_14_1230
BRC20115	0.000010	0.000010	0.000010	0.000010	0.000010	0.000010	0.000010	0.000010	0.000010	0.000010	0.000010	0.000010	0.999870	0.000010	LD_0.9_14_1230
BRC20119	0.000010	0.000010	0.000010	0.000010	0.000010	0.000010	0.000010	0.999870	0.000010	0.000010	0.000010	0.000010	0.000010	0.000010	LD_0.9_14_1230
BRC20228	0.999870	0.000010	0.000010	0.000010	0.000010	0.000010	0.000010	0.000010	0.000010	0.000010	0.000010	0.000010	0.000010	0.000010	LD_0.9_14_1230
BRC20229	0.000011	0.000010	0.000010	0.000010	0.000010	0.000010	0.000010	0.000010	0.000010	0.000010	0.000010	0.999869	0.000010	0.000010	LD_0.9_14_1230
BRC20230	0.000010	0.000010	0.000010	0.000010	0.000010	0.000010	0.000013	0.000010	0.000010	0.999866	0.000010	0.000010	0.000010	0.000010	LD_0.9_14_1230
BRC20232	0.000010	0.000010	0.000010	0.000010	0.000010	0.000010	0.000010	0.000010	0.000010	0.000010	0.000010	0.999870	0.000010	0.000010	LD_0.9_14_1230
BRC20238	0.000018	0.000011	0.000010	0.000010	0.000010	0.000010	0.000010	0.000010	0.000010	0.999857	0.000010	0.000014	0.000010	0.000010	LD_0.9_14_1230
BRC20239	0.000010	0.000010	0.000010	0.000010	0.000010	0.000010	0.000010	0.000010	0.000010	0.000010	0.000010	0.999870	0.000010	0.000010	LD_0.9_14_1230
BRC20241	0.890593	0.000010	0.000011	0.000010	0.000010	0.000010	0.000010	0.109285	0.000010	0.000010	0.000010	0.000010	0.000010	0.000010	LD_0.9_14_1230
BRC20242	0.999870	0.000010	0.000010	0.000010	0.000010	0.000010	0.000010	0.000010	0.000010	0.000010	0.000010	0.000010	0.000010	0.000010	LD_0.9_14_1230
BRC20244	0.000010	0.000012	0.000010	0.000010	0.000010	0.000010	0.000016	0.000010	0.000010	0.999861	0.000010	0.000011	0.000010	0.000010	LD_0.9_14_1230
BRC20246	0.000010	0.000016	0.000013	0.000013	0.000010	0.000010	0.000010	0.000010	0.000010	0.999853	0.000010	0.000015	0.000010	0.000010	LD_0.9_14_1230
BRC20257	0.000011	0.000010	0.033815	0.000010	0.000010	0.000014	0.000010	0.733141	0.232925	0.000014	0.000010	0.000010	0.000010	0.000010	LD_0.9_14_1230
BRC20260	0.999870	0.000010	0.000010	0.000010	0.000010	0.000010	0.000010	0.000010	0.000010	0.000010	0.000010	0.000010	0.000010	0.000010	LD_0.9_14_1230
BRC20270	0.000010	0.000010	0.000015	0.000010	0.000010	0.999865	0.000010	0.000010	0.000010	0.000010	0.000010	0.000010	0.000010	0.000010	LD_0.9_14_1230
BRC20272	0.000010	0.000010	0.000010	0.000010	0.000010	0.999870	0.000010	0.000010	0.000010	0.000010	0.000010	0.000010	0.000010	0.000010	LD_0.9_14_1230
BRC20289	0.000011	0.000010	0.000010	0.000010	0.000010	0.841511	0.000010	0.000010	0.000010	0.158367	0.000010	0.000010	0.000010	0.000010	LD_0.9_14_1230
BRC20290	0.000010	0.000010	0.000010	0.000010	0.000010	0.829017	0.000010	0.000010	0.000010	0.170863	0.000010	0.000010	0.000010	0.000010	LD_0.9_14_1230
BRC20294	0.996001	0.000010	0.000010	0.000010	0.000010	0.000010	0.000010	0.000010	0.003879	0.000010	0.000010	0.000010	0.000010	0.000010	LD_0.9_14_1230
BRC20308	0.000010	0.000010	0.000010	0.000010	0.000010	0.999870	0.000010	0.000010	0.000010	0.000010	0.000010	0.000010	0.000010	0.000010	LD_0.9_14_1230
BRC20309	0.000010	0.000010	0.000010	0.000010	0.000010	0.999868	0.000010	0.000010	0.000010	0.000012	0.000010	0.000010	0.000010	0.000010	LD_0.9_14_1230
BRC20311	0.000010	0.000010	0.000010	0.000010	0.000010	0.999870	0.000010	0.000010	0.000010	0.000010	0.000010	0.000010	0.000010	0.000010	LD_0.9_14_1230
BRC20312	0.000010	0.000010	0.000010	0.000010	0.000010	0.999870	0.000010	0.000010	0.000010	0.000010	0.000010	0.000010	0.000010	0.000010	LD_0.9_14_1230
BRC20315	0.000010	0.000010	0.000010	0.000010	0.000010	0.999870	0.000010	0.000010	0.000010	0.000010	0.000010	0.000010	0.000010	0.000010	LD_0.9_14_1230
BRC20320	0.000010	0.000010	0.000010	0.000010	0.000010	0.999867	0.000010	0.000012	0.000010	0.000011	0.000010	0.000010	0.000010	0.000010	LD_0.9_14_1230
BRC20324	0.358181	0.000010	0.000010	0.000010	0.000010	0.000010	0.000010	0.000010	0.000010	0.000010	0.000010	0.641699	0.000010	0.000010	LD_0.9_14_1230
BRC20331	0.000010	0.000012	0.000010	0.000010	0.000010	0.999864	0.000010	0.000013	0.000010	0.000010	0.000010	0.000010	0.000010	0.000010	LD_0.9_14_1230
BRC20333	0.000010	0.000010	0.000010	0.000010	0.000010	0.250391	0.000010	0.000010	0.000010	0.749489	0.000010	0.000010	0.000010	0.000010	LD_0.9_14_1230
BRC20334	0.000010	0.000010	0.000010	0.000010	0.000010	0.999870	0.000010	0.000010	0.000010	0.000010	0.000010	0.000010	0.000010	0.000010	LD_0.9_14_1230
BRC20339	0.000010	0.000010	0.000010	0.000010	0.000010	0.999870	0.000010	0.000010	0.000010	0.000010	0.000010	0.000010	0.000010	0.000010	LD_0.9_14_1230
BRC20341	0.000010	0.000010	0.000010	0.000010	0.000010	0.125391	0.000010	0.000010	0.000010	0.874489	0.000010	0.000010	0.000010	0.000010	LD_0.9_14_1230
BRC20343	0.000010	0.000010	0.000010	0.000010	0.000010	0.000010	0.000010	0.000013	0.000010	0.000010	0.000010	0.999867	0.000010	0.000010	LD_0.9_14_1230
BRC20346	0.000010	0.000010	0.000010	0.000010	0.000010	0.999870	0.000010	0.000010	0.000010	0.000010	0.000010	0.000010	0.000010	0.000010	LD_0.9_14_1230
BRC20347	0.000010	0.000010	0.000010	0.000010	0.000010	0.000010	0.000010	0.000010	0.000010	0.000010	0.000010	0.999870	0.000010	0.000010	LD_0.9_14_1230
BRC20348	0.000010	0.000010	0.000010	0.000010	0.000010	0.666098	0.000010	0.000010	0.000010	0.333782	0.000010	0.000010	0.000010	0.000010	LD_0.9_14_1230
BRC20353	0.000010	0.999870	0.000010	0.000010	0.000010	0.000010	0.000010	0.000010	0.000010	0.000010	0.000010	0.000010	0.000010	0.000010	LD_0.9_14_1230
BRC20360	0.000010	0.999869	0.000010	0.000010	0.000010	0.000010	0.000010	0.000011	0.000010	0.000010	0.000010	0.000010	0.000010	0.000010	LD_0.9_14_1230
BRC20361	0.000010	0.999865	0.000010	0.000010	0.000010	0.000010	0.000010	0.000010	0.000010	0.000010	0.000010	0.000015	0.000010	0.000010	LD_0.9_14_1230
BRC20362	0.000010	0.999870	0.000010	0.000010	0.000010	0.000010	0.000010	0.000010	0.000010	0.000010	0.000010	0.000010	0.000010	0.000010	LD_0.9_14_1230
BRC20366	0.000010	0.000010	0.000010	0.000010	0.000010	0.999870	0.000010	0.000010	0.000010	0.000010	0.000010	0.000010	0.000010	0.000010	LD_0.9_14_1230
BRC20367	0.000010	0.000018	0.000012	0.000010	0.000010	0.125852	0.000010	0.000010	0.000010	0.874018	0.000010	0.000010	0.000010	0.000010	LD_0.9_14_1230
BRC20369	0.999869	0.000010	0.000010	0.000010	0.000010	0.000010	0.000010	0.000010	0.000010	0.000010	0.000011	0.000010	0.000010	0.000010	LD_0.9_14_1230
BRC20370	0.000010	0.000010	0.000010	0.000010	0.000010	0.999870	0.000010	0.000010	0.000010	0.000010	0.000010	0.000010	0.000010	0.000010	LD_0.9_14_1230
BRC20388	0.000010	0.000010	0.000010	0.000010	0.000010	0.000010	0.000010	0.000010	0.000013	0.000010	0.999867	0.000010	0.000010	0.000010	LD_0.9_14_1230
BRC20390	0.000010	0.000010	0.000012	0.000011	0.000010	0.000010	0.000010	0.000010	0.000010	0.999867	0.000010	0.000010	0.000010	0.000010	LD_0.9_14_1230
BRC20401	0.999870	0.000010	0.000010	0.000010	0.000010	0.000010	0.000010	0.000010	0.000010	0.000010	0.000010	0.000010	0.000010	0.000010	LD_0.9_14_1230
BRC20463	0.000010	0.000010	0.000019	0.000010	0.000010	0.504132	0.000010	0.000011	0.000010	0.495729	0.000011	0.000018	0.000010	0.000010	LD_0.9_14_1230
BRC20492	0.000010	0.000010	0.000010	0.000010	0.000010	0.000010	0.000010	0.000010	0.000010	0.000010	0.000010	0.000010	0.999870	0.000010	LD_0.9_14_1230
BRC20498	0.999870	0.000010	0.000010	0.000010	0.000010	0.000010	0.000010	0.000010	0.000010	0.000010	0.000010	0.000010	0.000010	0.000010	LD_0.9_14_1230
BRC20499	0.000010	0.000010	0.000010	0.000010	0.000010	0.690566	0.000010	0.000010	0.000010	0.309314	0.000010	0.000010	0.000010	0.000010	LD_0.9_14_1230
BRC20501	0.000010	0.000010	0.000019	0.000010	0.000010	0.946404	0.000010	0.000010	0.000010	0.053467	0.000010	0.000010	0.000010	0.000010	LD_0.9_14_1230
BRC20502	0.000010	0.000010	0.000010	0.000010	0.000010	0.000010	0.000010	0.000010	0.000010	0.000010	0.000010	0.000010	0.999870	0.000010	LD_0.9_14_1230
BRC20503	0.000010	0.000010	0.000010	0.000010	0.000010	0.000010	0.000010	0.000010	0.000010	0.000010	0.000010	0.000010	0.999870	0.000010	LD_0.9_14_1230
BRC20519	0.000010	0.000010	0.000010	0.000010	0.000010	0.000010	0.000017	0.000010	0.000010	0.000010	0.000010	0.000010	0.999863	0.000010	LD_0.9_14_1230
BRC20520	0.000010	0.000010	0.000010	0.000010	0.000010	0.000010	0.000010	0.000010	0.000010	0.000010	0.000010	0.000010	0.999870	0.000010	LD_0.9_14_1230
BRC20522	0.000010	0.000010	0.000010	0.000010	0.000010	0.000010	0.000010	0.000011	0.000010	0.000010	0.000010	0.999869	0.000010	0.000010	LD_0.9_14_1230
BRC20524	0.000010	0.000010	0.000010	0.000010	0.000010	0.000010	0.000010	0.000010	0.000010	0.000010	0.000010	0.999870	0.000010	0.000010	LD_0.9_14_1230
BRC20529	0.000010	0.000010	0.000020	0.000010	0.000010	0.000010	0.000010	0.000010	0.000010	0.999856	0.000010	0.000015	0.000010	0.000010	LD_0.9_14_1230
BRC20530	0.000010	0.000010	0.000010	0.000010	0.000010	0.000010	0.000010	0.000010	0.000010	0.000010	0.000010	0.999870	0.000010	0.000010	LD_0.9_14_1230
BRC20531	0.000012	0.000010	0.000010	0.000010	0.000010	0.000010	0.000010	0.000010	0.000010	0.000010	0.000010	0.999868	0.000010	0.000010	LD_0.9_14_1230
BRC20532	0.000010	0.000010	0.000010	0.000010	0.000010	0.000010	0.000010	0.000010	0.000010	0.999870	0.000010	0.000010	0.000010	0.000010	LD_0.9_14_1230
BRC20533	0.000010	0.000010	0.000010	0.000010	0.000010	0.926178	0.000010	0.000010	0.000010	0.073702	0.000010	0.000010	0.000010	0.000010	LD_0.9_14_1230
BRC20534	0.000010	0.000010	0.000010	0.000010	0.000010	0.999866	0.000011	0.000013	0.000010	0.000010	0.000010	0.000010	0.000010	0.000010	LD_0.9_14_1230
BRC20535	0.000010	0.000011	0.000010	0.000010	0.000010	0.999863	0.000010	0.000010	0.000010	0.000010	0.000010	0.000016	0.000010	0.000010	LD_0.9_14_1230
BRC20536	0.000010	0.000010	0.000010	0.000010	0.000010	0.999870	0.000010	0.000010	0.000010	0.000010	0.000010	0.000010	0.000010	0.000010	LD_0.9_14_1230
BRC20537	0.000010	0.000010	0.000010	0.000010	0.000010	0.000010	0.000010	0.000010	0.000010	0.999870	0.000010	0.000010	0.000010	0.000010	LD_0.9_14_1230
BRC20541	0.000010	0.000010	0.000010	0.000010	0.000010	0.000010	0.000010	0.000010	0.000010	0.000010	0.000010	0.000010	0.999870	0.000010	LD_0.9_14_1230
BRC20543	0.000010	0.000010	0.000010	0.000010	0.000012	0.000010	0.000010	0.000010	0.000010	0.999867	0.000012	0.000010	0.000010	0.000010	LD_0.9_14_1230
BRC20544	0.000010	0.000010	0.000010	0.000010	0.000010	0.999870	0.000010	0.000010	0.000010	0.000010	0.000010	0.000010	0.000010	0.000010	LD_0.9_14_1230
BRC20545	0.000010	0.000010	0.000010	0.000010	0.000010	0.834618	0.000010	0.000010	0.000010	0.165260	0.000010	0.000013	0.000010	0.000010	LD_0.9_14_1230
BRC20556	0.999870	0.000010	0.000010	0.000010	0.000010	0.000010	0.000010	0.000010	0.000010	0.000010	0.000010	0.000010	0.000010	0.000010	LD_0.9_14_1230
BRC20557	0.000010	0.000010	0.000010	0.000010	0.000016	0.000010	0.000010	0.000010	0.000010	0.999862	0.000010	0.000012	0.000010	0.000010	LD_0.9_14_1230
BRC20565	0.999870	0.000010	0.000010	0.000010	0.000010	0.000010	0.000010	0.000010	0.000010	0.000010	0.000010	0.000010	0.000010	0.000010	LD_0.9_14_1230
BRC20571	0.846139	0.000010	0.000010	0.000010	0.000010	0.000010	0.000010	0.153741	0.000010	0.000010	0.000010	0.000010	0.000010	0.000010	LD_0.9_14_1230
BRC20574	0.999870	0.000010	0.000010	0.000010	0.000010	0.000010	0.000010	0.000010	0.000010	0.000010	0.000010	0.000010	0.000010	0.000010	LD_0.9_14_1230
BW287	0.000010	0.000010	0.000010	0.000010	0.000010	0.000010	0.000010	0.000010	0.000010	0.000010	0.999870	0.000010	0.000010	0.000010	LD_0.9_14_1230
DF5100	0.891604	0.000010	0.000010	0.000010	0.000010	0.000010	0.000010	0.000010	0.000010	0.000010	0.000010	0.000010	0.000010	0.108276	LD_0.9_14_1230
ECA1129	0.999870	0.000010	0.000010	0.000010	0.000010	0.000010	0.000010	0.000010	0.000010	0.000010	0.000010	0.000010	0.000010	0.000010	LD_0.9_14_1230
ECA1143	0.707081	0.000010	0.000010	0.000010	0.000010	0.000010	0.000010	0.000010	0.000010	0.000010	0.000010	0.000010	0.000010	0.292799	LD_0.9_14_1230
ECA1147	0.999870	0.000010	0.000010	0.000010	0.000010	0.000010	0.000010	0.000010	0.000010	0.000010	0.000010	0.000010	0.000010	0.000010	LD_0.9_14_1230
ECA1149	0.957742	0.000010	0.000010	0.000010	0.000010	0.042138	0.000010	0.000010	0.000010	0.000010	0.000010	0.000010	0.000010	0.000010	LD_0.9_14_1230
ECA1160	0.999870	0.000010	0.000010	0.000010	0.000010	0.000010	0.000010	0.000010	0.000010	0.000010	0.000010	0.000010	0.000010	0.000010	LD_0.9_14_1230
ECA1164	0.999870	0.000010	0.000010	0.000010	0.000010	0.000010	0.000010	0.000010	0.000010	0.000010	0.000010	0.000010	0.000010	0.000010	LD_0.9_14_1230
ECA1170	0.000010	0.000010	0.000010	0.000010	0.000010	0.000010	0.000010	0.000010	0.000010	0.999870	0.000010	0.000010	0.000010	0.000010	LD_0.9_14_1230
ECA1174	0.999870	0.000010	0.000010	0.000010	0.000010	0.000010	0.000010	0.000010	0.000010	0.000010	0.000010	0.000010	0.000010	0.000010	LD_0.9_14_1230
ECA1383	0.000010	0.000010	0.000014	0.000010	0.000010	0.568616	0.000010	0.000010	0.000010	0.431253	0.000010	0.000017	0.000010	0.000010	LD_0.9_14_1230
ECA1411	0.999870	0.000010	0.000010	0.000010	0.000010	0.000010	0.000010	0.000010	0.000010	0.000010	0.000010	0.000010	0.000010	0.000010	LD_0.9_14_1230
ECA1423	0.976494	0.000010	0.000010	0.000010	0.000010	0.000010	0.000010	0.000010	0.000010	0.000010	0.000010	0.000010	0.000010	0.023386	LD_0.9_14_1230
ECA1429	0.999870	0.000010	0.000010	0.000010	0.000010	0.000010	0.000010	0.000010	0.000010	0.000010	0.000010	0.000010	0.000010	0.000010	LD_0.9_14_1230
ECA1431	0.999870	0.000010	0.000010	0.000010	0.000010	0.000010	0.000010	0.000010	0.000010	0.000010	0.000010	0.000010	0.000010	0.000010	LD_0.9_14_1230
ECA1437	0.999870	0.000010	0.000010	0.000010	0.000010	0.000010	0.000010	0.000010	0.000010	0.000010	0.000010	0.000010	0.000010	0.000010	LD_0.9_14_1230
ECA1439	0.884925	0.000010	0.000010	0.000010	0.000010	0.000010	0.000010	0.000010	0.000010	0.000010	0.000010	0.000010	0.000010	0.114955	LD_0.9_14_1230
ECA1443	0.059387	0.000010	0.000010	0.000010	0.000010	0.166879	0.000011	0.000010	0.000010	0.773624	0.000010	0.000010	0.000010	0.000010	LD_0.9_14_1230
ECA1471	0.999870	0.000010	0.000010	0.000010	0.000010	0.000010	0.000010	0.000010	0.000010	0.000010	0.000010	0.000010	0.000010	0.000010	LD_0.9_14_1230
ECA1489	0.614817	0.000010	0.016308	0.000010	0.000010	0.000010	0.000010	0.022152	0.000010	0.000010	0.000010	0.000010	0.000010	0.346624	LD_0.9_14_1230
ECA1507	0.999870	0.000010	0.000010	0.000010	0.000010	0.000010	0.000010	0.000010	0.000010	0.000010	0.000010	0.000010	0.000010	0.000010	LD_0.9_14_1230
ECA1509	0.999870	0.000010	0.000010	0.000010	0.000010	0.000010	0.000010	0.000010	0.000010	0.000010	0.000010	0.000010	0.000010	0.000010	LD_0.9_14_1230
ECA1517	0.940106	0.000010	0.000010	0.000010	0.012824	0.000010	0.000010	0.000010	0.000010	0.000010	0.000010	0.000010	0.000010	0.046959	LD_0.9_14_1230
ECA1521	0.999860	0.000019	0.000010	0.000010	0.000010	0.000011	0.000010	0.000010	0.000010	0.000010	0.000010	0.000010	0.000010	0.000010	LD_0.9_14_1230
ECA1555	0.999870	0.000010	0.000010	0.000010	0.000010	0.000010	0.000010	0.000010	0.000010	0.000010	0.000010	0.000010	0.000010	0.000010	LD_0.9_14_1230
ECA1559	0.000010	0.000010	0.000010	0.000012	0.000010	0.000010	0.000010	0.000011	0.000010	0.999866	0.000011	0.000010	0.000010	0.000010	LD_0.9_14_1230
ECA1563	0.999870	0.000010	0.000010	0.000010	0.000010	0.000010	0.000010	0.000010	0.000010	0.000010	0.000010	0.000010	0.000010	0.000010	LD_0.9_14_1230
ECA1571	0.649703	0.000010	0.000010	0.000010	0.000010	0.000010	0.000010	0.000010	0.000010	0.000010	0.000010	0.000010	0.000010	0.350177	LD_0.9_14_1230
ECA1587	0.999869	0.000011	0.000010	0.000010	0.000010	0.000010	0.000010	0.000010	0.000010	0.000010	0.000010	0.000010	0.000010	0.000010	LD_0.9_14_1230
ECA1605	0.000593	0.000010	0.007177	0.000010	0.000010	0.000012	0.000010	0.000010	0.000010	0.889234	0.000010	0.000010	0.000010	0.102893	LD_0.9_14_1230
ECA1609	0.999859	0.000010	0.000010	0.000010	0.000017	0.000010	0.000014	0.000010	0.000010	0.000010	0.000010	0.000010	0.000010	0.000010	LD_0.9_14_1230
ECA161	0.999870	0.000010	0.000010	0.000010	0.000010	0.000010	0.000010	0.000010	0.000010	0.000010	0.000010	0.000010	0.000010	0.000010	LD_0.9_14_1230
ECA1611	0.999870	0.000010	0.000010	0.000010	0.000010	0.000010	0.000010	0.000010	0.000010	0.000010	0.000010	0.000010	0.000010	0.000010	LD_0.9_14_1230
ECA1615	0.999870	0.000010	0.000010	0.000010	0.000010	0.000010	0.000010	0.000010	0.000010	0.000010	0.000010	0.000010	0.000010	0.000010	LD_0.9_14_1230
ECA162	0.999870	0.000010	0.000010	0.000010	0.000010	0.000010	0.000010	0.000010	0.000010	0.000010	0.000010	0.000010	0.000010	0.000010	LD_0.9_14_1230
ECA1621	0.957325	0.000010	0.000010	0.000010	0.000010	0.000010	0.000010	0.042555	0.000010	0.000010	0.000010	0.000010	0.000010	0.000010	LD_0.9_14_1230
ECA163	0.000010	0.000010	0.000010	0.000010	0.000010	0.000010	0.000010	0.000010	0.000010	0.000010	0.000010	0.000010	0.999870	0.000010	LD_0.9_14_1230
ECA1637	0.999863	0.000017	0.000010	0.000010	0.000010	0.000010	0.000010	0.000010	0.000010	0.000010	0.000010	0.000010	0.000010	0.000010	LD_0.9_14_1230
ECA1657	0.989649	0.000010	0.000010	0.000010	0.000010	0.000010	0.000010	0.000010	0.010230	0.000010	0.000011	0.000010	0.000010	0.000010	LD_0.9_14_1230
ECA1701	0.961450	0.015966	0.000158	0.000010	0.000010	0.000010	0.000010	0.022325	0.000010	0.000010	0.000010	0.000010	0.000010	0.000010	LD_0.9_14_1230
ECA175	0.999870	0.000010	0.000010	0.000010	0.000010	0.000010	0.000010	0.000010	0.000010	0.000010	0.000010	0.000010	0.000010	0.000010	LD_0.9_14_1230
ECA176	0.973701	0.000010	0.000010	0.000010	0.026179	0.000010	0.000010	0.000010	0.000010	0.000010	0.000010	0.000010	0.000010	0.000010	LD_0.9_14_1230
ECA177	0.999870	0.000010	0.000010	0.000010	0.000010	0.000010	0.000010	0.000010	0.000010	0.000010	0.000010	0.000010	0.000010	0.000010	LD_0.9_14_1230
ECA180	0.999870	0.000010	0.000010	0.000010	0.000010	0.000010	0.000010	0.000010	0.000010	0.000010	0.000010	0.000010	0.000010	0.000010	LD_0.9_14_1230
ECA182	0.999870	0.000010	0.000010	0.000010	0.000010	0.000010	0.000010	0.000010	0.000010	0.000010	0.000010	0.000010	0.000010	0.000010	LD_0.9_14_1230
ECA183	0.999870	0.000010	0.000010	0.000010	0.000010	0.000010	0.000010	0.000010	0.000010	0.000010	0.000010	0.000010	0.000010	0.000010	LD_0.9_14_1230
ECA185	0.965444	0.000010	0.000010	0.000010	0.000010	0.000010	0.000010	0.000010	0.000010	0.000010	0.000010	0.000010	0.000010	0.034435	LD_0.9_14_1230
ECA186	0.964594	0.000010	0.000010	0.000010	0.000010	0.000010	0.000010	0.000010	0.000010	0.000010	0.000010	0.000010	0.000010	0.035286	LD_0.9_14_1230
ECA2083	0.999866	0.000010	0.000010	0.000010	0.000012	0.000010	0.000011	0.000010	0.000011	0.000010	0.000010	0.000010	0.000010	0.000010	LD_0.9_14_1230
ECA2093	0.999860	0.000010	0.000013	0.000010	0.000010	0.000010	0.000010	0.000014	0.000010	0.000010	0.000012	0.000010	0.000010	0.000010	LD_0.9_14_1230
ECA2115	0.999870	0.000010	0.000010	0.000010	0.000010	0.000010	0.000010	0.000010	0.000010	0.000010	0.000010	0.000010	0.000010	0.000010	LD_0.9_14_1230
ECA2299	0.000010	0.000010	0.000010	0.000010	0.000010	0.999862	0.000010	0.000010	0.000018	0.000010	0.000010	0.000010	0.000010	0.000010	LD_0.9_14_1230
ECA2373	0.952804	0.000934	0.000013	0.000010	0.046149	0.000010	0.000010	0.000010	0.000010	0.000010	0.000010	0.000010	0.000010	0.000010	LD_0.9_14_1230
ECA2385	0.000010	0.000010	0.000010	0.000010	0.000010	0.000010	0.000010	0.000010	0.000010	0.999870	0.000010	0.000010	0.000010	0.000010	LD_0.9_14_1230
ECA2425	0.999870	0.000010	0.000010	0.000010	0.000010	0.000010	0.000010	0.000010	0.000010	0.000010	0.000010	0.000010	0.000010	0.000010	LD_0.9_14_1230
ECA2617	0.000010	0.000010	0.000010	0.999870	0.000010	0.000010	0.000010	0.000010	0.000010	0.000010	0.000010	0.000010	0.000010	0.000010	LD_0.9_14_1230
ECA2618	0.000010	0.000010	0.000010	0.999867	0.000010	0.000010	0.000010	0.000010	0.000010	0.000010	0.000013	0.000010	0.000010	0.000010	LD_0.9_14_1230
ECA2621	0.000010	0.000010	0.000010	0.999870	0.000010	0.000010	0.000010	0.000010	0.000010	0.000010	0.000010	0.000010	0.000010	0.000010	LD_0.9_14_1230
ECA2623	0.374808	0.000010	0.000010	0.000010	0.000010	0.000010	0.000010	0.000010	0.000010	0.000010	0.000010	0.000010	0.000010	0.625072	LD_0.9_14_1230
ECA2625	0.999865	0.000011	0.000010	0.000010	0.000011	0.000010	0.000010	0.000010	0.000010	0.000010	0.000013	0.000010	0.000010	0.000010	LD_0.9_14_1230
ECA2626	0.999870	0.000010	0.000010	0.000010	0.000010	0.000010	0.000010	0.000010	0.000010	0.000010	0.000010	0.000010	0.000010	0.000010	LD_0.9_14_1230
ECA2636	0.999870	0.000010	0.000010	0.000010	0.000010	0.000010	0.000010	0.000010	0.000010	0.000010	0.000010	0.000010	0.000010	0.000010	LD_0.9_14_1230
ECA2637	0.999857	0.000010	0.000010	0.000010	0.000010	0.000010	0.000010	0.000014	0.000010	0.000010	0.000017	0.000012	0.000010	0.000010	LD_0.9_14_1230
ECA2639	0.000010	0.000010	0.000010	0.999864	0.000010	0.000010	0.000010	0.000010	0.000016	0.000010	0.000010	0.000010	0.000010	0.000010	LD_0.9_14_1230
ECA2645	0.999860	0.000010	0.000010	0.000010	0.000010	0.000010	0.000010	0.000020	0.000010	0.000010	0.000010	0.000010	0.000010	0.000010	LD_0.9_14_1230
ECA2647	0.000010	0.000010	0.000010	0.999870	0.000010	0.000010	0.000010	0.000010	0.000010	0.000010	0.000010	0.000010	0.000010	0.000010	LD_0.9_14_1230
ECA2663	0.999870	0.000010	0.000010	0.000010	0.000010	0.000010	0.000010	0.000010	0.000010	0.000010	0.000010	0.000010	0.000010	0.000010	LD_0.9_14_1230
ECA2664	0.335815	0.000010	0.000010	0.000010	0.000010	0.000010	0.000010	0.000010	0.000010	0.000010	0.000010	0.000010	0.000010	0.664064	LD_0.9_14_1230
ECA2666	0.000010	0.000010	0.000010	0.999865	0.000010	0.000010	0.000010	0.000010	0.000010	0.000015	0.000010	0.000010	0.000010	0.000010	LD_0.9_14_1230
ECA2667	0.999870	0.000010	0.000010	0.000010	0.000010	0.000010	0.000010	0.000010	0.000010	0.000010	0.000010	0.000010	0.000010	0.000010	LD_0.9_14_1230
ECA2670	0.000010	0.000010	0.000010	0.999870	0.000010	0.000010	0.000010	0.000010	0.000010	0.000010	0.000010	0.000010	0.000010	0.000010	LD_0.9_14_1230
ECA276	0.000010	0.000010	0.000010	0.000010	0.000010	0.000010	0.000010	0.000010	0.000010	0.000010	0.000010	0.000010	0.999870	0.000010	LD_0.9_14_1230
ECA278	0.000010	0.000010	0.000010	0.000010	0.000010	0.000010	0.000010	0.000010	0.000010	0.000010	0.999870	0.000010	0.000010	0.000010	LD_0.9_14_1230
ECA2808	0.973802	0.000010	0.000010	0.000010	0.000010	0.000010	0.000010	0.000010	0.000010	0.000010	0.000010	0.000010	0.000010	0.026078	LD_0.9_14_1230
ECA287	0.000010	0.000010	0.000010	0.000016	0.000010	0.000010	0.000010	0.000010	0.000010	0.999864	0.000010	0.000010	0.000010	0.000010	LD_0.9_14_1230
ECA288	0.517358	0.000010	0.000010	0.000010	0.000010	0.000010	0.000010	0.000012	0.000010	0.107382	0.000011	0.000010	0.000010	0.375147	LD_0.9_14_1230
ECA2883	0.999870	0.000010	0.000010	0.000010	0.000010	0.000010	0.000010	0.000010	0.000010	0.000010	0.000010	0.000010	0.000010	0.000010	LD_0.9_14_1230
ECA2890	0.999868	0.000010	0.000010	0.000010	0.000010	0.000010	0.000010	0.000010	0.000011	0.000010	0.000010	0.000010	0.000010	0.000010	LD_0.9_14_1230
ECA2894	0.931243	0.000010	0.000010	0.000010	0.000010	0.000010	0.000011	0.000010	0.000010	0.000011	0.000010	0.000010	0.000010	0.068635	LD_0.9_14_1230
ECA2975	0.999870	0.000010	0.000010	0.000010	0.000010	0.000010	0.000010	0.000010	0.000010	0.000010	0.000010	0.000010	0.000010	0.000010	LD_0.9_14_1230
ECA3091	0.999864	0.000010	0.000010	0.000010	0.000012	0.000010	0.000010	0.000013	0.000012	0.000010	0.000010	0.000010	0.000010	0.000010	LD_0.9_14_1230
ECA343	0.999866	0.000010	0.000010	0.000010	0.000010	0.000010	0.000010	0.000010	0.000014	0.000010	0.000010	0.000010	0.000010	0.000010	LD_0.9_14_1230
ECA346	0.961458	0.000010	0.000010	0.000010	0.000010	0.000010	0.000010	0.000010	0.000010	0.000010	0.000010	0.000010	0.000010	0.038422	LD_0.9_14_1230
ECA3502	0.000010	0.000010	0.000010	0.000010	0.000010	0.536813	0.000010	0.000010	0.000010	0.463067	0.000010	0.000010	0.000010	0.000010	LD_0.9_14_1230
ECA3503	0.999860	0.000010	0.000010	0.000010	0.000010	0.000010	0.000010	0.000010	0.000016	0.000014	0.000010	0.000010	0.000010	0.000010	LD_0.9_14_1230
ECA3509	0.999870	0.000010	0.000010	0.000010	0.000010	0.000010	0.000010	0.000010	0.000010	0.000010	0.000010	0.000010	0.000010	0.000010	LD_0.9_14_1230
ECA3708	0.999859	0.000010	0.000016	0.000010	0.000010	0.000010	0.000010	0.000010	0.000010	0.000015	0.000010	0.000010	0.000010	0.000010	LD_0.9_14_1230
ECA371	0.971908	0.000010	0.000010	0.000010	0.027967	0.000010	0.000010	0.000010	0.000010	0.000010	0.000011	0.000013	0.000010	0.000010	LD_0.9_14_1230
ECA3712	0.999870	0.000010	0.000010	0.000010	0.000010	0.000010	0.000010	0.000010	0.000010	0.000010	0.000010	0.000010	0.000010	0.000010	LD_0.9_14_1230
ECA3713	0.999870	0.000010	0.000010	0.000010	0.000010	0.000010	0.000010	0.000010	0.000010	0.000010	0.000010	0.000010	0.000010	0.000010	LD_0.9_14_1230
ECA3899	0.999870	0.000010	0.000010	0.000010	0.000010	0.000010	0.000010	0.000010	0.000010	0.000010	0.000010	0.000010	0.000010	0.000010	LD_0.9_14_1230
ECA569	0.000010	0.000010	0.000010	0.000010	0.000010	0.000010	0.000010	0.000010	0.000010	0.000010	0.999870	0.000010	0.000010	0.000010	LD_0.9_14_1230
ED3032	0.997431	0.000010	0.000010	0.000010	0.000010	0.000010	0.000010	0.002449	0.000010	0.000010	0.000010	0.000010	0.000010	0.000010	LD_0.9_14_1230
ED3037	0.999868	0.000010	0.000010	0.000010	0.000012	0.000010	0.000010	0.000010	0.000010	0.000010	0.000010	0.000010	0.000010	0.000010	LD_0.9_14_1230
ED3088	0.999870	0.000010	0.000010	0.000010	0.000010	0.000010	0.000010	0.000010	0.000010	0.000010	0.000010	0.000010	0.000010	0.000010	LD_0.9_14_1230
ED3102	0.000010	0.000010	0.000010	0.000010	0.000010	0.000010	0.000010	0.000010	0.000010	0.000010	0.000010	0.000010	0.999870	0.000010	LD_0.9_14_1230
EG4360	0.000010	0.000010	0.000010	0.000010	0.000010	0.000010	0.000010	0.000010	0.000010	0.000010	0.999864	0.000016	0.000010	0.000010	LD_0.9_14_1230
EG5612	0.000010	0.999870	0.000010	0.000010	0.000010	0.000010	0.000010	0.000010	0.000010	0.000010	0.000010	0.000010	0.000010	0.000010	LD_0.9_14_1230
EG5613	0.882583	0.026259	0.000011	0.000010	0.000013	0.000010	0.000012	0.011675	0.030038	0.000010	0.000011	0.000010	0.000010	0.049348	LD_0.9_14_1230
EG6179	0.772944	0.151886	0.000010	0.000010	0.000010	0.000010	0.000010	0.018228	0.000010	0.000010	0.000010	0.000010	0.000010	0.056842	LD_0.9_14_1230
EG6260	0.291435	0.000010	0.000010	0.000010	0.000015	0.000010	0.000010	0.000010	0.000010	0.000010	0.000010	0.000012	0.000010	0.708439	LD_0.9_14_1230
EG6261	0.779761	0.000010	0.000010	0.000010	0.000010	0.000010	0.000010	0.000010	0.000010	0.000010	0.000010	0.000010	0.000010	0.220119	LD_0.9_14_1230
EG6265	0.000010	0.000010	0.000010	0.000010	0.000010	0.167138	0.000010	0.000010	0.000010	0.832741	0.000010	0.000010	0.000010	0.000010	LD_0.9_14_1230
EG6267	0.804048	0.000010	0.001024	0.000010	0.000010	0.000010	0.000010	0.000010	0.000010	0.000010	0.000010	0.000010	0.000010	0.194818	LD_0.9_14_1230
EG6268	0.000019	0.000010	0.000019	0.000010	0.000010	0.180139	0.000010	0.000010	0.000010	0.819723	0.000010	0.000010	0.000010	0.000010	LD_0.9_14_1230
EG6271	0.238301	0.000010	0.000010	0.000010	0.000010	0.000010	0.000010	0.000020	0.000018	0.000010	0.000010	0.000020	0.000010	0.761552	LD_0.9_14_1230
EG6272	0.553943	0.000010	0.000010	0.000010	0.000010	0.000010	0.000010	0.000010	0.000010	0.000010	0.000010	0.000010	0.000010	0.445937	LD_0.9_14_1230
EG6274	0.986727	0.000010	0.000010	0.000010	0.000010	0.000010	0.000010	0.000010	0.000010	0.000010	0.000010	0.000010	0.000010	0.013153	LD_0.9_14_1230
EG6275	0.989270	0.000010	0.000010	0.000010	0.000010	0.000010	0.000010	0.000010	0.000010	0.000010	0.000010	0.000010	0.000010	0.010610	LD_0.9_14_1230
EG6276	0.998341	0.000010	0.000010	0.000010	0.000010	0.000010	0.000010	0.000010	0.000010	0.000010	0.000010	0.000010	0.000010	0.001539	LD_0.9_14_1230
EG6329	0.164538	0.000010	0.000010	0.000010	0.000010	0.000010	0.000010	0.000010	0.000010	0.000010	0.000010	0.000010	0.000010	0.835342	LD_0.9_14_1230
GUN124	0.000010	0.000010	0.000010	0.000010	0.000010	0.000010	0.000010	0.000010	0.000010	0.000010	0.999870	0.000010	0.000010	0.000010	LD_0.9_14_1230
GXW22	0.999870	0.000010	0.000010	0.000010	0.000010	0.000010	0.000010	0.000010	0.000010	0.000010	0.000010	0.000010	0.000010	0.000010	LD_0.9_14_1230
GXW23	0.242445	0.757435	0.000010	0.000010	0.000010	0.000010	0.000010	0.000010	0.000010	0.000011	0.000010	0.000010	0.000010	0.000010	LD_0.9_14_1230
HK104	0.000010	0.000010	0.000010	0.000010	0.000010	0.000010	0.000010	0.000010	0.000010	0.000010	0.999865	0.000015	0.000010	0.000010	LD_0.9_14_1230
HPT11	0.000010	0.000013	0.000010	0.000010	0.000010	0.000010	0.000010	0.000010	0.000010	0.000010	0.000010	0.000010	0.999867	0.000010	LD_0.9_14_1230
HPT16	0.538456	0.331488	0.000010	0.000010	0.000010	0.000010	0.000010	0.000010	0.000010	0.000010	0.000010	0.000010	0.000010	0.129946	LD_0.9_14_1230
HPT18	0.000010	0.000010	0.000010	0.000010	0.000010	0.000010	0.000010	0.000010	0.000010	0.000010	0.000010	0.000010	0.999870	0.000010	LD_0.9_14_1230
HPT19	0.561198	0.342668	0.000010	0.000010	0.000010	0.000010	0.000010	0.000010	0.000010	0.000010	0.000010	0.000010	0.000010	0.096024	LD_0.9_14_1230
HPT2	0.483320	0.398459	0.000010	0.000010	0.000020	0.000010	0.000010	0.000010	0.000010	0.000010	0.000010	0.000010	0.000010	0.118101	LD_0.9_14_1230
HPT21	0.999869	0.000010	0.000010	0.000010	0.000010	0.000010	0.000010	0.000010	0.000010	0.000010	0.000010	0.000011	0.000010	0.000010	LD_0.9_14_1230
HPT24	0.000010	0.000010	0.000010	0.000010	0.000010	0.000010	0.000010	0.000010	0.000010	0.000010	0.000010	0.000010	0.999870	0.000010	LD_0.9_14_1230
HPT34	0.515535	0.358681	0.000010	0.000010	0.000010	0.000010	0.000010	0.000010	0.000010	0.000010	0.000010	0.000010	0.000010	0.125674	LD_0.9_14_1230
HPT37	0.588617	0.314647	0.024650	0.000010	0.010157	0.000014	0.000010	0.000010	0.000010	0.000010	0.000010	0.000010	0.000010	0.061834	LD_0.9_14_1230
HPT4	0.502597	0.362808	0.000010	0.000010	0.000010	0.000010	0.000010	0.000010	0.000010	0.000010	0.000010	0.000010	0.000010	0.134485	LD_0.9_14_1230
HPT42	0.578877	0.313998	0.000010	0.000010	0.000010	0.000010	0.000010	0.000010	0.000010	0.000010	0.000010	0.000010	0.000010	0.107015	LD_0.9_14_1230
HPT52	0.569642	0.000010	0.000010	0.000010	0.000010	0.000010	0.000010	0.000010	0.430238	0.000010	0.000010	0.000010	0.000010	0.000010	LD_0.9_14_1230
HPT53	0.999870	0.000010	0.000010	0.000010	0.000010	0.000010	0.000010	0.000010	0.000010	0.000010	0.000010	0.000010	0.000010	0.000010	LD_0.9_14_1230
HPT54	0.999870	0.000010	0.000010	0.000010	0.000010	0.000010	0.000010	0.000010	0.000010	0.000010	0.000010	0.000010	0.000010	0.000010	LD_0.9_14_1230
HPT55	0.999870	0.000010	0.000010	0.000010	0.000010	0.000010	0.000010	0.000010	0.000010	0.000010	0.000010	0.000010	0.000010	0.000010	LD_0.9_14_1230
HPT59	0.999863	0.000010	0.000010	0.000010	0.000010	0.000010	0.000010	0.000017	0.000010	0.000010	0.000010	0.000010	0.000010	0.000010	LD_0.9_14_1230
HPT60	0.999869	0.000010	0.000010	0.000010	0.000011	0.000010	0.000010	0.000010	0.000010	0.000010	0.000010	0.000010	0.000010	0.000010	LD_0.9_14_1230
HPT62	0.000010	0.000010	0.000010	0.000010	0.000010	0.000010	0.000010	0.000010	0.999870	0.000010	0.000010	0.000010	0.000010	0.000010	LD_0.9_14_1230
HPT63	0.976715	0.023164	0.000010	0.000010	0.000010	0.000010	0.000010	0.000010	0.000010	0.000010	0.000010	0.000010	0.000010	0.000010	LD_0.9_14_1230
HPT7	0.491444	0.350956	0.000010	0.000010	0.000010	0.000010	0.000010	0.000018	0.000010	0.000010	0.000010	0.000010	0.000010	0.157482	LD_0.9_14_1230
HPT8	0.516306	0.358971	0.000010	0.000010	0.000010	0.000014	0.000010	0.000010	0.000010	0.000010	0.000010	0.000011	0.000010	0.124608	LD_0.9_14_1230
HPT9	0.138876	0.860998	0.000010	0.000010	0.000016	0.000010	0.000010	0.000010	0.000010	0.000010	0.000010	0.000010	0.000010	0.000010	LD_0.9_14_1230
JU1257	0.000010	0.000010	0.000010	0.000010	0.000010	0.000010	0.000010	0.000010	0.000010	0.000019	0.999859	0.000012	0.000010	0.000010	LD_0.9_14_1230
JU1337	0.872996	0.000010	0.000010	0.000010	0.000010	0.000010	0.000010	0.000010	0.111709	0.000010	0.000010	0.000010	0.000010	0.015184	LD_0.9_14_1230
JU1338	0.000010	0.999870	0.000010	0.000010	0.000010	0.000010	0.000010	0.000010	0.000010	0.000010	0.000010	0.000010	0.000010	0.000010	LD_0.9_14_1230
JU1341	0.000010	0.000010	0.000011	0.000010	0.000010	0.000010	0.999863	0.000011	0.000011	0.000010	0.000010	0.000014	0.000010	0.000010	LD_0.9_14_1230
JU1344	0.649162	0.350718	0.000010	0.000010	0.000010	0.000010	0.000010	0.000010	0.000010	0.000010	0.000010	0.000010	0.000010	0.000010	LD_0.9_14_1230
JU1346	0.000017	0.999863	0.000010	0.000010	0.000010	0.000010	0.000010	0.000010	0.000010	0.000010	0.000010	0.000010	0.000010	0.000010	LD_0.9_14_1230
JU1347	0.871258	0.000010	0.000010	0.000010	0.000010	0.000010	0.000010	0.128622	0.000010	0.000010	0.000010	0.000010	0.000010	0.000010	LD_0.9_14_1230
JU1348	0.000010	0.000010	0.000010	0.000010	0.000010	0.000010	0.999865	0.000010	0.000015	0.000010	0.000010	0.000010	0.000010	0.000010	LD_0.9_14_1230
JU1375	0.999866	0.000010	0.000010	0.000010	0.000012	0.000010	0.000010	0.000010	0.000012	0.000010	0.000010	0.000010	0.000010	0.000010	LD_0.9_14_1230
JU1377	0.999865	0.000010	0.000010	0.000010	0.000010	0.000010	0.000010	0.000015	0.000010	0.000010	0.000010	0.000010	0.000010	0.000010	LD_0.9_14_1230
JU1378	0.973595	0.000010	0.000010	0.000010	0.000010	0.000010	0.000010	0.000010	0.000010	0.000010	0.000010	0.000010	0.000010	0.026285	LD_0.9_14_1230
JU1392	0.999668	0.000010	0.000010	0.000010	0.000010	0.000010	0.000010	0.000010	0.000010	0.000010	0.000010	0.000010	0.000010	0.000212	LD_0.9_14_1230
JU1399	0.300277	0.000010	0.000010	0.000010	0.105740	0.000010	0.000010	0.000010	0.000010	0.000010	0.000010	0.000010	0.000010	0.593873	LD_0.9_14_1230
JU1424	0.000010	0.999870	0.000010	0.000010	0.000010	0.000010	0.000010	0.000010	0.000010	0.000010	0.000010	0.000010	0.000010	0.000010	LD_0.9_14_1230
JU1435	0.999870	0.000010	0.000010	0.000010	0.000010	0.000010	0.000010	0.000010	0.000010	0.000010	0.000010	0.000010	0.000010	0.000010	LD_0.9_14_1230
JU1564	0.000010	0.000010	0.000010	0.000010	0.000010	0.000010	0.000010	0.000010	0.000010	0.000010	0.999870	0.000010	0.000010	0.000010	LD_0.9_14_1230
JU1637	0.884201	0.000010	0.000010	0.000010	0.000010	0.000010	0.000010	0.000010	0.000010	0.000010	0.000010	0.000010	0.000010	0.115679	LD_0.9_14_1230
JU1638	0.853877	0.000010	0.000010	0.000010	0.000010	0.000010	0.000010	0.000010	0.000010	0.000010	0.000010	0.000010	0.000010	0.146003	LD_0.9_14_1230
JU1794	0.723466	0.241173	0.000010	0.000010	0.007875	0.000010	0.000010	0.027386	0.000010	0.000010	0.000010	0.000010	0.000010	0.000010	LD_0.9_14_1230
JU1795	0.940615	0.000010	0.000016	0.000010	0.000010	0.000010	0.000010	0.000010	0.000010	0.000010	0.000010	0.000010	0.000010	0.059259	LD_0.9_14_1230
JU1799	0.999866	0.000010	0.000014	0.000010	0.000010	0.000010	0.000010	0.000010	0.000010	0.000010	0.000010	0.000010	0.000010	0.000010	LD_0.9_14_1230
JU1802	0.978270	0.000010	0.000010	0.000010	0.000010	0.000010	0.000010	0.000011	0.021608	0.000010	0.000010	0.000010	0.000010	0.000010	LD_0.9_14_1230
JU1814	0.316112	0.000010	0.000010	0.000010	0.000010	0.000010	0.000010	0.000010	0.000010	0.000010	0.000010	0.000010	0.000010	0.683768	LD_0.9_14_1230
JU1884	0.976355	0.000010	0.000010	0.000010	0.000010	0.000010	0.000010	0.000010	0.000010	0.000010	0.000010	0.000010	0.000010	0.023525	LD_0.9_14_1230
JU1885	0.807015	0.000011	0.000010	0.000011	0.000010	0.000010	0.000011	0.152960	0.039910	0.000010	0.000010	0.000011	0.000010	0.000010	LD_0.9_14_1230
JU1907	0.955519	0.000010	0.000010	0.000010	0.000010	0.000010	0.000010	0.000010	0.000010	0.000010	0.000010	0.000010	0.000010	0.044361	LD_0.9_14_1230
JU1908	0.941659	0.000010	0.000010	0.000010	0.000010	0.000010	0.000010	0.000010	0.000010	0.000010	0.000010	0.000010	0.000010	0.058221	LD_0.9_14_1230
JU1909	0.999866	0.000010	0.000010	0.000010	0.000010	0.000010	0.000010	0.000010	0.000010	0.000010	0.000014	0.000010	0.000010	0.000010	LD_0.9_14_1230
JU1913	0.583825	0.000010	0.000010	0.000010	0.010776	0.000010	0.000010	0.000010	0.405289	0.000010	0.000010	0.000010	0.000010	0.000010	LD_0.9_14_1230
JU2053	0.932018	0.000010	0.000010	0.000010	0.000010	0.000010	0.000010	0.000010	0.000010	0.000010	0.000010	0.000010	0.000010	0.067862	LD_0.9_14_1230
JU2054	0.999870	0.000010	0.000010	0.000010	0.000010	0.000010	0.000010	0.000010	0.000010	0.000010	0.000010	0.000010	0.000010	0.000010	LD_0.9_14_1230
JU2056	0.999870	0.000010	0.000010	0.000010	0.000010	0.000010	0.000010	0.000010	0.000010	0.000010	0.000010	0.000010	0.000010	0.000010	LD_0.9_14_1230
JU2057	0.000010	0.000010	0.000010	0.000012	0.000010	0.000010	0.000010	0.000010	0.999868	0.000010	0.000010	0.000010	0.000010	0.000010	LD_0.9_14_1230
JU2160	0.000010	0.000010	0.000010	0.000010	0.000010	0.000010	0.000010	0.000010	0.999870	0.000010	0.000010	0.000010	0.000010	0.000010	LD_0.9_14_1230
JU2162	0.000010	0.000010	0.000010	0.000010	0.000010	0.000010	0.000010	0.000010	0.999870	0.000010	0.000010	0.000010	0.000010	0.000010	LD_0.9_14_1230
JU2214	0.632984	0.000010	0.000014	0.000012	0.218719	0.000010	0.000010	0.000010	0.097545	0.000012	0.000010	0.000010	0.000010	0.050643	LD_0.9_14_1230
JU2216	0.000010	0.000010	0.000016	0.000010	0.000010	0.000010	0.000010	0.000010	0.000010	0.999864	0.000010	0.000010	0.000010	0.000010	LD_0.9_14_1230
JU2457	0.245733	0.000010	0.000010	0.000010	0.000010	0.000010	0.000010	0.030234	0.000010	0.000010	0.485627	0.000010	0.000010	0.238306	LD_0.9_14_1230
JU2470	0.000010	0.000010	0.000010	0.000010	0.000010	0.000010	0.000016	0.000010	0.999864	0.000010	0.000010	0.000010	0.000010	0.000010	LD_0.9_14_1230
JU2472	0.877231	0.000010	0.000010	0.000010	0.000010	0.000010	0.000010	0.000010	0.000010	0.000010	0.000010	0.000010	0.000010	0.122649	LD_0.9_14_1230
JU2506	0.913832	0.002596	0.000010	0.000010	0.000010	0.000010	0.000010	0.083462	0.000010	0.000010	0.000010	0.000010	0.000010	0.000010	LD_0.9_14_1230
JU2507	0.000010	0.000010	0.006033	0.000010	0.000010	0.000010	0.000010	0.000010	0.993847	0.000010	0.000010	0.000010	0.000010	0.000010	LD_0.9_14_1230
JU2518	0.000010	0.000010	0.000010	0.000010	0.000013	0.000014	0.000010	0.000010	0.000010	0.000010	0.000010	0.000010	0.000010	0.999863	LD_0.9_14_1230
JU2536	0.000010	0.000010	0.000010	0.000010	0.000010	0.000010	0.000010	0.000010	0.000015	0.000010	0.999865	0.000010	0.000010	0.000010	LD_0.9_14_1230
JU2597	0.055339	0.000010	0.168846	0.000010	0.404096	0.000010	0.000010	0.000010	0.000010	0.000010	0.000010	0.000010	0.000010	0.371619	LD_0.9_14_1230
JU2747	0.758866	0.047287	0.000010	0.000010	0.000010	0.000010	0.000016	0.009133	0.127679	0.000010	0.000010	0.000010	0.000010	0.056938	LD_0.9_14_1230
JU2767	0.000010	0.000010	0.000015	0.000010	0.000011	0.000010	0.000010	0.000010	0.000010	0.000010	0.000011	0.000010	0.999863	0.000010	LD_0.9_14_1230
JU2799	0.946821	0.000010	0.000010	0.000010	0.000010	0.000010	0.000010	0.000014	0.000010	0.000010	0.000010	0.000010	0.000010	0.053055	LD_0.9_14_1230
JU2801	0.000013	0.000010	0.000010	0.000010	0.000011	0.000010	0.999866	0.000010	0.000010	0.000010	0.000011	0.000010	0.000010	0.000010	LD_0.9_14_1230
JU2836	0.619925	0.000010	0.000010	0.000010	0.326274	0.000010	0.000010	0.000010	0.000010	0.000010	0.000010	0.000010	0.000010	0.053691	LD_0.9_14_1230
JU2849	0.000018	0.999859	0.000010	0.000010	0.000010	0.000010	0.000013	0.000010	0.000010	0.000010	0.000011	0.000010	0.000010	0.000010	LD_0.9_14_1230
JU2861	0.999867	0.000010	0.000012	0.000010	0.000010	0.000010	0.000010	0.000010	0.000010	0.000011	0.000010	0.000010	0.000010	0.000010	LD_0.9_14_1230
JU2868	0.999870	0.000010	0.000010	0.000010	0.000010	0.000010	0.000010	0.000010	0.000010	0.000010	0.000010	0.000010	0.000010	0.000010	LD_0.9_14_1230
JU2872	0.000010	0.000010	0.000010	0.000010	0.000016	0.000010	0.000010	0.000010	0.000012	0.000010	0.999856	0.000016	0.000010	0.000010	LD_0.9_14_1230
JU3171	0.999870	0.000010	0.000010	0.000010	0.000010	0.000010	0.000010	0.000010	0.000010	0.000010	0.000010	0.000010	0.000010	0.000010	LD_0.9_14_1230
JU3200	0.000010	0.000010	0.000010	0.000010	0.000011	0.000010	0.999869	0.000010	0.000010	0.000010	0.000010	0.000010	0.000010	0.000010	LD_0.9_14_1230
JU3201	0.000010	0.000010	0.000010	0.000010	0.000010	0.000010	0.999870	0.000010	0.000010	0.000010	0.000010	0.000010	0.000010	0.000010	LD_0.9_14_1230
JU3202	0.000010	0.000010	0.000010	0.000010	0.000010	0.000010	0.999870	0.000010	0.000010	0.000010	0.000010	0.000010	0.000010	0.000010	LD_0.9_14_1230
JU3203	0.000010	0.000010	0.000011	0.000010	0.000010	0.000010	0.999869	0.000010	0.000010	0.000010	0.000010	0.000010	0.000010	0.000010	LD_0.9_14_1230
JU3206	0.000010	0.000010	0.000010	0.000010	0.000010	0.000010	0.999870	0.000010	0.000010	0.000010	0.000010	0.000010	0.000010	0.000010	LD_0.9_14_1230
JU3207	0.999870	0.000010	0.000010	0.000010	0.000010	0.000010	0.000010	0.000010	0.000010	0.000010	0.000010	0.000010	0.000010	0.000010	LD_0.9_14_1230
JU3237	0.000010	0.000010	0.000013	0.000018	0.000010	0.000010	0.000010	0.000010	0.999857	0.000010	0.000010	0.000012	0.000010	0.000010	LD_0.9_14_1230
JU3272	0.000010	0.000020	0.000010	0.000010	0.000010	0.000010	0.000010	0.000010	0.000010	0.000010	0.999859	0.000011	0.000010	0.000010	LD_0.9_14_1230
JU3281	0.999870	0.000010	0.000010	0.000010	0.000010	0.000010	0.000010	0.000010	0.000010	0.000010	0.000010	0.000010	0.000010	0.000010	LD_0.9_14_1230
JU3319	0.202794	0.797086	0.000010	0.000010	0.000010	0.000010	0.000010	0.000010	0.000010	0.000010	0.000010	0.000010	0.000010	0.000010	LD_0.9_14_1230
JU3321	0.999870	0.000010	0.000010	0.000010	0.000010	0.000010	0.000010	0.000010	0.000010	0.000010	0.000010	0.000010	0.000010	0.000010	LD_0.9_14_1230
JU3326	0.092042	0.000010	0.000010	0.000010	0.000010	0.000010	0.000010	0.000010	0.000010	0.037670	0.578543	0.068380	0.223275	0.000010	LD_0.9_14_1230
JU3327	0.849398	0.056146	0.000018	0.000010	0.000012	0.000010	0.000010	0.094330	0.000015	0.000010	0.000011	0.000010	0.000010	0.000010	LD_0.9_14_1230
JU3416	0.069657	0.000010	0.000010	0.000010	0.000010	0.000010	0.000010	0.000010	0.000010	0.030268	0.899962	0.000013	0.000010	0.000010	LD_0.9_14_1230
JU4042	0.999870	0.000010	0.000010	0.000010	0.000010	0.000010	0.000010	0.000010	0.000010	0.000010	0.000010	0.000010	0.000010	0.000010	LD_0.9_14_1230
JU4051	0.000010	0.999870	0.000010	0.000010	0.000010	0.000010	0.000010	0.000010	0.000010	0.000010	0.000010	0.000010	0.000010	0.000010	LD_0.9_14_1230
JU4058	0.000010	0.999870	0.000010	0.000010	0.000010	0.000010	0.000010	0.000010	0.000010	0.000010	0.000010	0.000010	0.000010	0.000010	LD_0.9_14_1230
JU4060	0.000011	0.999869	0.000010	0.000010	0.000010	0.000010	0.000010	0.000010	0.000010	0.000010	0.000010	0.000010	0.000010	0.000010	LD_0.9_14_1230
JU4062	0.000010	0.999870	0.000010	0.000010	0.000010	0.000010	0.000010	0.000010	0.000010	0.000010	0.000010	0.000010	0.000010	0.000010	LD_0.9_14_1230
JU4064	0.000010	0.999870	0.000010	0.000010	0.000010	0.000010	0.000010	0.000010	0.000010	0.000010	0.000010	0.000010	0.000010	0.000010	LD_0.9_14_1230
JU4080	0.999870	0.000010	0.000010	0.000010	0.000010	0.000010	0.000010	0.000010	0.000010	0.000010	0.000010	0.000010	0.000010	0.000010	LD_0.9_14_1230
JU4084	0.000010	0.999870	0.000010	0.000010	0.000010	0.000010	0.000010	0.000010	0.000010	0.000010	0.000010	0.000010	0.000010	0.000010	LD_0.9_14_1230
JU4097	0.000010	0.999870	0.000010	0.000010	0.000010	0.000010	0.000010	0.000010	0.000010	0.000010	0.000010	0.000010	0.000010	0.000010	LD_0.9_14_1230
JU725	0.260105	0.739775	0.000010	0.000010	0.000010	0.000010	0.000010	0.000010	0.000010	0.000010	0.000010	0.000010	0.000010	0.000010	LD_0.9_14_1230
MY2716	0.999869	0.000010	0.000010	0.000010	0.000011	0.000010	0.000010	0.000010	0.000010	0.000010	0.000010	0.000010	0.000010	0.000010	LD_0.9_14_1230
MY539	0.999868	0.000010	0.000010	0.000010	0.000010	0.000010	0.000010	0.000010	0.000010	0.000012	0.000010	0.000010	0.000010	0.000010	LD_0.9_14_1230
NIC1050	0.015085	0.000010	0.153511	0.000010	0.179601	0.000010	0.000010	0.000010	0.000010	0.000010	0.000010	0.000010	0.000010	0.651703	LD_0.9_14_1230
NIC1052	0.005425	0.000010	0.412934	0.000010	0.039509	0.000010	0.000010	0.000010	0.000010	0.000010	0.000010	0.000010	0.000010	0.542032	LD_0.9_14_1230
NIC1054	0.000010	0.000010	0.082950	0.000010	0.123059	0.000010	0.000010	0.000010	0.000010	0.000012	0.000010	0.000012	0.000010	0.793877	LD_0.9_14_1230
NIC1055	0.000010	0.000010	0.203110	0.000010	0.122762	0.000010	0.000010	0.000010	0.000010	0.000010	0.000010	0.000010	0.000010	0.674018	LD_0.9_14_1230
NIC1057	0.000010	0.000010	0.180912	0.000010	0.164066	0.000010	0.000010	0.000010	0.000010	0.000010	0.000010	0.000010	0.000010	0.654912	LD_0.9_14_1230
NIC1058	0.000010	0.000010	0.000010	0.000010	0.383553	0.000010	0.000010	0.000010	0.000010	0.000010	0.000010	0.000010	0.000010	0.616327	LD_0.9_14_1230
NIC1059	0.000010	0.000010	0.099960	0.000010	0.171076	0.000010	0.000010	0.000010	0.000010	0.000010	0.000010	0.000010	0.000010	0.728855	LD_0.9_14_1230
NIC1060	0.000010	0.000010	0.000010	0.000010	0.212442	0.000010	0.000010	0.000010	0.000010	0.000010	0.000010	0.000010	0.000010	0.787438	LD_0.9_14_1230
NIC1062	0.352744	0.000010	0.123934	0.000010	0.000010	0.000010	0.000010	0.000010	0.000010	0.000010	0.000010	0.000010	0.000010	0.523212	LD_0.9_14_1230
NIC1069	0.542374	0.000010	0.000010	0.000010	0.000010	0.000010	0.000010	0.000010	0.000010	0.000010	0.000010	0.000010	0.000010	0.457506	LD_0.9_14_1230
NIC1103	0.052437	0.000010	0.234928	0.000010	0.083924	0.000010	0.000010	0.000010	0.000010	0.000010	0.000010	0.000010	0.000010	0.628610	LD_0.9_14_1230
NIC1104	0.655156	0.000010	0.002561	0.000010	0.031117	0.000010	0.000010	0.000010	0.000010	0.000010	0.000010	0.000012	0.000010	0.311064	LD_0.9_14_1230
NIC1106	0.428847	0.000010	0.012923	0.000011	0.344048	0.000010	0.000010	0.000010	0.000010	0.000010	0.000010	0.000010	0.000010	0.214081	LD_0.9_14_1230
NIC1117	0.999870	0.000010	0.000010	0.000010	0.000010	0.000010	0.000010	0.000010	0.000010	0.000010	0.000010	0.000010	0.000010	0.000010	LD_0.9_14_1230
NIC1123	0.000010	0.999870	0.000010	0.000010	0.000010	0.000010	0.000010	0.000010	0.000010	0.000010	0.000010	0.000010	0.000010	0.000010	LD_0.9_14_1230
NIC1124	0.000019	0.000010	0.000010	0.000019	0.000019	0.000010	0.000010	0.000010	0.000010	0.000010	0.000010	0.000010	0.000010	0.999843	LD_0.9_14_1230
NIC1135	0.000010	0.000010	0.000019	0.000010	0.057688	0.000010	0.000010	0.000010	0.000010	0.000010	0.000010	0.000010	0.000010	0.942183	LD_0.9_14_1230
NIC1138	0.000010	0.000010	0.000010	0.000010	0.000010	0.000010	0.000010	0.000010	0.000010	0.000010	0.000010	0.000010	0.000010	0.999870	LD_0.9_14_1230
NIC1141	0.000010	0.000010	0.000010	0.000012	0.000010	0.000010	0.000010	0.000010	0.000010	0.000010	0.000012	0.000010	0.000010	0.999866	LD_0.9_14_1230
NIC115	0.248271	0.000010	0.000010	0.000010	0.000017	0.000010	0.000010	0.000010	0.000010	0.000010	0.000010	0.000010	0.000010	0.751603	LD_0.9_14_1230
NIC117	0.263041	0.000010	0.000010	0.000010	0.000010	0.000010	0.000010	0.000010	0.000010	0.000015	0.000013	0.000010	0.000010	0.736831	LD_0.9_14_1230
NIC1183	0.000010	0.000010	0.000010	0.000014	0.000010	0.000010	0.000010	0.000010	0.000010	0.000010	0.000010	0.000010	0.000010	0.999866	LD_0.9_14_1230
NIC119	0.222371	0.000010	0.000010	0.000010	0.000011	0.000010	0.000010	0.000010	0.000010	0.000010	0.000010	0.000010	0.000010	0.777508	LD_0.9_14_1230
NIC1190	0.000010	0.000010	0.000015	0.000010	0.000010	0.000010	0.000010	0.000019	0.000010	0.000010	0.000010	0.000010	0.000010	0.999856	LD_0.9_14_1230
NIC1202	0.934020	0.032686	0.000010	0.000010	0.000010	0.000010	0.000010	0.000010	0.000010	0.000010	0.000010	0.000010	0.000010	0.033183	LD_0.9_14_1230
NIC1204	0.916810	0.038432	0.000010	0.000010	0.000010	0.000010	0.000010	0.000010	0.042769	0.000010	0.000010	0.000010	0.000010	0.001889	LD_0.9_14_1230
NIC1205	0.000010	0.000010	0.000010	0.000010	0.000010	0.000011	0.000010	0.000010	0.000010	0.999868	0.000010	0.000011	0.000010	0.000010	LD_0.9_14_1230
NIC1218	0.999866	0.000010	0.000010	0.000010	0.000010	0.000010	0.000010	0.000010	0.000010	0.000014	0.000010	0.000010	0.000010	0.000010	LD_0.9_14_1230
NIC1220	0.000010	0.000010	0.000010	0.000010	0.000010	0.000010	0.000010	0.000010	0.000010	0.999870	0.000010	0.000010	0.000010	0.000010	LD_0.9_14_1230
NIC1221	0.923317	0.035666	0.000010	0.000010	0.000010	0.000010	0.000010	0.000010	0.040906	0.000010	0.000010	0.000010	0.000010	0.000010	LD_0.9_14_1230
NIC123	0.246189	0.000010	0.000010	0.000012	0.000010	0.000013	0.000010	0.000010	0.000010	0.000011	0.000012	0.000010	0.000010	0.753683	LD_0.9_14_1230
NIC1267	0.244857	0.000010	0.000010	0.000010	0.000010	0.000010	0.000015	0.000010	0.000010	0.000010	0.000010	0.000010	0.000010	0.755017	LD_0.9_14_1230
NIC1283	0.000010	0.000010	0.000010	0.000010	0.000010	0.000010	0.000010	0.000010	0.000010	0.000010	0.000010	0.000010	0.000010	0.999870	LD_0.9_14_1230
NIC1288	0.000010	0.101420	0.062618	0.000010	0.157896	0.000010	0.000010	0.000010	0.000010	0.000010	0.000010	0.000010	0.000010	0.677966	LD_0.9_14_1230
NIC1292	0.000010	0.000010	0.009353	0.000010	0.000010	0.000010	0.000010	0.000010	0.000010	0.000010	0.000010	0.000010	0.000010	0.990527	LD_0.9_14_1230
NIC1302	0.000010	0.000010	0.000016	0.000010	0.000010	0.000010	0.000010	0.000010	0.000010	0.000010	0.000010	0.000010	0.000010	0.999864	LD_0.9_14_1230
NIC1304	0.000010	0.000010	0.008704	0.000010	0.000010	0.000010	0.000010	0.000010	0.000010	0.000010	0.000010	0.000010	0.000010	0.991176	LD_0.9_14_1230
NIC1308	0.131533	0.561991	0.000010	0.000010	0.000010	0.000010	0.000010	0.000010	0.000010	0.000010	0.000010	0.000010	0.000010	0.306365	LD_0.9_14_1230
NIC1407	0.000010	0.000014	0.063894	0.000010	0.000010	0.000010	0.000010	0.000010	0.000010	0.000010	0.000010	0.000010	0.000010	0.935982	LD_0.9_14_1230
NIC1421	0.062030	0.000010	0.000010	0.000010	0.184770	0.000010	0.000010	0.000010	0.000010	0.000010	0.000010	0.000010	0.000010	0.753091	LD_0.9_14_1230
NIC1423	0.000010	0.000010	0.051238	0.000010	0.204546	0.000010	0.000010	0.000010	0.000010	0.000010	0.000010	0.000010	0.000010	0.744105	LD_0.9_14_1230
NIC1442	0.000010	0.000010	0.000010	0.000010	0.000010	0.000010	0.000010	0.000010	0.000010	0.000010	0.000010	0.000010	0.000010	0.999870	LD_0.9_14_1230
NIC1491	0.000010	0.000010	0.000010	0.000010	0.000010	0.000010	0.000010	0.000010	0.000010	0.000010	0.000010	0.000010	0.000010	0.999870	LD_0.9_14_1230
NIC1525	0.939739	0.000010	0.000010	0.000010	0.000010	0.000010	0.000010	0.000010	0.000010	0.000010	0.000010	0.000010	0.000010	0.060141	LD_0.9_14_1230
NIC1528	0.902487	0.000010	0.000010	0.000010	0.000010	0.000010	0.000010	0.000010	0.000010	0.000010	0.000010	0.000010	0.000010	0.097393	LD_0.9_14_1230
NIC1529	0.968440	0.000010	0.000010	0.000010	0.000010	0.000010	0.000010	0.000010	0.000010	0.000010	0.000010	0.000010	0.000010	0.031440	LD_0.9_14_1230
NIC1533	0.936328	0.000010	0.000010	0.000010	0.000010	0.000010	0.000010	0.000010	0.000010	0.000010	0.000011	0.000010	0.000010	0.063551	LD_0.9_14_1230
NIC1535	0.962124	0.000010	0.000010	0.000010	0.000010	0.000010	0.000010	0.000010	0.013240	0.000010	0.000010	0.000010	0.000010	0.024526	LD_0.9_14_1230
NIC1539	0.000010	0.000010	0.000010	0.000010	0.000010	0.999869	0.000010	0.000010	0.000010	0.000010	0.000010	0.000011	0.000010	0.000010	LD_0.9_14_1230
NIC1540	0.000010	0.000010	0.000010	0.000010	0.000010	0.000010	0.000011	0.000010	0.000010	0.000010	0.000010	0.999869	0.000010	0.000010	LD_0.9_14_1230
NIC1562	0.000016	0.000010	0.000015	0.000010	0.000010	0.901719	0.000010	0.000010	0.000010	0.098150	0.000010	0.000011	0.000010	0.000010	LD_0.9_14_1230
NIC1589	0.000010	0.000010	0.000010	0.000010	0.000010	0.000010	0.000010	0.000010	0.000010	0.000010	0.000010	0.999870	0.000010	0.000010	LD_0.9_14_1230
NIC1590	0.000010	0.000010	0.000010	0.000010	0.000010	0.000010	0.000010	0.000013	0.000010	0.999866	0.000010	0.000010	0.000010	0.000010	LD_0.9_14_1230
NIC1591	0.000010	0.000010	0.000010	0.000010	0.000010	0.000010	0.000010	0.000010	0.000010	0.000013	0.000010	0.999867	0.000010	0.000010	LD_0.9_14_1230
NIC1593	0.000010	0.000010	0.000010	0.000010	0.000010	0.000010	0.000010	0.000010	0.000010	0.000010	0.000010	0.999870	0.000010	0.000010	LD_0.9_14_1230
NIC1595	0.000010	0.000010	0.000010	0.000010	0.000015	0.000010	0.000015	0.000010	0.000010	0.999860	0.000010	0.000010	0.000010	0.000010	LD_0.9_14_1230
NIC1598	0.000010	0.000010	0.000010	0.000010	0.000010	0.999870	0.000010	0.000010	0.000010	0.000010	0.000010	0.000010	0.000010	0.000010	LD_0.9_14_1230
NIC1602	0.000015	0.000010	0.000013	0.000010	0.000010	0.999858	0.000010	0.000010	0.000010	0.000014	0.000010	0.000010	0.000010	0.000010	LD_0.9_14_1230
NIC1607	0.000010	0.000010	0.000010	0.000010	0.000010	0.000010	0.000010	0.000010	0.000010	0.000010	0.000010	0.000010	0.999870	0.000010	LD_0.9_14_1230
NIC1628	0.999855	0.000010	0.000010	0.000010	0.000015	0.000012	0.000010	0.000014	0.000014	0.000010	0.000010	0.000010	0.000010	0.000010	LD_0.9_14_1230
NIC1630	0.000010	0.000010	0.000010	0.000013	0.000010	0.999864	0.000010	0.000010	0.000010	0.000010	0.000010	0.000012	0.000010	0.000010	LD_0.9_14_1230
NIC1631	0.000010	0.000010	0.000010	0.000010	0.000010	0.000010	0.000010	0.000010	0.000010	0.999870	0.000010	0.000010	0.000010	0.000010	LD_0.9_14_1230
NIC1632	0.000010	0.000010	0.000010	0.000010	0.000010	0.000010	0.000010	0.000010	0.000010	0.000010	0.999870	0.000010	0.000010	0.000010	LD_0.9_14_1230
NIC1633	0.000010	0.000020	0.000010	0.000010	0.000010	0.000010	0.000010	0.000010	0.000010	0.000010	0.999859	0.000012	0.000010	0.000010	LD_0.9_14_1230
NIC1635	0.000013	0.000010	0.000010	0.000010	0.000010	0.000013	0.000010	0.000010	0.000010	0.000010	0.999854	0.000019	0.000010	0.000010	LD_0.9_14_1230
NIC1645	0.000010	0.000010	0.000014	0.000010	0.000010	0.932750	0.000010	0.000010	0.000010	0.067126	0.000010	0.000010	0.000010	0.000010	LD_0.9_14_1230
NIC1660	0.000010	0.000010	0.000010	0.000010	0.000010	0.000010	0.000011	0.000010	0.000010	0.999869	0.000010	0.000010	0.000010	0.000010	LD_0.9_14_1230
NIC1661	0.000010	0.000010	0.000017	0.000010	0.000010	0.000010	0.000010	0.000011	0.000010	0.999861	0.000010	0.000010	0.000010	0.000010	LD_0.9_14_1230
NIC1662	0.000010	0.000010	0.000010	0.000010	0.000010	0.000010	0.000011	0.000010	0.000010	0.999869	0.000010	0.000010	0.000010	0.000010	LD_0.9_14_1230
NIC1663	0.000010	0.000010	0.000010	0.000010	0.000010	0.000010	0.000010	0.000010	0.000010	0.999863	0.000017	0.000010	0.000010	0.000010	LD_0.9_14_1230
NIC1664	0.000010	0.000010	0.000010	0.000010	0.000010	0.000010	0.000010	0.000010	0.000010	0.000010	0.000010	0.999870	0.000010	0.000010	LD_0.9_14_1230
NIC1665	0.000010	0.000010	0.000010	0.000010	0.000010	0.000010	0.000010	0.000010	0.000010	0.000010	0.000010	0.999870	0.000010	0.000010	LD_0.9_14_1230
NIC1666	0.000010	0.000010	0.000015	0.000010	0.000010	0.000010	0.000010	0.000010	0.000010	0.999865	0.000010	0.000010	0.000010	0.000010	LD_0.9_14_1230
NIC1667	0.000010	0.000010	0.000010	0.000010	0.000010	0.999864	0.000010	0.000010	0.000010	0.000016	0.000010	0.000010	0.000010	0.000010	LD_0.9_14_1230
NIC1681	0.000010	0.000010	0.000013	0.000010	0.000010	0.000010	0.000013	0.000010	0.000010	0.999864	0.000010	0.000010	0.000010	0.000010	LD_0.9_14_1230
NIC1688	0.955037	0.000010	0.000010	0.000010	0.000010	0.000010	0.000010	0.044843	0.000010	0.000010	0.000010	0.000010	0.000010	0.000010	LD_0.9_14_1230
NIC1692	0.000010	0.000010	0.000010	0.000010	0.000010	0.073636	0.000017	0.000010	0.000010	0.926237	0.000010	0.000010	0.000010	0.000010	LD_0.9_14_1230
NIC1693	0.000010	0.000010	0.000011	0.000010	0.000010	0.000010	0.000011	0.000010	0.000011	0.999865	0.000011	0.000011	0.000010	0.000010	LD_0.9_14_1230
NIC17	0.995097	0.000010	0.000010	0.000010	0.004783	0.000010	0.000010	0.000010	0.000010	0.000010	0.000010	0.000010	0.000010	0.000010	LD_0.9_14_1230
NIC174	0.000010	0.000010	0.000010	0.000010	0.000010	0.000010	0.000010	0.000010	0.000010	0.000010	0.999870	0.000010	0.000010	0.000010	LD_0.9_14_1230
NIC187	0.204983	0.000010	0.000010	0.000010	0.000016	0.000011	0.000010	0.000010	0.000010	0.000010	0.000011	0.000010	0.000010	0.794889	LD_0.9_14_1230
NIC188	0.187829	0.000013	0.000010	0.000010	0.000010	0.000010	0.000010	0.000010	0.000010	0.000010	0.000010	0.000010	0.000010	0.812048	LD_0.9_14_1230
NIC19	0.000012	0.000010	0.000010	0.000010	0.000010	0.000010	0.000010	0.000010	0.000010	0.000010	0.000010	0.999868	0.000010	0.000010	LD_0.9_14_1230
NIC191	0.280436	0.000010	0.000010	0.000010	0.000010	0.000010	0.000016	0.000010	0.000010	0.000010	0.000010	0.000010	0.000010	0.719438	LD_0.9_14_1230
NIC20	0.000010	0.000010	0.000010	0.000010	0.000010	0.000010	0.000010	0.000010	0.000010	0.000010	0.000010	0.999870	0.000010	0.000010	LD_0.9_14_1230
NIC21	0.000010	0.000010	0.000010	0.000010	0.000010	0.000010	0.000010	0.000010	0.000010	0.000010	0.000015	0.999865	0.000010	0.000010	LD_0.9_14_1230
NIC22	0.000019	0.000010	0.000010	0.000010	0.000010	0.000010	0.000010	0.000010	0.000010	0.000010	0.000010	0.999861	0.000010	0.000010	LD_0.9_14_1230
NIC2369	0.000013	0.999867	0.000010	0.000010	0.000010	0.000010	0.000010	0.000010	0.000010	0.000010	0.000010	0.000010	0.000010	0.000010	LD_0.9_14_1230
NIC248	0.298774	0.000010	0.000010	0.000010	0.000010	0.000010	0.000010	0.000010	0.000010	0.000010	0.000010	0.000010	0.000010	0.701106	LD_0.9_14_1230
NIC250	0.352398	0.000010	0.000010	0.000010	0.000010	0.000010	0.000010	0.000010	0.000010	0.000010	0.000010	0.000010	0.000010	0.647482	LD_0.9_14_1230
NIC2527	0.999870	0.000010	0.000010	0.000010	0.000010	0.000010	0.000010	0.000010	0.000010	0.000010	0.000010	0.000010	0.000010	0.000010	LD_0.9_14_1230
NIC309	0.000010	0.000010	0.000010	0.000010	0.000010	0.000010	0.000010	0.000010	0.000010	0.000010	0.000010	0.000010	0.000010	0.999870	LD_0.9_14_1230
NIC325	0.000010	0.000010	0.000010	0.000010	0.000010	0.000010	0.000010	0.000010	0.000010	0.000010	0.000012	0.000010	0.000010	0.999868	LD_0.9_14_1230
NIC327	0.000010	0.000010	0.215603	0.000010	0.000010	0.000010	0.000010	0.000010	0.000010	0.000010	0.000010	0.000010	0.000010	0.784277	LD_0.9_14_1230
NIC329	0.000010	0.000010	0.142505	0.000010	0.000010	0.000010	0.000010	0.000010	0.000010	0.000010	0.000010	0.000010	0.000010	0.857375	LD_0.9_14_1230
NIC330	0.000010	0.000010	0.103982	0.000010	0.000010	0.000012	0.000010	0.000010	0.000010	0.000010	0.000011	0.000010	0.000010	0.895896	LD_0.9_14_1230
NIC331	0.000010	0.000010	0.000010	0.000010	0.176659	0.000010	0.000010	0.000010	0.000010	0.000010	0.000010	0.000010	0.000010	0.823221	LD_0.9_14_1230
NIC332	0.000010	0.000010	0.222976	0.000010	0.000010	0.000010	0.000010	0.000010	0.000010	0.000010	0.000010	0.000010	0.000010	0.776904	LD_0.9_14_1230
NIC333	0.000010	0.000010	0.091685	0.000010	0.000010	0.000010	0.000010	0.000010	0.000010	0.000010	0.000010	0.000010	0.000010	0.908195	LD_0.9_14_1230
NIC343	0.970961	0.028914	0.000010	0.000010	0.000010	0.000010	0.000010	0.000015	0.000010	0.000010	0.000010	0.000010	0.000010	0.000010	LD_0.9_14_1230
NIC392	0.271504	0.000010	0.000010	0.000010	0.000010	0.000010	0.000010	0.000010	0.000010	0.000010	0.000010	0.000010	0.000010	0.728376	LD_0.9_14_1230
NIC400	0.000010	0.000010	0.195139	0.000010	0.004492	0.000010	0.000010	0.000010	0.000010	0.000010	0.000010	0.000010	0.000010	0.800260	LD_0.9_14_1230
NIC402	0.000010	0.000010	0.189172	0.000010	0.000010	0.000010	0.000010	0.000010	0.000010	0.000010	0.000010	0.000010	0.000010	0.810708	LD_0.9_14_1230
NIC419	0.000010	0.999870	0.000010	0.000010	0.000010	0.000010	0.000010	0.000010	0.000010	0.000010	0.000010	0.000010	0.000010	0.000010	LD_0.9_14_1230
NIC504	0.000010	0.000010	0.000010	0.000010	0.000010	0.000010	0.000010	0.000010	0.000010	0.999870	0.000010	0.000010	0.000010	0.000010	LD_0.9_14_1230
NIC505	0.000010	0.000010	0.000011	0.000010	0.000010	0.000010	0.000010	0.000010	0.000010	0.999869	0.000010	0.000010	0.000010	0.000010	LD_0.9_14_1230
NIC518	0.000010	0.000010	0.000010	0.000010	0.000010	0.999855	0.000010	0.000010	0.000010	0.000016	0.000010	0.000019	0.000010	0.000010	LD_0.9_14_1230
NIC519	0.000010	0.000010	0.000010	0.000010	0.000010	0.920052	0.000010	0.000010	0.000010	0.079828	0.000010	0.000010	0.000010	0.000010	LD_0.9_14_1230
NIC532	0.344017	0.000010	0.000010	0.000014	0.000014	0.000010	0.000014	0.000010	0.000010	0.000010	0.000010	0.000010	0.000010	0.655852	LD_0.9_14_1230
NIC541	0.000010	0.000010	0.037470	0.000010	0.082138	0.000010	0.000010	0.000010	0.304614	0.000011	0.000010	0.000010	0.000010	0.575677	LD_0.9_14_1230
NIC549	0.420587	0.000010	0.000010	0.000010	0.000010	0.000010	0.000010	0.000010	0.000010	0.000010	0.000010	0.000010	0.000010	0.579293	LD_0.9_14_1230
NIC552	0.473440	0.000010	0.000010	0.000010	0.000010	0.000010	0.000010	0.000010	0.000010	0.000010	0.000010	0.000010	0.000010	0.526440	LD_0.9_14_1230
NIC555	0.228353	0.000010	0.000010	0.000010	0.127188	0.000010	0.000010	0.000010	0.000010	0.000010	0.000010	0.000010	0.000010	0.644349	LD_0.9_14_1230
NIC561	0.519347	0.000010	0.000010	0.000010	0.000010	0.000010	0.000010	0.000010	0.000010	0.000010	0.000010	0.000010	0.000010	0.480533	LD_0.9_14_1230
NIC574	0.341402	0.000010	0.000010	0.000010	0.000010	0.000010	0.000010	0.000010	0.000010	0.000010	0.000010	0.000010	0.000010	0.658478	LD_0.9_14_1230
NIC578	0.187740	0.000010	0.000010	0.000010	0.000010	0.000010	0.000010	0.000010	0.000010	0.000010	0.000010	0.000010	0.000010	0.812140	LD_0.9_14_1230
NIC583	0.198307	0.000010	0.000010	0.000010	0.000010	0.000010	0.000010	0.000010	0.000010	0.000010	0.000010	0.000010	0.000010	0.801573	LD_0.9_14_1230
NIC590	0.000010	0.000010	0.000010	0.000010	0.000012	0.000010	0.000010	0.000010	0.112117	0.000010	0.000010	0.000010	0.000010	0.887761	LD_0.9_14_1230
NIC593	0.400722	0.000010	0.000010	0.000010	0.000010	0.000010	0.000010	0.000012	0.000010	0.000010	0.000011	0.000010	0.000010	0.599155	LD_0.9_14_1230
NIC60	0.000010	0.000010	0.000010	0.000010	0.000010	0.000010	0.000010	0.000010	0.000010	0.000011	0.000010	0.000010	0.000010	0.999869	LD_0.9_14_1230
NIC61	0.515891	0.000010	0.000014	0.000019	0.000010	0.000010	0.000010	0.000010	0.000010	0.000010	0.000010	0.000010	0.000010	0.483976	LD_0.9_14_1230
NIC62	0.186719	0.000010	0.000010	0.000010	0.000010	0.000010	0.000010	0.000010	0.000010	0.000010	0.000010	0.000010	0.000010	0.813161	LD_0.9_14_1230
NIC67	0.000011	0.999869	0.000010	0.000010	0.000010	0.000010	0.000010	0.000010	0.000010	0.000010	0.000010	0.000010	0.000010	0.000010	LD_0.9_14_1230
NIC758	0.071624	0.000010	0.000010	0.000011	0.000013	0.000010	0.000010	0.000010	0.119071	0.000010	0.000010	0.000010	0.000010	0.809192	LD_0.9_14_1230
NIC777	0.205608	0.000010	0.000010	0.000010	0.126273	0.000010	0.000012	0.000010	0.000010	0.000014	0.000010	0.000013	0.000010	0.668000	LD_0.9_14_1230
NIC779	0.000010	0.000010	0.000010	0.000010	0.000010	0.000010	0.000010	0.000010	0.000010	0.999870	0.000010	0.000010	0.000010	0.000010	LD_0.9_14_1230
NIC790	0.999870	0.000010	0.000010	0.000010	0.000010	0.000010	0.000010	0.000010	0.000010	0.000010	0.000010	0.000010	0.000010	0.000010	LD_0.9_14_1230
NIC791	0.000010	0.000010	0.000010	0.000010	0.000010	0.000010	0.000010	0.999870	0.000010	0.000010	0.000010	0.000010	0.000010	0.000010	LD_0.9_14_1230
NIC792	0.562840	0.000010	0.000015	0.000010	0.000010	0.000010	0.000010	0.437025	0.000010	0.000010	0.000010	0.000020	0.000010	0.000010	LD_0.9_14_1230
NIC793	0.999870	0.000010	0.000010	0.000010	0.000010	0.000010	0.000010	0.000010	0.000010	0.000010	0.000010	0.000010	0.000010	0.000010	LD_0.9_14_1230
NIC795	0.999870	0.000010	0.000010	0.000010	0.000010	0.000010	0.000010	0.000010	0.000010	0.000010	0.000010	0.000010	0.000010	0.000010	LD_0.9_14_1230
NIC796	0.991857	0.000010	0.000010	0.000010	0.000010	0.000010	0.000010	0.000010	0.000011	0.000010	0.000010	0.008022	0.000010	0.000010	LD_0.9_14_1230
NIC802	0.999864	0.000010	0.000010	0.000010	0.000016	0.000010	0.000010	0.000010	0.000010	0.000010	0.000010	0.000010	0.000010	0.000010	LD_0.9_14_1230
NIC803	0.902478	0.000010	0.000010	0.000010	0.000010	0.000010	0.000010	0.000010	0.000010	0.000010	0.000010	0.000010	0.000010	0.097402	LD_0.9_14_1230
NIC805	0.000010	0.000010	0.000010	0.000010	0.000010	0.000010	0.000010	0.000010	0.000010	0.999870	0.000010	0.000010	0.000010	0.000010	LD_0.9_14_1230
NIC811	0.972035	0.000010	0.000010	0.000010	0.000010	0.000010	0.000010	0.000010	0.027845	0.000010	0.000010	0.000010	0.000010	0.000010	LD_0.9_14_1230
NIC814	0.000010	0.000010	0.000010	0.000010	0.000010	0.000012	0.000010	0.000010	0.000010	0.999868	0.000010	0.000010	0.000010	0.000010	LD_0.9_14_1230
NIC815	0.000010	0.000010	0.000010	0.000010	0.000010	0.000010	0.000010	0.000010	0.000010	0.999870	0.000010	0.000010	0.000010	0.000010	LD_0.9_14_1230
NIC816	0.000010	0.000010	0.000010	0.000010	0.000010	0.000010	0.000010	0.000010	0.000010	0.000010	0.000010	0.999870	0.000010	0.000010	LD_0.9_14_1230
NIC819	0.000010	0.000010	0.000010	0.000010	0.000010	0.000010	0.000010	0.000010	0.000010	0.000010	0.000010	0.000010	0.999870	0.000010	LD_0.9_14_1230
NIC821	0.777803	0.000010	0.000010	0.000010	0.000010	0.000010	0.000010	0.110315	0.000010	0.000010	0.000010	0.000010	0.000010	0.111771	LD_0.9_14_1230
NIC822	0.000010	0.000010	0.000010	0.000010	0.000010	0.884741	0.000010	0.000010	0.000010	0.115139	0.000010	0.000010	0.000010	0.000010	LD_0.9_14_1230
NIC824	0.000010	0.000010	0.000010	0.000010	0.000010	0.000010	0.000010	0.000010	0.000010	0.999870	0.000010	0.000010	0.000010	0.000010	LD_0.9_14_1230
NIC825	0.000010	0.000010	0.000010	0.000010	0.000010	0.000010	0.000010	0.000010	0.000010	0.000010	0.000010	0.999870	0.000010	0.000010	LD_0.9_14_1230
NIC827	0.000010	0.000010	0.000010	0.000010	0.000010	0.000010	0.000010	0.000010	0.000010	0.000010	0.000010	0.999870	0.000010	0.000010	LD_0.9_14_1230
NIC828	0.000011	0.000010	0.000010	0.000010	0.000010	0.000010	0.000010	0.000010	0.000010	0.000010	0.000010	0.999869	0.000010	0.000010	LD_0.9_14_1230
NIC863	0.000010	0.000010	0.000010	0.000010	0.000010	0.000010	0.000010	0.000010	0.000010	0.999864	0.000010	0.000016	0.000010	0.000010	LD_0.9_14_1230
NIC864	0.000010	0.000010	0.000019	0.000010	0.000010	0.000010	0.000010	0.000010	0.000010	0.999852	0.000017	0.000013	0.000010	0.000010	LD_0.9_14_1230
NIC865	0.000010	0.000011	0.000010	0.000010	0.000010	0.000010	0.000010	0.000010	0.000010	0.999868	0.000010	0.000011	0.000010	0.000010	LD_0.9_14_1230
NIC871	0.999870	0.000010	0.000010	0.000010	0.000010	0.000010	0.000010	0.000010	0.000010	0.000010	0.000010	0.000010	0.000010	0.000010	LD_0.9_14_1230
NIC883	0.892091	0.000010	0.000010	0.000012	0.000010	0.000010	0.000010	0.107786	0.000010	0.000010	0.000010	0.000010	0.000010	0.000010	LD_0.9_14_1230
NIC889	0.000010	0.000010	0.000010	0.000010	0.000010	0.000010	0.000010	0.000010	0.000010	0.999870	0.000010	0.000010	0.000010	0.000010	LD_0.9_14_1230
NIC893	0.000010	0.000010	0.000011	0.000010	0.000010	0.000011	0.000010	0.000010	0.000010	0.000010	0.000010	0.000010	0.999868	0.000010	LD_0.9_14_1230
NIC897	0.000010	0.000010	0.000011	0.000010	0.000010	0.000012	0.000010	0.000010	0.000010	0.999868	0.000010	0.000010	0.000010	0.000010	LD_0.9_14_1230
NIC899	0.000010	0.000010	0.000010	0.000010	0.000010	0.000010	0.000010	0.000010	0.000010	0.000010	0.999870	0.000010	0.000010	0.000010	LD_0.9_14_1230
NIC901	0.999870	0.000010	0.000010	0.000010	0.000010	0.000010	0.000010	0.000010	0.000010	0.000010	0.000010	0.000010	0.000010	0.000010	LD_0.9_14_1230
NIC911	0.811049	0.000010	0.000010	0.000010	0.000010	0.000010	0.000010	0.000010	0.000010	0.000010	0.000010	0.000010	0.000010	0.188831	LD_0.9_14_1230
NIC96	0.000010	0.000010	0.000010	0.000010	0.000010	0.000010	0.000010	0.000010	0.000010	0.000010	0.000010	0.000010	0.000010	0.999870	LD_0.9_14_1230
NIC984	0.906035	0.000010	0.000010	0.000010	0.000010	0.000010	0.000010	0.000010	0.000010	0.000013	0.000010	0.000010	0.000010	0.093842	LD_0.9_14_1230
NIC985	0.727688	0.154623	0.000010	0.000010	0.000010	0.000010	0.000010	0.000010	0.000010	0.000010	0.000010	0.000010	0.000010	0.117579	LD_0.9_14_1230
PB800	0.000010	0.000010	0.000010	0.000010	0.000011	0.000010	0.000010	0.000010	0.000010	0.000010	0.999869	0.000010	0.000010	0.000010	LD_0.9_14_1230
PB857	0.000010	0.000010	0.000010	0.000010	0.000010	0.000010	0.000010	0.000010	0.000010	0.000010	0.999870	0.000010	0.000010	0.000010	LD_0.9_14_1230
PE887	0.976646	0.000010	0.000010	0.000010	0.000010	0.000010	0.000010	0.000010	0.000010	0.000010	0.000010	0.000010	0.000010	0.023234	LD_0.9_14_1230
QG1005	0.000010	0.000010	0.469205	0.000010	0.448219	0.000010	0.000014	0.000010	0.000010	0.000010	0.000010	0.000010	0.000010	0.082463	LD_0.9_14_1230
QG1007	0.000010	0.000010	0.999870	0.000010	0.000010	0.000010	0.000010	0.000010	0.000010	0.000010	0.000010	0.000010	0.000010	0.000010	LD_0.9_14_1230
QG1111	0.000010	0.000010	0.566052	0.000010	0.433828	0.000010	0.000010	0.000010	0.000010	0.000010	0.000010	0.000010	0.000010	0.000010	LD_0.9_14_1230
QG1126	0.000010	0.000010	0.999870	0.000010	0.000010	0.000010	0.000010	0.000010	0.000010	0.000010	0.000010	0.000010	0.000010	0.000010	LD_0.9_14_1230
QG1141	0.000010	0.000010	0.000010	0.000010	0.999870	0.000010	0.000010	0.000010	0.000010	0.000010	0.000010	0.000010	0.000010	0.000010	LD_0.9_14_1230
QG1155	0.000010	0.000010	0.000010	0.000010	0.999870	0.000010	0.000010	0.000010	0.000010	0.000010	0.000010	0.000010	0.000010	0.000010	LD_0.9_14_1230
QG130	0.999866	0.000012	0.000010	0.000010	0.000010	0.000010	0.000010	0.000010	0.000010	0.000010	0.000013	0.000010	0.000010	0.000010	LD_0.9_14_1230
QG132	0.927450	0.000010	0.000010	0.000010	0.000010	0.000010	0.000010	0.000010	0.000010	0.000010	0.000010	0.000010	0.000010	0.072430	LD_0.9_14_1230
QG133	0.022900	0.000017	0.000018	0.000010	0.000010	0.177394	0.000013	0.000010	0.000010	0.799579	0.000010	0.000010	0.000010	0.000010	LD_0.9_14_1230
QG2641	0.000010	0.000011	0.816491	0.000010	0.183389	0.000010	0.000010	0.000010	0.000010	0.000010	0.000010	0.000010	0.000010	0.000010	LD_0.9_14_1230
QG2648	0.000010	0.000010	0.999869	0.000010	0.000010	0.000011	0.000010	0.000010	0.000010	0.000010	0.000010	0.000010	0.000010	0.000010	LD_0.9_14_1230
QG2659	0.000010	0.000010	0.501029	0.000010	0.498851	0.000010	0.000010	0.000010	0.000010	0.000010	0.000010	0.000010	0.000010	0.000010	LD_0.9_14_1230
QG2663	0.000010	0.000010	0.211130	0.000010	0.788750	0.000010	0.000010	0.000010	0.000010	0.000010	0.000010	0.000010	0.000010	0.000010	LD_0.9_14_1230
QG2665	0.000010	0.000010	0.882965	0.000010	0.116915	0.000010	0.000010	0.000010	0.000010	0.000010	0.000010	0.000010	0.000010	0.000010	LD_0.9_14_1230
QG2683	0.000010	0.000010	0.000010	0.000010	0.999870	0.000010	0.000010	0.000010	0.000010	0.000010	0.000010	0.000010	0.000010	0.000010	LD_0.9_14_1230
QG2736	0.000010	0.000010	0.522737	0.000010	0.477143	0.000010	0.000010	0.000010	0.000010	0.000010	0.000010	0.000010	0.000010	0.000010	LD_0.9_14_1230
QG2814	0.999859	0.000010	0.000017	0.000010	0.000010	0.000010	0.000010	0.000010	0.000010	0.000015	0.000010	0.000010	0.000010	0.000010	LD_0.9_14_1230
QG2820	0.994210	0.000010	0.005653	0.000010	0.000010	0.000010	0.000012	0.000018	0.000010	0.000010	0.000010	0.000016	0.000010	0.000010	LD_0.9_14_1230
QG2848	0.999870	0.000010	0.000010	0.000010	0.000010	0.000010	0.000010	0.000010	0.000010	0.000010	0.000010	0.000010	0.000010	0.000010	LD_0.9_14_1230
QG2849	0.999870	0.000010	0.000010	0.000010	0.000010	0.000010	0.000010	0.000010	0.000010	0.000010	0.000010	0.000010	0.000010	0.000010	LD_0.9_14_1230
QG2880	0.000011	0.000010	0.000010	0.000010	0.000010	0.000010	0.000010	0.000010	0.999869	0.000010	0.000010	0.000010	0.000010	0.000010	LD_0.9_14_1230
QG2881	0.999870	0.000010	0.000010	0.000010	0.000010	0.000010	0.000010	0.000010	0.000010	0.000010	0.000010	0.000010	0.000010	0.000010	LD_0.9_14_1230
QG2883	0.999870	0.000010	0.000010	0.000010	0.000010	0.000010	0.000010	0.000010	0.000010	0.000010	0.000010	0.000010	0.000010	0.000010	LD_0.9_14_1230
QG2884	0.000010	0.000010	0.000010	0.000010	0.000010	0.000010	0.000010	0.000010	0.999870	0.000010	0.000010	0.000010	0.000010	0.000010	LD_0.9_14_1230
QG2891	0.000010	0.000010	0.000010	0.999867	0.000010	0.000010	0.000010	0.000010	0.000013	0.000010	0.000010	0.000010	0.000010	0.000010	LD_0.9_14_1230
QG2892	0.000010	0.000010	0.000010	0.000010	0.000010	0.000010	0.000010	0.000011	0.999869	0.000010	0.000010	0.000010	0.000010	0.000010	LD_0.9_14_1230
QG2893	0.000010	0.000010	0.000010	0.825000	0.000010	0.000010	0.174876	0.000010	0.000010	0.000010	0.000014	0.000010	0.000010	0.000010	LD_0.9_14_1230
QG2895	0.000010	0.000010	0.000011	0.000010	0.000010	0.000010	0.000010	0.000010	0.999869	0.000010	0.000010	0.000010	0.000010	0.000010	LD_0.9_14_1230
QG2902	0.000010	0.000010	0.000010	0.000010	0.000010	0.000010	0.000010	0.000010	0.999870	0.000010	0.000010	0.000010	0.000010	0.000010	LD_0.9_14_1230
QG2903	0.000010	0.000010	0.000010	0.000015	0.000010	0.000017	0.000010	0.000010	0.999858	0.000010	0.000010	0.000010	0.000010	0.000010	LD_0.9_14_1230
QG2906	0.000010	0.000010	0.000010	0.000010	0.000010	0.000010	0.000010	0.000010	0.999870	0.000010	0.000010	0.000010	0.000010	0.000010	LD_0.9_14_1230
QG2908	0.000010	0.000010	0.000010	0.823965	0.000010	0.000010	0.175915	0.000010	0.000010	0.000010	0.000010	0.000010	0.000010	0.000010	LD_0.9_14_1230
QG2910	0.932006	0.000010	0.000010	0.000010	0.000010	0.000010	0.000010	0.000010	0.000010	0.000010	0.000010	0.000010	0.000010	0.067874	LD_0.9_14_1230
QG2919	0.000010	0.000010	0.000010	0.999870	0.000010	0.000010	0.000010	0.000010	0.000010	0.000010	0.000010	0.000010	0.000010	0.000010	LD_0.9_14_1230
QG2923	0.000010	0.000010	0.000010	0.000010	0.000010	0.000010	0.000010	0.000010	0.999870	0.000010	0.000010	0.000010	0.000010	0.000010	LD_0.9_14_1230
QG2925	0.000010	0.000010	0.000010	0.000010	0.000010	0.000010	0.000010	0.000010	0.999870	0.000010	0.000010	0.000010	0.000010	0.000010	LD_0.9_14_1230
QG2964	0.000010	0.000010	0.000010	0.000010	0.999870	0.000010	0.000010	0.000010	0.000010	0.000010	0.000010	0.000010	0.000010	0.000010	LD_0.9_14_1230
QG2966	0.234425	0.000010	0.000010	0.000010	0.689569	0.000010	0.000010	0.000010	0.000010	0.000010	0.000010	0.000010	0.000010	0.075896	LD_0.9_14_1230
QG2969	0.000010	0.000010	0.949722	0.000010	0.050158	0.000010	0.000010	0.000010	0.000010	0.000010	0.000010	0.000010	0.000010	0.000010	LD_0.9_14_1230
QG2972	0.000010	0.000010	0.658509	0.000010	0.341371	0.000010	0.000010	0.000010	0.000010	0.000010	0.000010	0.000010	0.000010	0.000010	LD_0.9_14_1230
QG2996	0.000011	0.000010	0.999866	0.000010	0.000010	0.000013	0.000010	0.000010	0.000010	0.000010	0.000010	0.000010	0.000010	0.000010	LD_0.9_14_1230
QG3004	0.085073	0.000010	0.349646	0.000011	0.424239	0.000011	0.000010	0.000010	0.000010	0.000010	0.000010	0.000010	0.000010	0.140940	LD_0.9_14_1230
QG3006	0.000010	0.000013	0.746362	0.000010	0.253514	0.000010	0.000010	0.000010	0.000012	0.000010	0.000010	0.000010	0.000010	0.000010	LD_0.9_14_1230
QG3019	0.000010	0.000010	0.230110	0.000013	0.647596	0.000010	0.000010	0.000010	0.000010	0.000010	0.000010	0.000010	0.000010	0.122181	LD_0.9_14_1230
QG3025	0.000010	0.000010	0.999870	0.000010	0.000010	0.000010	0.000010	0.000010	0.000010	0.000010	0.000010	0.000010	0.000010	0.000010	LD_0.9_14_1230
QG3030	0.000010	0.000010	0.999870	0.000010	0.000010	0.000010	0.000010	0.000010	0.000010	0.000010	0.000010	0.000010	0.000010	0.000010	LD_0.9_14_1230
QG3032	0.000010	0.000010	0.096474	0.000010	0.700881	0.000010	0.000010	0.000010	0.000010	0.000010	0.000010	0.000010	0.000010	0.202535	LD_0.9_14_1230
QG3034	0.000010	0.000010	0.999870	0.000010	0.000010	0.000010	0.000010	0.000010	0.000010	0.000010	0.000010	0.000010	0.000010	0.000010	LD_0.9_14_1230
QG3041	0.000015	0.000010	0.999865	0.000010	0.000010	0.000010	0.000010	0.000010	0.000010	0.000010	0.000010	0.000010	0.000010	0.000010	LD_0.9_14_1230
QG3053	0.557764	0.000010	0.000010	0.000010	0.000010	0.000010	0.000010	0.000010	0.000010	0.000010	0.000010	0.000010	0.000010	0.442116	LD_0.9_14_1230
QG3056	0.233791	0.000010	0.000010	0.000010	0.680120	0.000010	0.000010	0.000010	0.000010	0.000010	0.000010	0.000010	0.000010	0.085979	LD_0.9_14_1230
QG3057	0.000010	0.000010	0.885894	0.000010	0.113986	0.000010	0.000010	0.000010	0.000010	0.000010	0.000010	0.000010	0.000010	0.000010	LD_0.9_14_1230
QG3058	0.000010	0.000010	0.287175	0.000010	0.651802	0.000010	0.000010	0.000010	0.000010	0.000010	0.000010	0.000010	0.000010	0.060914	LD_0.9_14_1230
QG3527	0.296809	0.000010	0.011950	0.000010	0.111772	0.000010	0.000010	0.000010	0.000010	0.000010	0.000010	0.000010	0.000010	0.579369	LD_0.9_14_1230
QG3661	0.000010	0.000010	0.000010	0.000010	0.000010	0.000010	0.000012	0.000010	0.000010	0.000010	0.999868	0.000010	0.000010	0.000010	LD_0.9_14_1230
QG3783	0.400529	0.000010	0.000010	0.000013	0.037329	0.000010	0.000014	0.000011	0.000010	0.000010	0.000010	0.000012	0.000010	0.562021	LD_0.9_14_1230
QG3801	0.012139	0.000010	0.460731	0.000010	0.423388	0.000015	0.000010	0.000010	0.000010	0.000010	0.000010	0.000010	0.000010	0.103636	LD_0.9_14_1230
QG3815	0.247227	0.000010	0.000010	0.000010	0.000012	0.000010	0.000010	0.000010	0.000010	0.000010	0.000010	0.000010	0.000010	0.752651	LD_0.9_14_1230
QG3816	0.398727	0.000011	0.000010	0.000010	0.035611	0.000010	0.000010	0.000010	0.000010	0.000010	0.000010	0.000011	0.000010	0.565549	LD_0.9_14_1230
QG3823	0.045241	0.000010	0.756166	0.000010	0.094349	0.000010	0.000010	0.000010	0.000010	0.000010	0.000010	0.000010	0.000010	0.104143	LD_0.9_14_1230
QG3825	0.408847	0.000010	0.000010	0.000010	0.000015	0.000010	0.000010	0.000010	0.000010	0.000010	0.000010	0.000010	0.000010	0.591028	LD_0.9_14_1230
QG3826	0.374602	0.000010	0.000010	0.000017	0.058061	0.000010	0.000011	0.000010	0.000013	0.000010	0.000015	0.000010	0.000010	0.567210	LD_0.9_14_1230
QG3837	0.357295	0.000010	0.000010	0.000010	0.000010	0.000010	0.000010	0.000014	0.000010	0.000010	0.000010	0.000010	0.000010	0.642581	LD_0.9_14_1230
QG3851	0.372549	0.000010	0.000010	0.000010	0.039105	0.000010	0.000010	0.000010	0.000010	0.000010	0.000010	0.000010	0.000010	0.588235	LD_0.9_14_1230
QG3861	0.365783	0.000010	0.000010	0.000010	0.014602	0.000010	0.000010	0.000010	0.000010	0.000010	0.000010	0.000010	0.000010	0.619505	LD_0.9_14_1230
QG3867	0.028013	0.000010	0.601471	0.000010	0.202961	0.000010	0.000010	0.000010	0.000010	0.000010	0.000010	0.000010	0.000010	0.167455	LD_0.9_14_1230
QG3874	0.492279	0.000010	0.000010	0.000010	0.000010	0.000010	0.000010	0.000010	0.000010	0.000010	0.000011	0.000010	0.000010	0.507600	LD_0.9_14_1230
QG3875	0.185439	0.000010	0.000010	0.000010	0.000010	0.000010	0.000010	0.000010	0.000010	0.000010	0.000010	0.000010	0.000010	0.814441	LD_0.9_14_1230
QG3876	0.358422	0.000017	0.000010	0.000010	0.032055	0.000010	0.000010	0.000010	0.000010	0.000010	0.000010	0.000010	0.000010	0.609407	LD_0.9_14_1230
QG3878	0.175905	0.000010	0.000010	0.000010	0.000010	0.000010	0.000010	0.000010	0.000010	0.000010	0.000010	0.000010	0.000010	0.823975	LD_0.9_14_1230
QG3920	0.311175	0.000010	0.000010	0.000010	0.015418	0.000010	0.000010	0.000010	0.000010	0.000010	0.000010	0.000010	0.000010	0.673297	LD_0.9_14_1230
QG3921	0.351713	0.000010	0.000010	0.000010	0.008323	0.000010	0.000010	0.000010	0.000010	0.000010	0.000010	0.000010	0.000010	0.639854	LD_0.9_14_1230
QG3923	0.423311	0.000010	0.000010	0.000010	0.000010	0.000010	0.000010	0.000010	0.000010	0.000010	0.000010	0.000010	0.000010	0.576569	LD_0.9_14_1230
QG3924	0.289123	0.000010	0.000010	0.000010	0.150716	0.000010	0.000010	0.000010	0.000010	0.000020	0.000010	0.000010	0.000010	0.560041	LD_0.9_14_1230
QG3925	0.218828	0.000010	0.000010	0.000010	0.000010	0.000010	0.000010	0.000010	0.000011	0.000010	0.000010	0.000010	0.000010	0.781051	LD_0.9_14_1230
QG3926	0.231552	0.000010	0.000010	0.000010	0.000010	0.000010	0.000010	0.000010	0.000010	0.000010	0.000010	0.000010	0.000010	0.768328	LD_0.9_14_1230
QG3927	0.346211	0.000010	0.000010	0.000010	0.000010	0.000010	0.000010	0.000010	0.000010	0.000010	0.000010	0.000010	0.000010	0.653669	LD_0.9_14_1230
QG3931	0.124843	0.000010	0.000010	0.000010	0.043107	0.000010	0.000010	0.000010	0.000020	0.000010	0.000010	0.000010	0.000010	0.831930	LD_0.9_14_1230
QG3932	0.442791	0.000010	0.000010	0.000010	0.000010	0.000010	0.000010	0.000010	0.000010	0.000010	0.000013	0.000010	0.000010	0.557087	LD_0.9_14_1230
QG3933	0.695016	0.000010	0.000010	0.000010	0.000010	0.000010	0.000010	0.000010	0.000010	0.000010	0.000013	0.000010	0.000010	0.304861	LD_0.9_14_1230
QG4026	0.000010	0.000010	0.000017	0.999863	0.000010	0.000010	0.000010	0.000010	0.000010	0.000010	0.000010	0.000010	0.000010	0.000010	LD_0.9_14_1230
QG4028	0.000010	0.000010	0.000010	0.999870	0.000010	0.000010	0.000010	0.000010	0.000010	0.000010	0.000010	0.000010	0.000010	0.000010	LD_0.9_14_1230
QG4031	0.000010	0.000010	0.000010	0.999870	0.000010	0.000010	0.000010	0.000010	0.000010	0.000010	0.000010	0.000010	0.000010	0.000010	LD_0.9_14_1230
QG4063	0.000010	0.000010	0.000010	0.999870	0.000010	0.000010	0.000010	0.000010	0.000010	0.000010	0.000010	0.000010	0.000010	0.000010	LD_0.9_14_1230
QG4064	0.000017	0.000010	0.000010	0.999863	0.000010	0.000010	0.000010	0.000010	0.000010	0.000010	0.000010	0.000010	0.000010	0.000010	LD_0.9_14_1230
QG4067	0.000010	0.000010	0.000010	0.999870	0.000010	0.000010	0.000010	0.000010	0.000010	0.000010	0.000010	0.000010	0.000010	0.000010	LD_0.9_14_1230
QG4068	0.000010	0.000010	0.000010	0.999870	0.000010	0.000010	0.000010	0.000010	0.000010	0.000010	0.000010	0.000010	0.000010	0.000010	LD_0.9_14_1230
QG4070	0.999870	0.000010	0.000010	0.000010	0.000010	0.000010	0.000010	0.000010	0.000010	0.000010	0.000010	0.000010	0.000010	0.000010	LD_0.9_14_1230
QG4093	0.000010	0.000010	0.000010	0.888262	0.000010	0.000010	0.111616	0.000010	0.000010	0.000010	0.000011	0.000010	0.000010	0.000010	LD_0.9_14_1230
QG4094	0.000010	0.000010	0.000010	0.999863	0.000010	0.000010	0.000010	0.000010	0.000010	0.000010	0.000017	0.000010	0.000010	0.000010	LD_0.9_14_1230
QG4095	0.000010	0.000010	0.000010	0.999870	0.000010	0.000010	0.000010	0.000010	0.000010	0.000010	0.000010	0.000010	0.000010	0.000010	LD_0.9_14_1230
QG4096	0.000010	0.000010	0.000010	0.999870	0.000010	0.000010	0.000010	0.000010	0.000010	0.000010	0.000010	0.000010	0.000010	0.000010	LD_0.9_14_1230
QG4097	0.000012	0.000010	0.000010	0.999868	0.000010	0.000010	0.000010	0.000010	0.000010	0.000010	0.000010	0.000010	0.000010	0.000010	LD_0.9_14_1230
QG4104	0.000010	0.000010	0.000010	0.999870	0.000010	0.000010	0.000010	0.000010	0.000010	0.000010	0.000010	0.000010	0.000010	0.000010	LD_0.9_14_1230
QG4114	0.000010	0.000010	0.000010	0.999866	0.000010	0.000010	0.000010	0.000014	0.000010	0.000010	0.000010	0.000010	0.000010	0.000010	LD_0.9_14_1230
QG4131	0.000010	0.000010	0.000010	0.999870	0.000010	0.000010	0.000010	0.000010	0.000010	0.000010	0.000010	0.000010	0.000010	0.000010	LD_0.9_14_1230
QG4132	0.000010	0.000010	0.000010	0.999868	0.000010	0.000012	0.000010	0.000010	0.000010	0.000010	0.000010	0.000010	0.000010	0.000010	LD_0.9_14_1230
QG4208	0.000010	0.000010	0.000010	0.862141	0.000010	0.000010	0.137736	0.000010	0.000010	0.000010	0.000013	0.000010	0.000010	0.000010	LD_0.9_14_1230
QG4214	0.000010	0.000010	0.000010	0.999870	0.000010	0.000010	0.000010	0.000010	0.000010	0.000010	0.000010	0.000010	0.000010	0.000010	LD_0.9_14_1230
QG4225	0.000010	0.000010	0.000010	0.999870	0.000010	0.000010	0.000010	0.000010	0.000010	0.000010	0.000010	0.000010	0.000010	0.000010	LD_0.9_14_1230
QG4232	0.000010	0.000010	0.000010	0.968775	0.000010	0.000010	0.031105	0.000010	0.000010	0.000010	0.000010	0.000010	0.000010	0.000010	LD_0.9_14_1230
QG4233	0.000010	0.000010	0.000010	0.999870	0.000010	0.000010	0.000010	0.000010	0.000010	0.000010	0.000010	0.000010	0.000010	0.000010	LD_0.9_14_1230
QG4647	0.000010	0.000010	0.000010	0.000010	0.000010	0.000010	0.000010	0.999870	0.000010	0.000010	0.000010	0.000010	0.000010	0.000010	LD_0.9_14_1230
QG4648	0.744119	0.000010	0.000010	0.000010	0.000019	0.000010	0.000010	0.255747	0.000013	0.000013	0.000010	0.000010	0.000010	0.000010	LD_0.9_14_1230
QG4683	0.791513	0.000010	0.000010	0.000010	0.000010	0.000010	0.000010	0.208367	0.000010	0.000010	0.000010	0.000010	0.000010	0.000010	LD_0.9_14_1230
QG4701	0.000010	0.000010	0.000010	0.000010	0.000010	0.000010	0.000010	0.999870	0.000010	0.000010	0.000010	0.000010	0.000010	0.000010	LD_0.9_14_1230
QG4706	0.804679	0.000010	0.000010	0.000010	0.000010	0.000010	0.000010	0.195201	0.000010	0.000010	0.000010	0.000010	0.000010	0.000010	LD_0.9_14_1230
QG4718	0.796058	0.000010	0.000010	0.000010	0.000010	0.000010	0.000010	0.203822	0.000010	0.000010	0.000010	0.000010	0.000010	0.000010	LD_0.9_14_1230
QG4742	0.811377	0.000010	0.000010	0.000010	0.000010	0.000010	0.000010	0.188500	0.000013	0.000010	0.000010	0.000010	0.000010	0.000010	LD_0.9_14_1230
QG4805	0.000010	0.000010	0.000010	0.000010	0.000010	0.000010	0.000010	0.999870	0.000010	0.000010	0.000010	0.000010	0.000010	0.000010	LD_0.9_14_1230
QG4847	0.999870	0.000010	0.000010	0.000010	0.000010	0.000010	0.000010	0.000010	0.000010	0.000010	0.000010	0.000010	0.000010	0.000010	LD_0.9_14_1230
QG4966	0.737062	0.000010	0.000010	0.000010	0.000010	0.000010	0.000010	0.262818	0.000010	0.000010	0.000010	0.000010	0.000010	0.000010	LD_0.9_14_1230
QG5348	0.835194	0.000010	0.000010	0.000010	0.000010	0.000010	0.000010	0.164686	0.000010	0.000010	0.000010	0.000010	0.000010	0.000010	LD_0.9_14_1230
QG5406	0.759280	0.000010	0.000010	0.000010	0.000010	0.000010	0.000010	0.240600	0.000010	0.000010	0.000010	0.000010	0.000010	0.000010	LD_0.9_14_1230
QG547	0.000010	0.000010	0.000010	0.000010	0.000010	0.000010	0.000010	0.000010	0.000010	0.000010	0.999870	0.000010	0.000010	0.000010	LD_0.9_14_1230
QG5474	0.010747	0.000010	0.000010	0.000010	0.000010	0.000010	0.000010	0.989133	0.000010	0.000010	0.000010	0.000010	0.000010	0.000010	LD_0.9_14_1230
QG5488	0.845506	0.000010	0.000010	0.000010	0.000010	0.000010	0.000010	0.154374	0.000010	0.000010	0.000010	0.000010	0.000010	0.000010	LD_0.9_14_1230
QG550	0.529031	0.132615	0.000010	0.000010	0.000010	0.000010	0.000010	0.000010	0.338244	0.000010	0.000010	0.000010	0.000010	0.000010	LD_0.9_14_1230
QG5507	0.635926	0.000010	0.000010	0.000010	0.000010	0.000010	0.000010	0.363954	0.000010	0.000010	0.000010	0.000010	0.000010	0.000010	LD_0.9_14_1230
QG5525	0.756853	0.000010	0.000010	0.000010	0.000010	0.000010	0.000010	0.243023	0.000014	0.000010	0.000010	0.000010	0.000010	0.000010	LD_0.9_14_1230
QG5589	0.000010	0.000010	0.000010	0.000010	0.000010	0.000010	0.000010	0.999870	0.000010	0.000010	0.000010	0.000010	0.000010	0.000010	LD_0.9_14_1230
QG5603	0.003260	0.000010	0.000010	0.000010	0.000010	0.000010	0.000010	0.996620	0.000010	0.000010	0.000010	0.000010	0.000010	0.000010	LD_0.9_14_1230
QG5611	0.733392	0.000010	0.000010	0.000010	0.000010	0.000010	0.000010	0.266488	0.000010	0.000010	0.000010	0.000010	0.000010	0.000010	LD_0.9_14_1230
QG5612	0.756585	0.000010	0.000010	0.000010	0.000010	0.000010	0.000010	0.149965	0.000010	0.000010	0.000010	0.000010	0.000010	0.093340	LD_0.9_14_1230
QG5633	0.722739	0.000010	0.000010	0.000010	0.000010	0.000011	0.000016	0.277134	0.000010	0.000010	0.000010	0.000010	0.000010	0.000010	LD_0.9_14_1230
QG581	0.000012	0.000010	0.000010	0.000010	0.000010	0.000010	0.000010	0.000010	0.000010	0.000010	0.999868	0.000010	0.000010	0.000010	LD_0.9_14_1230
QG588	0.000010	0.000019	0.000010	0.000013	0.000010	0.000010	0.000010	0.000010	0.000010	0.000017	0.999851	0.000010	0.000010	0.000010	LD_0.9_14_1230
QG700	0.000010	0.000010	0.000010	0.000010	0.848041	0.000010	0.000010	0.000010	0.000010	0.000010	0.000010	0.000010	0.000010	0.151839	LD_0.9_14_1230
QG727	0.000010	0.000010	0.000010	0.000010	0.999870	0.000010	0.000010	0.000010	0.000010	0.000010	0.000010	0.000010	0.000010	0.000010	LD_0.9_14_1230
QG733	0.000011	0.000010	0.000010	0.000010	0.999865	0.000010	0.000013	0.000010	0.000010	0.000010	0.000010	0.000010	0.000010	0.000010	LD_0.9_14_1230
QG736	0.000010	0.000010	0.253126	0.000010	0.746749	0.000010	0.000010	0.000010	0.000010	0.000010	0.000015	0.000010	0.000010	0.000010	LD_0.9_14_1230
QG737	0.000010	0.000015	0.620453	0.000010	0.379423	0.000010	0.000010	0.000010	0.000010	0.000010	0.000010	0.000010	0.000010	0.000010	LD_0.9_14_1230
QG739	0.000010	0.000010	0.000010	0.000010	0.999869	0.000010	0.000010	0.000010	0.000011	0.000010	0.000010	0.000010	0.000010	0.000010	LD_0.9_14_1230
QG761	0.000010	0.000010	0.000010	0.000010	0.738041	0.000010	0.000010	0.000010	0.000010	0.000010	0.000010	0.000010	0.000010	0.261839	LD_0.9_14_1230
QG763	0.000010	0.000010	0.316625	0.000010	0.628563	0.000010	0.000010	0.000015	0.000010	0.000010	0.000010	0.000010	0.000010	0.054697	LD_0.9_14_1230
QG776	0.000010	0.000010	0.267134	0.000010	0.732746	0.000010	0.000010	0.000010	0.000010	0.000010	0.000010	0.000010	0.000010	0.000010	LD_0.9_14_1230
QG781	0.000010	0.000010	0.000010	0.000010	0.999870	0.000010	0.000010	0.000010	0.000010	0.000010	0.000010	0.000010	0.000010	0.000010	LD_0.9_14_1230
QG784	0.000010	0.000013	0.848663	0.000010	0.151212	0.000010	0.000011	0.000010	0.000010	0.000010	0.000011	0.000010	0.000010	0.000010	LD_0.9_14_1230
QG786	0.000010	0.000010	0.764999	0.000010	0.234879	0.000010	0.000010	0.000010	0.000010	0.000010	0.000011	0.000010	0.000010	0.000010	LD_0.9_14_1230
QG788	0.000010	0.000010	0.000010	0.000010	0.999870	0.000010	0.000010	0.000010	0.000010	0.000010	0.000010	0.000010	0.000010	0.000010	LD_0.9_14_1230
QG790	0.000010	0.000012	0.648425	0.000012	0.351451	0.000010	0.000010	0.000010	0.000010	0.000010	0.000010	0.000010	0.000010	0.000010	LD_0.9_14_1230
QG791	0.054704	0.000010	0.185334	0.000010	0.759852	0.000010	0.000010	0.000010	0.000010	0.000010	0.000010	0.000010	0.000010	0.000010	LD_0.9_14_1230
QG795	0.000010	0.000010	0.038446	0.000019	0.648573	0.000010	0.000010	0.000010	0.000010	0.000010	0.000010	0.000010	0.000010	0.312862	LD_0.9_14_1230
QG797	0.000010	0.000010	0.999870	0.000010	0.000010	0.000010	0.000010	0.000010	0.000010	0.000010	0.000010	0.000010	0.000010	0.000010	LD_0.9_14_1230
QG802	0.000010	0.000010	0.000010	0.000010	0.999863	0.000010	0.000010	0.000014	0.000013	0.000010	0.000010	0.000010	0.000010	0.000010	LD_0.9_14_1230
QG804	0.000010	0.000010	0.999870	0.000010	0.000010	0.000010	0.000010	0.000010	0.000010	0.000010	0.000010	0.000010	0.000010	0.000010	LD_0.9_14_1230
QG806	0.000010	0.000010	0.000011	0.000010	0.999869	0.000010	0.000010	0.000010	0.000010	0.000010	0.000010	0.000010	0.000010	0.000010	LD_0.9_14_1230
QG807	0.000010	0.000010	0.000010	0.000010	0.999870	0.000010	0.000010	0.000010	0.000010	0.000010	0.000010	0.000010	0.000010	0.000010	LD_0.9_14_1230
QG808	0.046752	0.000010	0.506139	0.000010	0.446999	0.000010	0.000010	0.000010	0.000010	0.000010	0.000010	0.000010	0.000010	0.000010	LD_0.9_14_1230
QG809	0.000010	0.000010	0.999870	0.000010	0.000010	0.000010	0.000010	0.000010	0.000010	0.000010	0.000010	0.000010	0.000010	0.000010	LD_0.9_14_1230
QG825	0.000010	0.000010	0.000010	0.000010	0.999869	0.000010	0.000010	0.000010	0.000010	0.000011	0.000010	0.000010	0.000010	0.000010	LD_0.9_14_1230
QG827	0.000010	0.000010	0.000010	0.000010	0.999870	0.000010	0.000010	0.000010	0.000010	0.000010	0.000010	0.000010	0.000010	0.000010	LD_0.9_14_1230
QG828	0.000010	0.000010	0.000010	0.000010	0.999870	0.000010	0.000010	0.000010	0.000010	0.000010	0.000010	0.000010	0.000010	0.000010	LD_0.9_14_1230
QG833	0.000013	0.000010	0.000010	0.000010	0.999866	0.000010	0.000011	0.000010	0.000010	0.000010	0.000010	0.000010	0.000010	0.000010	LD_0.9_14_1230
QG855	0.032386	0.000010	0.550179	0.000010	0.417324	0.000010	0.000010	0.000010	0.000010	0.000010	0.000010	0.000010	0.000010	0.000010	LD_0.9_14_1230
QG856	0.000010	0.000010	0.108469	0.000010	0.891409	0.000011	0.000010	0.000010	0.000010	0.000010	0.000011	0.000010	0.000010	0.000010	LD_0.9_14_1230
QG858	0.000010	0.000010	0.842269	0.000010	0.157611	0.000010	0.000010	0.000010	0.000010	0.000010	0.000010	0.000010	0.000010	0.000010	LD_0.9_14_1230
QG860	0.000010	0.000010	0.000010	0.000010	0.789840	0.000010	0.000010	0.000010	0.000010	0.000010	0.000010	0.000010	0.000010	0.210040	LD_0.9_14_1230
QG864	0.000010	0.000010	0.672234	0.000010	0.327641	0.000010	0.000014	0.000010	0.000010	0.000010	0.000010	0.000010	0.000010	0.000010	LD_0.9_14_1230
QG865	0.000010	0.000010	0.005465	0.000010	0.994414	0.000010	0.000010	0.000011	0.000010	0.000010	0.000010	0.000010	0.000010	0.000010	LD_0.9_14_1230
QG866	0.000010	0.000010	0.134830	0.000010	0.865050	0.000010	0.000010	0.000010	0.000010	0.000010	0.000010	0.000010	0.000010	0.000010	LD_0.9_14_1230
QG868	0.000010	0.000010	0.000010	0.000010	0.999861	0.000011	0.000010	0.000010	0.000010	0.000012	0.000017	0.000010	0.000010	0.000010	LD_0.9_14_1230
QG874	0.000010	0.000010	0.000010	0.000010	0.999870	0.000010	0.000010	0.000010	0.000010	0.000010	0.000010	0.000010	0.000010	0.000010	LD_0.9_14_1230
QG875	0.000010	0.000010	0.999870	0.000010	0.000010	0.000010	0.000010	0.000010	0.000010	0.000010	0.000010	0.000010	0.000010	0.000010	LD_0.9_14_1230
QG878	0.000010	0.000010	0.000010	0.000010	0.999870	0.000010	0.000010	0.000010	0.000010	0.000010	0.000010	0.000010	0.000010	0.000010	LD_0.9_14_1230
QG879	0.000010	0.000010	0.000010	0.000010	0.999870	0.000010	0.000010	0.000010	0.000010	0.000010	0.000010	0.000010	0.000010	0.000010	LD_0.9_14_1230
QG880	0.000010	0.000010	0.243334	0.000010	0.756546	0.000010	0.000010	0.000010	0.000010	0.000010	0.000010	0.000010	0.000010	0.000010	LD_0.9_14_1230
QG881	0.000010	0.000010	0.000010	0.000010	0.753700	0.000010	0.000010	0.000010	0.000010	0.000010	0.000010	0.000010	0.000010	0.246180	LD_0.9_14_1230
QG887	0.000010	0.000010	0.016105	0.000010	0.983769	0.000010	0.000010	0.000016	0.000010	0.000010	0.000010	0.000010	0.000010	0.000010	LD_0.9_14_1230
QG888	0.000010	0.000010	0.999870	0.000010	0.000010	0.000010	0.000010	0.000010	0.000010	0.000010	0.000010	0.000010	0.000010	0.000010	LD_0.9_14_1230
QG926	0.000010	0.000010	0.000010	0.000010	0.999870	0.000010	0.000010	0.000010	0.000010	0.000010	0.000010	0.000010	0.000010	0.000010	LD_0.9_14_1230
QG927	0.933797	0.000010	0.066075	0.000010	0.000010	0.000010	0.000010	0.000010	0.000010	0.000018	0.000010	0.000010	0.000010	0.000010	LD_0.9_14_1230
QG933	0.000010	0.000010	0.999870	0.000010	0.000010	0.000010	0.000010	0.000010	0.000010	0.000010	0.000010	0.000010	0.000010	0.000010	LD_0.9_14_1230
QG937	0.031290	0.000010	0.968590	0.000010	0.000010	0.000010	0.000010	0.000010	0.000010	0.000010	0.000010	0.000010	0.000010	0.000010	LD_0.9_14_1230
QG945	0.000010	0.000010	0.999870	0.000010	0.000010	0.000010	0.000010	0.000010	0.000010	0.000010	0.000010	0.000010	0.000010	0.000010	LD_0.9_14_1230
QG946	0.000010	0.000010	0.999870	0.000010	0.000010	0.000010	0.000010	0.000010	0.000010	0.000010	0.000010	0.000010	0.000010	0.000010	LD_0.9_14_1230
QG947	0.000010	0.000010	0.000010	0.000010	0.999869	0.000010	0.000010	0.000010	0.000011	0.000010	0.000010	0.000010	0.000010	0.000010	LD_0.9_14_1230
QG948	0.000010	0.000010	0.000010	0.000010	0.999870	0.000010	0.000010	0.000010	0.000010	0.000010	0.000010	0.000010	0.000010	0.000010	LD_0.9_14_1230
QG952	0.000010	0.000010	0.000010	0.000010	0.952200	0.000010	0.000010	0.000010	0.000010	0.000010	0.000010	0.000010	0.000010	0.047680	LD_0.9_14_1230
QG978	0.019925	0.000010	0.838102	0.000010	0.000010	0.000010	0.000010	0.000018	0.000010	0.000010	0.000010	0.000010	0.000010	0.141855	LD_0.9_14_1230
QG980	0.000010	0.000010	0.000010	0.000010	0.999867	0.000010	0.000010	0.000013	0.000010	0.000010	0.000010	0.000010	0.000010	0.000010	LD_0.9_14_1230
QG986	0.000010	0.000010	0.000010	0.000010	0.999870	0.000010	0.000010	0.000010	0.000010	0.000010	0.000010	0.000010	0.000010	0.000010	LD_0.9_14_1230
QG991	0.000010	0.000010	0.000010	0.000010	0.999869	0.000010	0.000010	0.000010	0.000011	0.000010	0.000010	0.000010	0.000010	0.000010	LD_0.9_14_1230
QG994	0.000010	0.000010	0.999869	0.000010	0.000011	0.000010	0.000010	0.000010	0.000010	0.000010	0.000010	0.000010	0.000010	0.000010	LD_0.9_14_1230
QG995	0.000010	0.000010	0.000010	0.000010	0.999870	0.000010	0.000010	0.000010	0.000010	0.000010	0.000010	0.000010	0.000010	0.000010	LD_0.9_14_1230
QG997	0.000010	0.000010	0.000010	0.000010	0.999870	0.000010	0.000010	0.000010	0.000010	0.000010	0.000010	0.000010	0.000010	0.000010	LD_0.9_14_1230
QG998	0.000010	0.000017	0.999863	0.000010	0.000010	0.000010	0.000010	0.000010	0.000010	0.000010	0.000010	0.000010	0.000010	0.000010	LD_0.9_14_1230
QR25	0.000010	0.487425	0.000010	0.002084	0.000010	0.000010	0.022561	0.000010	0.000010	0.000015	0.290190	0.034552	0.163103	0.000010	LD_0.9_14_1230
QX1410	0.311330	0.000010	0.000010	0.000010	0.000010	0.000010	0.000010	0.000010	0.000019	0.000010	0.000010	0.000010	0.000010	0.688541	LD_0.9_14_1230
QX1547	0.000010	0.000010	0.000010	0.000010	0.000010	0.000016	0.000010	0.000010	0.000010	0.000010	0.999858	0.000016	0.000010	0.000010	LD_0.9_14_1230
QX1795	0.881511	0.000010	0.000010	0.000010	0.000010	0.000010	0.000010	0.000010	0.000010	0.000010	0.000010	0.000010	0.000010	0.118369	LD_0.9_14_1230
QX1796	0.999870	0.000010	0.000010	0.000010	0.000010	0.000010	0.000010	0.000010	0.000010	0.000010	0.000010	0.000010	0.000010	0.000010	LD_0.9_14_1230
QX1798	0.000010	0.000010	0.000010	0.000010	0.000010	0.561685	0.000010	0.000010	0.000010	0.438195	0.000010	0.000010	0.000010	0.000010	LD_0.9_14_1230
QX1800	0.999870	0.000010	0.000010	0.000010	0.000010	0.000010	0.000010	0.000010	0.000010	0.000010	0.000010	0.000010	0.000010	0.000010	LD_0.9_14_1230
QX1801	0.999864	0.000010	0.000010	0.000010	0.000010	0.000010	0.000010	0.000010	0.000016	0.000010	0.000010	0.000010	0.000010	0.000010	LD_0.9_14_1230
QX1802	0.991987	0.000010	0.007893	0.000010	0.000010	0.000010	0.000010	0.000010	0.000010	0.000010	0.000010	0.000010	0.000010	0.000010	LD_0.9_14_1230
QX1803	0.999870	0.000010	0.000010	0.000010	0.000010	0.000010	0.000010	0.000010	0.000010	0.000010	0.000010	0.000010	0.000010	0.000010	LD_0.9_14_1230
QX1804	0.999870	0.000010	0.000010	0.000010	0.000010	0.000010	0.000010	0.000010	0.000010	0.000010	0.000010	0.000010	0.000010	0.000010	LD_0.9_14_1230
SOW18	0.000010	0.000010	0.000010	0.000010	0.000010	0.000010	0.000010	0.000010	0.000010	0.000010	0.999870	0.000010	0.000010	0.000010	LD_0.9_14_1230
SOW21	0.000010	0.000010	0.000010	0.000010	0.000010	0.000016	0.000010	0.000010	0.000010	0.000010	0.999861	0.000013	0.000010	0.000010	LD_0.9_14_1230
SOW22	0.000015	0.000010	0.000013	0.000010	0.000010	0.000010	0.000010	0.000010	0.000010	0.000010	0.999861	0.000011	0.000010	0.000010	LD_0.9_14_1230
TT3408	0.999867	0.000010	0.000010	0.000010	0.000010	0.000010	0.000010	0.000010	0.000010	0.000010	0.000010	0.000013	0.000010	0.000010	LD_0.9_14_1230
TT3411	0.999870	0.000010	0.000010	0.000010	0.000010	0.000010	0.000010	0.000010	0.000010	0.000010	0.000010	0.000010	0.000010	0.000010	LD_0.9_14_1230
TWN1772	0.000010	0.000010	0.000019	0.000010	0.000010	0.000010	0.000010	0.000010	0.000010	0.999861	0.000010	0.000010	0.000010	0.000010	LD_0.9_14_1230
TWN1824	0.000010	0.000010	0.000010	0.000010	0.000010	0.000010	0.000010	0.000010	0.000010	0.000010	0.000010	0.999870	0.000010	0.000010	LD_0.9_14_1230
TWN1899	0.000010	0.000010	0.000010	0.000010	0.000010	0.000010	0.000010	0.000010	0.000011	0.000010	0.000010	0.999869	0.000010	0.000010	LD_0.9_14_1230
TWN1907	0.000010	0.000010	0.000010	0.000010	0.000010	0.999870	0.000010	0.000010	0.000010	0.000010	0.000010	0.000010	0.000010	0.000010	LD_0.9_14_1230
TWN2919	0.000010	0.000010	0.000010	0.000010	0.000010	0.999865	0.000010	0.000010	0.000010	0.000015	0.000010	0.000010	0.000010	0.000010	LD_0.9_14_1230
TWN3077	0.000010	0.000010	0.000010	0.000011	0.000010	0.052000	0.000010	0.000010	0.000010	0.947877	0.000010	0.000012	0.000010	0.000010	LD_0.9_14_1230
UH1	0.000010	0.000010	0.000010	0.000010	0.000010	0.452483	0.000019	0.000010	0.000010	0.547387	0.000010	0.000010	0.000010	0.000010	LD_0.9_14_1230
VSL2201	0.325566	0.674314	0.000010	0.000010	0.000010	0.000010	0.000010	0.000010	0.000010	0.000010	0.000010	0.000010	0.000010	0.000010	LD_0.9_14_1230
VSL2207	0.000010	0.000010	0.000010	0.000010	0.000010	0.000010	0.999864	0.000010	0.000010	0.000010	0.000016	0.000010	0.000010	0.000010	LD_0.9_14_1230
VSL2209	0.000010	0.000010	0.000010	0.000010	0.000010	0.000010	0.999870	0.000010	0.000010	0.000010	0.000010	0.000010	0.000010	0.000010	LD_0.9_14_1230
VSL2210	0.901551	0.000010	0.000010	0.000010	0.000010	0.000010	0.000010	0.098329	0.000010	0.000010	0.000010	0.000010	0.000010	0.000010	LD_0.9_14_1230
VSL2212	0.888479	0.000010	0.000010	0.000010	0.000010	0.000010	0.000010	0.111401	0.000010	0.000010	0.000010	0.000010	0.000010	0.000010	LD_0.9_14_1230
VSL2213	0.000010	0.999870	0.000010	0.000010	0.000010	0.000010	0.000010	0.000010	0.000010	0.000010	0.000010	0.000010	0.000010	0.000010	LD_0.9_14_1230
VSL2215	0.092930	0.906948	0.000010	0.000010	0.000010	0.000010	0.000010	0.000010	0.000012	0.000010	0.000010	0.000010	0.000010	0.000010	LD_0.9_14_1230
VSL2216	0.000010	0.999870	0.000010	0.000010	0.000010	0.000010	0.000010	0.000010	0.000010	0.000010	0.000010	0.000010	0.000010	0.000010	LD_0.9_14_1230
VSL2217	0.000012	0.000010	0.000010	0.000010	0.000010	0.000010	0.000010	0.068721	0.931156	0.000010	0.000011	0.000010	0.000010	0.000010	LD_0.9_14_1230
VSL2219	0.999870	0.000010	0.000010	0.000010	0.000010	0.000010	0.000010	0.000010	0.000010	0.000010	0.000010	0.000010	0.000010	0.000010	LD_0.9_14_1230
VT847	0.936982	0.000010	0.000010	0.000010	0.000010	0.000010	0.000010	0.000010	0.000011	0.000010	0.000014	0.000010	0.000010	0.062893	LD_0.9_14_1230
VX34	0.083168	0.000010	0.000010	0.000010	0.000010	0.000010	0.000010	0.000010	0.000010	0.043149	0.578006	0.071453	0.224134	0.000010	LD_0.9_14_1230
XZ1204	0.533474	0.466404	0.000010	0.000010	0.000011	0.000010	0.000010	0.000010	0.000010	0.000010	0.000011	0.000010	0.000010	0.000010	LD_0.9_14_1230
XZ1205	0.000010	0.999870	0.000010	0.000010	0.000010	0.000010	0.000010	0.000010	0.000010	0.000010	0.000010	0.000010	0.000010	0.000010	LD_0.9_14_1230
XZ1206	0.000010	0.999870	0.000010	0.000010	0.000010	0.000010	0.000010	0.000010	0.000010	0.000010	0.000010	0.000010	0.000010	0.000010	LD_0.9_14_1230
XZ1207	0.969384	0.011144	0.000010	0.000010	0.000010	0.000010	0.000010	0.000010	0.000010	0.000010	0.000010	0.000010	0.000010	0.019362	LD_0.9_14_1230
XZ1210	0.968248	0.000010	0.000012	0.000010	0.000010	0.000010	0.000012	0.000010	0.000010	0.000010	0.000010	0.000010	0.000010	0.031628	LD_0.9_14_1230
XZ1212	0.944650	0.000010	0.000010	0.000010	0.000014	0.000010	0.000010	0.000010	0.000010	0.000010	0.000010	0.000010	0.000010	0.055226	LD_0.9_14_1230
XZ1213	0.999870	0.000010	0.000010	0.000010	0.000010	0.000010	0.000010	0.000010	0.000010	0.000010	0.000010	0.000010	0.000010	0.000010	LD_0.9_14_1230
XZ1731	0.982879	0.000010	0.000010	0.000010	0.000010	0.000010	0.000010	0.000010	0.000010	0.000010	0.000010	0.000010	0.000010	0.017001	LD_0.9_14_1230
XZ1732	0.873866	0.000010	0.000010	0.000010	0.000010	0.000010	0.000010	0.000010	0.004636	0.000010	0.000010	0.000010	0.000010	0.121388	LD_0.9_14_1230
ZZY0992	0.000010	0.000010	0.000010	0.000010	0.000010	0.000010	0.000010	0.000010	0.999870	0.000010	0.000010	0.000010	0.000010	0.000010	LD_0.9_14_1230
ZZY1034	0.999870	0.000010	0.000010	0.000010	0.000010	0.000010	0.000010	0.000010	0.000010	0.000010	0.000010	0.000010	0.000010	0.000010	LD_0.9_14_1230
ZZY1075	0.999870	0.000010	0.000010	0.000010	0.000010	0.000010	0.000010	0.000010	0.000010	0.000010	0.000010	0.000010	0.000010	0.000010	LD_0.9_14_1230
ZZY1123	0.000010	0.000010	0.000010	0.000010	0.000010	0.000010	0.000010	0.000010	0.999870	0.000010	0.000010	0.000010	0.000010	0.000010	LD_0.9_14_1230
ZZY1130	0.999866	0.000010	0.000010	0.000010	0.000014	0.000010	0.000010	0.000010	0.000010	0.000010	0.000010	0.000010	0.000010	0.000010	LD_0.9_14_1230
ZZY405	0.999870	0.000010	0.000010	0.000010	0.000010	0.000010	0.000010	0.000010	0.000010	0.000010	0.000010	0.000010	0.000010	0.000010	LD_0.9_14_1230
AF16	0.000010	0.000010	0.000010	0.000010	0.000010	0.000010	0.000010	0.000010	0.000010	0.000010	0.999870	0.000010	0.000010	0.000010	LD_0.9_14_1322
BRC20069	0.000010	0.000010	0.000010	0.000010	0.999870	0.000010	0.000010	0.000010	0.000010	0.000010	0.000010	0.000010	0.000010	0.000010	LD_0.9_14_1322
BRC20073	0.000010	0.000010	0.000010	0.000010	0.999870	0.000010	0.000010	0.000010	0.000010	0.000010	0.000010	0.000010	0.000010	0.000010	LD_0.9_14_1322
BRC20075	0.000010	0.000010	0.000010	0.000017	0.000010	0.000010	0.999862	0.000010	0.000010	0.000010	0.000011	0.000010	0.000010	0.000010	LD_0.9_14_1322
BRC20077	0.000010	0.000010	0.000010	0.000010	0.976994	0.000010	0.000010	0.000010	0.000010	0.000010	0.022886	0.000010	0.000010	0.000010	LD_0.9_14_1322
BRC20081	0.000010	0.919307	0.000010	0.000010	0.000010	0.000010	0.000010	0.000010	0.000010	0.000010	0.000010	0.000010	0.080573	0.000010	LD_0.9_14_1322
BRC20085	0.000010	0.000010	0.000010	0.000010	0.757676	0.069538	0.000010	0.000010	0.000010	0.000010	0.000010	0.122765	0.000010	0.049921	LD_0.9_14_1322
BRC20088	0.000010	0.999867	0.000010	0.000010	0.000010	0.000012	0.000011	0.000010	0.000010	0.000010	0.000010	0.000010	0.000010	0.000010	LD_0.9_14_1322
BRC20089	0.000010	0.000010	0.000010	0.000010	0.999870	0.000010	0.000010	0.000010	0.000010	0.000010	0.000010	0.000010	0.000010	0.000010	LD_0.9_14_1322
BRC20090	0.000010	0.000010	0.000010	0.000010	0.750223	0.000010	0.000010	0.000010	0.000010	0.000010	0.196622	0.044485	0.000010	0.008569	LD_0.9_14_1322
BRC20092	0.000010	0.000010	0.000010	0.000010	0.801216	0.106622	0.000010	0.000010	0.000010	0.000010	0.000010	0.060730	0.000010	0.031332	LD_0.9_14_1322
BRC20093	0.000010	0.000010	0.000010	0.000010	0.999870	0.000010	0.000010	0.000010	0.000010	0.000010	0.000010	0.000010	0.000010	0.000010	LD_0.9_14_1322
BRC20094	0.000010	0.000010	0.000010	0.000010	0.795697	0.120898	0.000010	0.000010	0.000010	0.000010	0.000010	0.077954	0.000010	0.005351	LD_0.9_14_1322
BRC20095	0.000010	0.000010	0.000010	0.000010	0.999870	0.000010	0.000010	0.000010	0.000010	0.000010	0.000010	0.000010	0.000010	0.000010	LD_0.9_14_1322
BRC20096	0.000010	0.000010	0.000010	0.000010	0.999870	0.000010	0.000010	0.000010	0.000010	0.000010	0.000010	0.000010	0.000010	0.000010	LD_0.9_14_1322
BRC20098	0.000010	0.000010	0.000010	0.000010	0.999870	0.000010	0.000010	0.000010	0.000010	0.000010	0.000010	0.000010	0.000010	0.000010	LD_0.9_14_1322
BRC20099	0.000010	0.000010	0.000010	0.000010	0.983200	0.000010	0.000010	0.000010	0.000010	0.000010	0.016680	0.000010	0.000010	0.000010	LD_0.9_14_1322
BRC20100	0.000010	0.000010	0.000010	0.000010	0.999870	0.000010	0.000010	0.000010	0.000010	0.000010	0.000010	0.000010	0.000010	0.000010	LD_0.9_14_1322
BRC20102	0.000010	0.000010	0.000010	0.000010	0.999870	0.000010	0.000010	0.000010	0.000010	0.000010	0.000010	0.000010	0.000010	0.000010	LD_0.9_14_1322
BRC20103	0.000010	0.000010	0.000010	0.000010	0.999870	0.000010	0.000010	0.000010	0.000010	0.000010	0.000010	0.000010	0.000010	0.000010	LD_0.9_14_1322
BRC20105	0.000010	0.000010	0.000010	0.000010	0.753668	0.091454	0.000010	0.000010	0.000010	0.000010	0.000010	0.132028	0.000010	0.022750	LD_0.9_14_1322
BRC20107	0.000010	0.000010	0.000010	0.000010	0.768019	0.088846	0.000010	0.000010	0.000010	0.000010	0.000010	0.125434	0.000010	0.017601	LD_0.9_14_1322
BRC20115	0.000010	0.208683	0.000010	0.000010	0.000010	0.000010	0.645837	0.000010	0.009657	0.000010	0.135723	0.000010	0.000010	0.000010	LD_0.9_14_1322
BRC20119	0.000010	0.000010	0.000010	0.000010	0.278927	0.000010	0.000010	0.000010	0.000010	0.000010	0.000010	0.720953	0.000010	0.000010	LD_0.9_14_1322
BRC20228	0.000010	0.000010	0.000010	0.000010	0.999870	0.000010	0.000010	0.000010	0.000010	0.000010	0.000010	0.000010	0.000010	0.000010	LD_0.9_14_1322
BRC20229	0.000010	0.000010	0.000010	0.000010	0.000012	0.000010	0.999867	0.000010	0.000010	0.000010	0.000010	0.000010	0.000010	0.000010	LD_0.9_14_1322
BRC20230	0.000010	0.999870	0.000010	0.000010	0.000010	0.000010	0.000010	0.000010	0.000010	0.000010	0.000010	0.000010	0.000010	0.000010	LD_0.9_14_1322
BRC20232	0.000010	0.000010	0.000010	0.000010	0.000010	0.000010	0.999870	0.000010	0.000010	0.000010	0.000010	0.000010	0.000010	0.000010	LD_0.9_14_1322
BRC20238	0.000010	0.999864	0.000010	0.000016	0.000010	0.000010	0.000010	0.000010	0.000010	0.000010	0.000010	0.000010	0.000010	0.000010	LD_0.9_14_1322
BRC20239	0.000014	0.000010	0.000010	0.000010	0.000010	0.000014	0.999861	0.000010	0.000010	0.000010	0.000010	0.000010	0.000010	0.000010	LD_0.9_14_1322
BRC20241	0.000010	0.000010	0.000010	0.000010	0.930173	0.000010	0.000010	0.000010	0.000010	0.000010	0.000010	0.069707	0.000010	0.000010	LD_0.9_14_1322
BRC20242	0.000010	0.000010	0.000010	0.000010	0.895741	0.000010	0.000010	0.000010	0.000010	0.000010	0.104139	0.000010	0.000010	0.000010	LD_0.9_14_1322
BRC20244	0.000010	0.999870	0.000010	0.000010	0.000010	0.000010	0.000010	0.000010	0.000010	0.000010	0.000010	0.000010	0.000010	0.000010	LD_0.9_14_1322
BRC20246	0.000010	0.999870	0.000010	0.000010	0.000010	0.000010	0.000010	0.000010	0.000010	0.000010	0.000010	0.000010	0.000010	0.000010	LD_0.9_14_1322
BRC20257	0.000010	0.000010	0.000010	0.000010	0.000010	0.000010	0.000010	0.000010	0.000010	0.000010	0.000010	0.999870	0.000010	0.000010	LD_0.9_14_1322
BRC20260	0.000010	0.000010	0.000010	0.000010	0.999870	0.000010	0.000010	0.000010	0.000010	0.000010	0.000010	0.000010	0.000010	0.000010	LD_0.9_14_1322
BRC20270	0.000010	0.000010	0.000010	0.000010	0.000010	0.000010	0.000019	0.000010	0.000010	0.000010	0.000010	0.000010	0.999861	0.000010	LD_0.9_14_1322
BRC20272	0.000010	0.000010	0.000010	0.000010	0.000010	0.000010	0.000010	0.000010	0.000010	0.000010	0.000010	0.000010	0.999870	0.000010	LD_0.9_14_1322
BRC20289	0.000010	0.146460	0.000010	0.000010	0.000010	0.000010	0.000010	0.000010	0.000010	0.000010	0.000010	0.000010	0.853420	0.000010	LD_0.9_14_1322
BRC20290	0.000010	0.157187	0.000010	0.000010	0.000010	0.000010	0.000010	0.000010	0.000010	0.000010	0.000010	0.000010	0.842693	0.000010	LD_0.9_14_1322
BRC20294	0.000010	0.000010	0.000010	0.000010	0.884844	0.000010	0.000010	0.000010	0.000010	0.000010	0.115036	0.000010	0.000010	0.000010	LD_0.9_14_1322
BRC20308	0.000010	0.000010	0.000010	0.000010	0.000010	0.000010	0.000010	0.000010	0.000010	0.000010	0.000010	0.000010	0.999870	0.000010	LD_0.9_14_1322
BRC20309	0.000010	0.000010	0.000010	0.000010	0.000010	0.000010	0.000010	0.000010	0.000010	0.000010	0.000010	0.000010	0.999870	0.000010	LD_0.9_14_1322
BRC20311	0.000015	0.000010	0.000010	0.000010	0.000010	0.000010	0.000010	0.000010	0.000010	0.000010	0.000010	0.000010	0.999865	0.000010	LD_0.9_14_1322
BRC20312	0.000010	0.000010	0.000010	0.000010	0.000010	0.000010	0.000010	0.000010	0.000010	0.000010	0.000010	0.000010	0.999870	0.000010	LD_0.9_14_1322
BRC20315	0.000010	0.000010	0.000010	0.000010	0.000010	0.000010	0.000010	0.000010	0.000010	0.000010	0.000010	0.000010	0.999870	0.000010	LD_0.9_14_1322
BRC20320	0.000010	0.000010	0.000010	0.000010	0.000010	0.000010	0.000010	0.000010	0.000010	0.000011	0.000010	0.000010	0.999869	0.000010	LD_0.9_14_1322
BRC20324	0.010421	0.000010	0.000010	0.000010	0.375904	0.000010	0.613565	0.000010	0.000010	0.000010	0.000010	0.000010	0.000010	0.000010	LD_0.9_14_1322
BRC20331	0.000010	0.000010	0.000010	0.000010	0.000010	0.000010	0.000010	0.000010	0.000010	0.000010	0.000010	0.000010	0.999870	0.000010	LD_0.9_14_1322
BRC20333	0.000010	0.365228	0.000010	0.000010	0.000018	0.000010	0.000010	0.000010	0.000010	0.000014	0.000010	0.000010	0.634640	0.000010	LD_0.9_14_1322
BRC20334	0.000010	0.000010	0.000010	0.000010	0.000010	0.000010	0.000010	0.000010	0.000010	0.000010	0.000010	0.000010	0.999870	0.000010	LD_0.9_14_1322
BRC20339	0.000010	0.000010	0.000010	0.000010	0.000010	0.000010	0.000010	0.000010	0.000010	0.000010	0.000010	0.000010	0.999870	0.000010	LD_0.9_14_1322
BRC20341	0.000010	0.882573	0.000010	0.000011	0.000010	0.000012	0.000010	0.000010	0.000011	0.000010	0.000010	0.000010	0.117302	0.000010	LD_0.9_14_1322
BRC20343	0.000010	0.000010	0.000010	0.000010	0.000010	0.000010	0.999870	0.000010	0.000010	0.000010	0.000010	0.000010	0.000010	0.000010	LD_0.9_14_1322
BRC20346	0.000010	0.000010	0.000010	0.000010	0.000010	0.000010	0.000011	0.000010	0.000010	0.000010	0.000010	0.000010	0.999869	0.000010	LD_0.9_14_1322
BRC20347	0.000010	0.000010	0.000010	0.000010	0.000010	0.000010	0.999867	0.000010	0.000010	0.000011	0.000010	0.000012	0.000010	0.000010	LD_0.9_14_1322
BRC20348	0.000010	0.330643	0.000010	0.000011	0.000010	0.000010	0.000010	0.000010	0.000010	0.000010	0.000010	0.000010	0.669236	0.000010	LD_0.9_14_1322
BRC20353	0.000010	0.000010	0.000010	0.000012	0.000010	0.999868	0.000010	0.000010	0.000010	0.000010	0.000010	0.000010	0.000010	0.000010	LD_0.9_14_1322
BRC20360	0.000010	0.000010	0.000010	0.000010	0.000010	0.999870	0.000010	0.000010	0.000010	0.000010	0.000010	0.000010	0.000010	0.000010	LD_0.9_14_1322
BRC20361	0.000010	0.000010	0.000010	0.000010	0.000010	0.999870	0.000010	0.000010	0.000010	0.000010	0.000010	0.000010	0.000010	0.000010	LD_0.9_14_1322
BRC20362	0.000010	0.000010	0.000010	0.000010	0.000010	0.999870	0.000010	0.000010	0.000010	0.000010	0.000010	0.000010	0.000010	0.000010	LD_0.9_14_1322
BRC20366	0.000010	0.000010	0.000010	0.000018	0.000010	0.000010	0.000010	0.000010	0.000013	0.000010	0.000010	0.000010	0.999859	0.000010	LD_0.9_14_1322
BRC20367	0.000010	0.863904	0.000010	0.000010	0.000010	0.000010	0.000010	0.000015	0.000010	0.000010	0.000010	0.000010	0.135970	0.000010	LD_0.9_14_1322
BRC20369	0.000010	0.000010	0.000010	0.000010	0.999870	0.000010	0.000010	0.000010	0.000010	0.000010	0.000010	0.000010	0.000010	0.000010	LD_0.9_14_1322
BRC20370	0.000010	0.000010	0.000010	0.000010	0.000010	0.000010	0.000010	0.000010	0.000010	0.000010	0.000010	0.000010	0.999870	0.000010	LD_0.9_14_1322
BRC20388	0.000010	0.000010	0.000010	0.000010	0.000010	0.000010	0.000010	0.000010	0.999867	0.000010	0.000010	0.000010	0.000013	0.000010	LD_0.9_14_1322
BRC20390	0.000010	0.999869	0.000010	0.000010	0.000010	0.000010	0.000010	0.000010	0.000010	0.000010	0.000010	0.000010	0.000011	0.000010	LD_0.9_14_1322
BRC20401	0.000010	0.000010	0.000010	0.000010	0.999870	0.000010	0.000010	0.000010	0.000010	0.000010	0.000010	0.000010	0.000010	0.000010	LD_0.9_14_1322
BRC20463	0.000010	0.679477	0.000010	0.000010	0.000010	0.000010	0.000010	0.000010	0.000010	0.000010	0.000010	0.000010	0.320403	0.000010	LD_0.9_14_1322
BRC20492	0.000010	0.220785	0.000010	0.000010	0.000010	0.000010	0.641204	0.000010	0.000186	0.000010	0.137724	0.000010	0.000010	0.000010	LD_0.9_14_1322
BRC20498	0.000010	0.000010	0.000010	0.000010	0.999870	0.000010	0.000010	0.000010	0.000010	0.000010	0.000010	0.000010	0.000010	0.000010	LD_0.9_14_1322
BRC20499	0.000010	0.302302	0.000010	0.000010	0.000010	0.000010	0.000010	0.000010	0.000014	0.000010	0.000010	0.000010	0.697573	0.000010	LD_0.9_14_1322
BRC20501	0.000010	0.052281	0.000010	0.000019	0.000010	0.000010	0.000010	0.000010	0.000010	0.000010	0.000010	0.000010	0.947590	0.000010	LD_0.9_14_1322
BRC20502	0.000010	0.000010	0.000010	0.999870	0.000010	0.000010	0.000010	0.000010	0.000010	0.000010	0.000010	0.000010	0.000010	0.000010	LD_0.9_14_1322
BRC20503	0.000010	0.000010	0.000010	0.999870	0.000010	0.000010	0.000010	0.000010	0.000010	0.000010	0.000010	0.000010	0.000010	0.000010	LD_0.9_14_1322
BRC20519	0.000010	0.209498	0.000010	0.000010	0.000010	0.000010	0.641047	0.000010	0.007926	0.000010	0.141430	0.000010	0.000010	0.000010	LD_0.9_14_1322
BRC20520	0.000010	0.217004	0.000010	0.000010	0.000010	0.000010	0.641318	0.000010	0.000192	0.000010	0.141385	0.000010	0.000010	0.000010	LD_0.9_14_1322
BRC20522	0.000010	0.000010	0.000010	0.000010	0.000010	0.000010	0.999870	0.000010	0.000010	0.000010	0.000010	0.000010	0.000010	0.000010	LD_0.9_14_1322
BRC20524	0.000010	0.000010	0.000010	0.000010	0.000010	0.000010	0.999870	0.000010	0.000010	0.000010	0.000010	0.000010	0.000010	0.000010	LD_0.9_14_1322
BRC20529	0.000010	0.999870	0.000010	0.000010	0.000010	0.000010	0.000010	0.000010	0.000010	0.000010	0.000010	0.000010	0.000010	0.000010	LD_0.9_14_1322
BRC20530	0.000010	0.000010	0.000010	0.000010	0.000010	0.000010	0.999869	0.000010	0.000010	0.000010	0.000010	0.000010	0.000011	0.000010	LD_0.9_14_1322
BRC20531	0.000010	0.000010	0.000010	0.000010	0.000010	0.000010	0.999864	0.000010	0.000010	0.000010	0.000016	0.000010	0.000010	0.000010	LD_0.9_14_1322
BRC20532	0.000010	0.999870	0.000010	0.000010	0.000010	0.000010	0.000010	0.000010	0.000010	0.000010	0.000010	0.000010	0.000010	0.000010	LD_0.9_14_1322
BRC20533	0.000010	0.063468	0.000010	0.000010	0.000010	0.000010	0.000010	0.000010	0.000010	0.000010	0.000010	0.000010	0.936412	0.000010	LD_0.9_14_1322
BRC20534	0.000010	0.000010	0.000010	0.000010	0.000010	0.000010	0.000010	0.000010	0.000010	0.000010	0.000010	0.000010	0.999870	0.000010	LD_0.9_14_1322
BRC20535	0.000010	0.000010	0.000010	0.000010	0.000010	0.000010	0.000016	0.000010	0.000010	0.000010	0.000010	0.000010	0.999864	0.000010	LD_0.9_14_1322
BRC20536	0.000010	0.000010	0.000010	0.000010	0.000010	0.000010	0.000010	0.000010	0.000010	0.000010	0.000010	0.000010	0.999870	0.000010	LD_0.9_14_1322
BRC20537	0.000010	0.999870	0.000010	0.000010	0.000010	0.000010	0.000010	0.000010	0.000010	0.000010	0.000010	0.000010	0.000010	0.000010	LD_0.9_14_1322
BRC20541	0.000010	0.198925	0.000010	0.000010	0.000010	0.000010	0.634880	0.000010	0.017874	0.000010	0.148222	0.000010	0.000010	0.000010	LD_0.9_14_1322
BRC20543	0.000010	0.999870	0.000010	0.000010	0.000010	0.000010	0.000010	0.000010	0.000010	0.000010	0.000010	0.000010	0.000010	0.000010	LD_0.9_14_1322
BRC20544	0.000010	0.000010	0.000010	0.000010	0.000010	0.000010	0.000010	0.000010	0.000010	0.000010	0.000010	0.000010	0.999870	0.000010	LD_0.9_14_1322
BRC20545	0.000010	0.145734	0.000010	0.000010	0.000010	0.000010	0.000010	0.000010	0.000012	0.000015	0.000012	0.000010	0.854137	0.000010	LD_0.9_14_1322
BRC20556	0.000010	0.000010	0.000010	0.000010	0.999870	0.000010	0.000010	0.000010	0.000010	0.000010	0.000010	0.000010	0.000010	0.000010	LD_0.9_14_1322
BRC20557	0.000010	0.999870	0.000010	0.000010	0.000010	0.000010	0.000010	0.000010	0.000010	0.000010	0.000010	0.000010	0.000010	0.000010	LD_0.9_14_1322
BRC20565	0.000010	0.000010	0.000010	0.000010	0.157111	0.000010	0.000010	0.000010	0.000010	0.000010	0.842769	0.000010	0.000010	0.000010	LD_0.9_14_1322
BRC20571	0.000010	0.000010	0.000010	0.000010	0.988165	0.000010	0.000010	0.000010	0.000010	0.000010	0.000010	0.011715	0.000010	0.000010	LD_0.9_14_1322
BRC20574	0.000010	0.000010	0.000010	0.000010	0.817606	0.000010	0.000010	0.000010	0.000010	0.000010	0.182273	0.000010	0.000010	0.000010	LD_0.9_14_1322
BW287	0.000010	0.000010	0.000010	0.000010	0.000010	0.000010	0.000010	0.000010	0.999870	0.000010	0.000010	0.000010	0.000010	0.000010	LD_0.9_14_1322
DF5100	0.095202	0.000010	0.000010	0.000010	0.000010	0.000010	0.000010	0.000010	0.000010	0.000010	0.904678	0.000010	0.000010	0.000010	LD_0.9_14_1322
ECA1129	0.000010	0.000010	0.000010	0.000010	0.000010	0.000010	0.000010	0.000010	0.000010	0.000010	0.999870	0.000010	0.000010	0.000010	LD_0.9_14_1322
ECA1143	0.180786	0.000010	0.000010	0.000010	0.000010	0.000010	0.000010	0.000010	0.000010	0.000010	0.819094	0.000010	0.000010	0.000010	LD_0.9_14_1322
ECA1147	0.000010	0.000010	0.000010	0.000010	0.000010	0.000010	0.000010	0.000010	0.000010	0.000010	0.999870	0.000010	0.000010	0.000010	LD_0.9_14_1322
ECA1149	0.000010	0.000011	0.000010	0.000010	0.105972	0.000010	0.000010	0.000010	0.000014	0.000010	0.851474	0.000010	0.042440	0.000010	LD_0.9_14_1322
ECA1160	0.000010	0.000010	0.000010	0.000010	0.058013	0.000010	0.000010	0.000010	0.000010	0.000010	0.941867	0.000010	0.000010	0.000010	LD_0.9_14_1322
ECA1164	0.000010	0.000010	0.000010	0.000010	0.000010	0.000010	0.000010	0.000010	0.000010	0.000010	0.999870	0.000010	0.000010	0.000010	LD_0.9_14_1322
ECA1170	0.000010	0.999870	0.000010	0.000010	0.000010	0.000010	0.000010	0.000010	0.000010	0.000010	0.000010	0.000010	0.000010	0.000010	LD_0.9_14_1322
ECA1174	0.000010	0.000010	0.000010	0.000010	0.000010	0.014612	0.000010	0.000010	0.000010	0.000010	0.985268	0.000010	0.000010	0.000010	LD_0.9_14_1322
ECA1383	0.000010	0.406565	0.000010	0.000010	0.000010	0.000010	0.000010	0.000010	0.000010	0.000010	0.000010	0.000010	0.593315	0.000010	LD_0.9_14_1322
ECA1411	0.000010	0.000010	0.000010	0.000010	0.000010	0.000010	0.000010	0.000010	0.000010	0.000010	0.999870	0.000010	0.000010	0.000010	LD_0.9_14_1322
ECA1423	0.000010	0.000010	0.000010	0.000010	0.278167	0.000010	0.000010	0.000010	0.000010	0.000010	0.721713	0.000010	0.000010	0.000010	LD_0.9_14_1322
ECA1429	0.000010	0.000010	0.000010	0.000010	0.000010	0.000010	0.000010	0.000010	0.000010	0.000010	0.999870	0.000010	0.000010	0.000010	LD_0.9_14_1322
ECA1431	0.000010	0.000010	0.000010	0.000010	0.784278	0.000010	0.000010	0.000010	0.000010	0.000010	0.215602	0.000010	0.000010	0.000010	LD_0.9_14_1322
ECA1437	0.000010	0.000010	0.000010	0.000010	0.000010	0.000010	0.000010	0.000010	0.000010	0.000010	0.999870	0.000010	0.000010	0.000010	LD_0.9_14_1322
ECA1439	0.000010	0.000010	0.000010	0.000010	0.000010	0.000010	0.000010	0.000010	0.000010	0.000010	0.999870	0.000010	0.000010	0.000010	LD_0.9_14_1322
ECA1443	0.000010	0.406803	0.000010	0.000010	0.000010	0.000010	0.000010	0.000010	0.000010	0.000010	0.061228	0.000010	0.531859	0.000010	LD_0.9_14_1322
ECA1471	0.000010	0.000010	0.000010	0.000010	0.000010	0.000010	0.000010	0.000010	0.000010	0.000010	0.999870	0.000010	0.000010	0.000010	LD_0.9_14_1322
ECA1489	0.188328	0.000010	0.000010	0.000010	0.056461	0.000010	0.000010	0.038322	0.000010	0.000010	0.716789	0.000010	0.000010	0.000010	LD_0.9_14_1322
ECA1507	0.000010	0.000010	0.000010	0.000010	0.000010	0.000010	0.000010	0.000010	0.000010	0.000010	0.999870	0.000010	0.000010	0.000010	LD_0.9_14_1322
ECA1509	0.000010	0.000010	0.000010	0.000010	0.000010	0.000010	0.000010	0.000010	0.000010	0.000010	0.999870	0.000010	0.000010	0.000010	LD_0.9_14_1322
ECA1517	0.000010	0.000010	0.000010	0.000010	0.000010	0.000010	0.000010	0.000010	0.000010	0.000010	0.991405	0.000010	0.000010	0.008475	LD_0.9_14_1322
ECA1521	0.000010	0.000010	0.000010	0.000010	0.087251	0.000010	0.000010	0.000010	0.000010	0.000010	0.912629	0.000010	0.000010	0.000010	LD_0.9_14_1322
ECA1555	0.000010	0.000010	0.000010	0.000010	0.149162	0.000010	0.000010	0.000010	0.000010	0.000010	0.850718	0.000010	0.000010	0.000010	LD_0.9_14_1322
ECA1559	0.000010	0.999870	0.000010	0.000010	0.000010	0.000010	0.000010	0.000010	0.000010	0.000010	0.000010	0.000010	0.000010	0.000010	LD_0.9_14_1322
ECA1563	0.000010	0.000010	0.000010	0.000010	0.000010	0.000010	0.000010	0.000010	0.000010	0.000010	0.999870	0.000010	0.000010	0.000010	LD_0.9_14_1322
ECA1571	0.214626	0.000010	0.000010	0.000010	0.000010	0.000010	0.000010	0.000010	0.000010	0.000010	0.785254	0.000010	0.000010	0.000010	LD_0.9_14_1322
ECA1587	0.000010	0.000010	0.000010	0.000010	0.222317	0.000010	0.000010	0.000010	0.000010	0.000010	0.777563	0.000010	0.000010	0.000010	LD_0.9_14_1322
ECA1605	0.049660	0.877625	0.000010	0.000010	0.000010	0.000010	0.000010	0.015973	0.000010	0.000010	0.056640	0.000011	0.000010	0.000010	LD_0.9_14_1322
ECA1609	0.000010	0.000010	0.000010	0.000010	0.000010	0.000010	0.000010	0.000010	0.000010	0.000010	0.999870	0.000010	0.000010	0.000010	LD_0.9_14_1322
ECA161	0.000010	0.000010	0.000010	0.000010	0.268841	0.000010	0.000010	0.000010	0.000010	0.000010	0.731039	0.000010	0.000010	0.000010	LD_0.9_14_1322
ECA1611	0.000010	0.000010	0.000010	0.000010	0.000010	0.000010	0.000010	0.000010	0.000010	0.000010	0.999870	0.000010	0.000010	0.000010	LD_0.9_14_1322
ECA1615	0.000010	0.000010	0.000010	0.000010	0.000010	0.000010	0.000010	0.000010	0.000010	0.000010	0.999870	0.000010	0.000010	0.000010	LD_0.9_14_1322
ECA162	0.000010	0.000010	0.000010	0.000010	0.593205	0.000010	0.000010	0.000010	0.000010	0.000010	0.406675	0.000010	0.000010	0.000010	LD_0.9_14_1322
ECA1621	0.000010	0.000010	0.000010	0.000010	0.131560	0.000010	0.000010	0.000010	0.000010	0.000010	0.866665	0.001664	0.000010	0.000010	LD_0.9_14_1322
ECA163	0.000010	0.000010	0.000010	0.999870	0.000010	0.000010	0.000010	0.000010	0.000010	0.000010	0.000010	0.000010	0.000010	0.000010	LD_0.9_14_1322
ECA1637	0.000010	0.000010	0.000010	0.000010	0.829075	0.000010	0.000010	0.000010	0.000010	0.000010	0.170803	0.000010	0.000011	0.000010	LD_0.9_14_1322
ECA1657	0.000010	0.000010	0.000010	0.000011	0.226291	0.000010	0.000010	0.000010	0.000013	0.000010	0.773584	0.000010	0.000010	0.000010	LD_0.9_14_1322
ECA1701	0.000010	0.000010	0.000010	0.000010	0.980521	0.000010	0.000010	0.000010	0.000010	0.000010	0.000010	0.000010	0.000010	0.019359	LD_0.9_14_1322
ECA175	0.000010	0.000010	0.000010	0.000010	0.113280	0.000010	0.000010	0.000010	0.000010	0.000012	0.886599	0.000010	0.000010	0.000010	LD_0.9_14_1322
ECA176	0.000010	0.000010	0.000010	0.000010	0.060190	0.000010	0.000010	0.000010	0.000010	0.000010	0.938726	0.000010	0.000010	0.000973	LD_0.9_14_1322
ECA177	0.000010	0.000010	0.000010	0.000010	0.000010	0.000010	0.000010	0.000010	0.000010	0.000010	0.999870	0.000010	0.000010	0.000010	LD_0.9_14_1322
ECA180	0.000010	0.000010	0.000010	0.000010	0.000010	0.000010	0.000010	0.000010	0.000010	0.000010	0.999870	0.000010	0.000010	0.000010	LD_0.9_14_1322
ECA182	0.000010	0.000010	0.000010	0.000010	0.000010	0.000010	0.000010	0.000010	0.000010	0.000010	0.999870	0.000010	0.000010	0.000010	LD_0.9_14_1322
ECA183	0.000010	0.000010	0.000010	0.000010	0.000010	0.000010	0.000010	0.000010	0.000010	0.000010	0.999870	0.000010	0.000010	0.000010	LD_0.9_14_1322
ECA185	0.000010	0.000010	0.000010	0.000010	0.000010	0.000010	0.000010	0.000010	0.000010	0.000010	0.999870	0.000010	0.000010	0.000010	LD_0.9_14_1322
ECA186	0.000010	0.000010	0.000010	0.000010	0.091759	0.000010	0.000010	0.000010	0.000010	0.000010	0.908121	0.000010	0.000010	0.000010	LD_0.9_14_1322
ECA2083	0.000010	0.000010	0.000010	0.000010	0.000010	0.000010	0.000010	0.000010	0.000010	0.000010	0.999870	0.000010	0.000010	0.000010	LD_0.9_14_1322
ECA2093	0.000010	0.000010	0.000010	0.000010	0.063631	0.000010	0.000010	0.000010	0.000010	0.000010	0.936249	0.000010	0.000010	0.000010	LD_0.9_14_1322
ECA2115	0.000010	0.000010	0.000010	0.000010	0.823907	0.000010	0.000010	0.000010	0.000010	0.000010	0.175973	0.000010	0.000010	0.000010	LD_0.9_14_1322
ECA2299	0.000010	0.000010	0.000010	0.000010	0.000010	0.000010	0.000010	0.000010	0.000010	0.000010	0.000010	0.000010	0.999870	0.000010	LD_0.9_14_1322
ECA2373	0.000010	0.000010	0.000010	0.000010	0.615353	0.013071	0.000010	0.000010	0.000010	0.000010	0.326077	0.000010	0.000010	0.045399	LD_0.9_14_1322
ECA2385	0.000010	0.999870	0.000010	0.000010	0.000010	0.000010	0.000010	0.000010	0.000010	0.000010	0.000010	0.000010	0.000010	0.000010	LD_0.9_14_1322
ECA2425	0.000010	0.000010	0.000010	0.000010	0.693285	0.000010	0.000010	0.000010	0.000010	0.000010	0.306595	0.000010	0.000010	0.000010	LD_0.9_14_1322
ECA2617	0.000010	0.000010	0.999870	0.000010	0.000010	0.000010	0.000010	0.000010	0.000010	0.000010	0.000010	0.000010	0.000010	0.000010	LD_0.9_14_1322
ECA2618	0.000010	0.000010	0.999870	0.000010	0.000010	0.000010	0.000010	0.000010	0.000010	0.000010	0.000010	0.000010	0.000010	0.000010	LD_0.9_14_1322
ECA2621	0.000010	0.000010	0.999857	0.000010	0.000010	0.000010	0.000010	0.000010	0.000014	0.000014	0.000016	0.000010	0.000010	0.000010	LD_0.9_14_1322
ECA2623	0.488353	0.000010	0.000010	0.000010	0.000010	0.000010	0.000010	0.000010	0.000010	0.000010	0.511527	0.000010	0.000010	0.000010	LD_0.9_14_1322
ECA2625	0.000010	0.000010	0.000010	0.000010	0.270485	0.000010	0.000010	0.000010	0.000010	0.000010	0.729395	0.000010	0.000010	0.000010	LD_0.9_14_1322
ECA2626	0.000010	0.000010	0.000010	0.000010	0.126054	0.000010	0.000010	0.000010	0.000010	0.000010	0.873826	0.000010	0.000010	0.000010	LD_0.9_14_1322
ECA2636	0.000010	0.000010	0.000010	0.000010	0.773459	0.000010	0.000010	0.000010	0.000010	0.000010	0.226421	0.000010	0.000010	0.000010	LD_0.9_14_1322
ECA2637	0.000010	0.000010	0.000010	0.000010	0.177422	0.000010	0.000010	0.000010	0.000010	0.000010	0.822458	0.000010	0.000010	0.000010	LD_0.9_14_1322
ECA2639	0.000010	0.000010	0.999867	0.000010	0.000010	0.000010	0.000010	0.000010	0.000010	0.000013	0.000010	0.000010	0.000010	0.000010	LD_0.9_14_1322
ECA2645	0.000010	0.000010	0.000010	0.000010	0.065946	0.000010	0.000010	0.000010	0.000010	0.000010	0.933934	0.000010	0.000010	0.000010	LD_0.9_14_1322
ECA2647	0.000010	0.000010	0.999870	0.000010	0.000010	0.000010	0.000010	0.000010	0.000010	0.000010	0.000010	0.000010	0.000010	0.000010	LD_0.9_14_1322
ECA2663	0.000010	0.000010	0.000010	0.000010	0.139966	0.000010	0.000010	0.000010	0.000010	0.000010	0.859914	0.000010	0.000010	0.000010	LD_0.9_14_1322
ECA2664	0.531154	0.000010	0.000010	0.000010	0.000010	0.000010	0.000010	0.000010	0.000010	0.000010	0.468726	0.000010	0.000010	0.000010	LD_0.9_14_1322
ECA2666	0.000010	0.000010	0.999870	0.000010	0.000010	0.000010	0.000010	0.000010	0.000010	0.000010	0.000010	0.000010	0.000010	0.000010	LD_0.9_14_1322
ECA2667	0.000010	0.000010	0.000010	0.000010	0.985984	0.000010	0.000010	0.000010	0.000010	0.000010	0.013896	0.000010	0.000010	0.000010	LD_0.9_14_1322
ECA2670	0.000010	0.000010	0.999863	0.000010	0.000010	0.000010	0.000010	0.000012	0.000013	0.000010	0.000012	0.000010	0.000010	0.000010	LD_0.9_14_1322
ECA276	0.000010	0.000010	0.000010	0.999870	0.000010	0.000010	0.000010	0.000010	0.000010	0.000010	0.000010	0.000010	0.000010	0.000010	LD_0.9_14_1322
ECA278	0.000010	0.000010	0.000010	0.000010	0.000010	0.000010	0.000011	0.000010	0.999869	0.000010	0.000010	0.000010	0.000010	0.000010	LD_0.9_14_1322
ECA2808	0.000010	0.000010	0.000010	0.000010	0.000010	0.000010	0.000010	0.000010	0.000010	0.000010	0.999870	0.000010	0.000010	0.000010	LD_0.9_14_1322
ECA287	0.000010	0.999870	0.000010	0.000010	0.000010	0.000010	0.000010	0.000010	0.000010	0.000010	0.000010	0.000010	0.000010	0.000010	LD_0.9_14_1322
ECA288	0.294759	0.106698	0.000010	0.000010	0.000010	0.000010	0.000010	0.000010	0.000010	0.000010	0.598433	0.000010	0.000010	0.000010	LD_0.9_14_1322
ECA2883	0.000010	0.000010	0.000010	0.000010	0.000010	0.000010	0.000010	0.000010	0.000010	0.000010	0.999870	0.000010	0.000010	0.000010	LD_0.9_14_1322
ECA2890	0.000010	0.000010	0.000010	0.000010	0.000010	0.000010	0.000010	0.000010	0.000010	0.000010	0.999870	0.000010	0.000010	0.000010	LD_0.9_14_1322
ECA2894	0.000010	0.000010	0.000010	0.000010	0.000010	0.000010	0.000010	0.000010	0.000010	0.000010	0.999870	0.000010	0.000010	0.000010	LD_0.9_14_1322
ECA2975	0.000010	0.000010	0.000010	0.000010	0.047767	0.000010	0.000010	0.000010	0.000010	0.000010	0.952113	0.000010	0.000010	0.000010	LD_0.9_14_1322
ECA3091	0.000010	0.000010	0.000010	0.000010	0.000010	0.000010	0.000010	0.000010	0.000010	0.000010	0.999870	0.000010	0.000010	0.000010	LD_0.9_14_1322
ECA343	0.000010	0.000010	0.000010	0.000010	0.000010	0.000010	0.000010	0.000010	0.000010	0.000010	0.999870	0.000010	0.000010	0.000010	LD_0.9_14_1322
ECA346	0.000010	0.000010	0.000010	0.000010	0.000010	0.000010	0.000010	0.000010	0.000010	0.000010	0.999870	0.000010	0.000010	0.000010	LD_0.9_14_1322
ECA3502	0.000010	0.409309	0.000017	0.000010	0.000010	0.000010	0.000010	0.000010	0.000010	0.000010	0.000010	0.000010	0.590564	0.000010	LD_0.9_14_1322
ECA3503	0.000010	0.000010	0.000010	0.000010	0.120926	0.000010	0.000010	0.000010	0.000010	0.000010	0.878954	0.000010	0.000010	0.000010	LD_0.9_14_1322
ECA3509	0.000010	0.000010	0.000010	0.000010	0.000010	0.000010	0.000010	0.000010	0.000010	0.000010	0.999870	0.000010	0.000010	0.000010	LD_0.9_14_1322
ECA3708	0.000010	0.000010	0.000010	0.000010	0.000010	0.000010	0.000010	0.000010	0.000010	0.000010	0.999870	0.000010	0.000010	0.000010	LD_0.9_14_1322
ECA371	0.000010	0.000010	0.000010	0.000010	0.000010	0.000010	0.000010	0.000010	0.000010	0.000010	0.999870	0.000010	0.000010	0.000010	LD_0.9_14_1322
ECA3712	0.000010	0.000010	0.000010	0.000010	0.000015	0.000010	0.000010	0.000010	0.000010	0.000010	0.999865	0.000010	0.000010	0.000010	LD_0.9_14_1322
ECA3713	0.000010	0.000010	0.000010	0.000010	0.000010	0.000010	0.000010	0.000010	0.000010	0.000010	0.999870	0.000010	0.000010	0.000010	LD_0.9_14_1322
ECA3899	0.000010	0.000010	0.000010	0.000010	0.000010	0.000010	0.000010	0.000010	0.000010	0.000010	0.999870	0.000010	0.000010	0.000010	LD_0.9_14_1322
ECA569	0.000010	0.000010	0.000010	0.000010	0.000010	0.000010	0.000010	0.000010	0.999870	0.000010	0.000010	0.000010	0.000010	0.000010	LD_0.9_14_1322
ED3032	0.000010	0.000010	0.000010	0.000010	0.999870	0.000010	0.000010	0.000010	0.000010	0.000010	0.000010	0.000010	0.000010	0.000010	LD_0.9_14_1322
ED3037	0.000010	0.000010	0.000010	0.000010	0.819668	0.000010	0.000010	0.000010	0.000010	0.000010	0.180212	0.000010	0.000010	0.000010	LD_0.9_14_1322
ED3088	0.000010	0.000010	0.000010	0.000010	0.000010	0.000010	0.000010	0.000010	0.000010	0.000010	0.999870	0.000010	0.000010	0.000010	LD_0.9_14_1322
ED3102	0.000010	0.000010	0.000010	0.999868	0.000010	0.000010	0.000010	0.000010	0.000010	0.000010	0.000012	0.000010	0.000010	0.000010	LD_0.9_14_1322
EG4360	0.000010	0.000010	0.000010	0.000015	0.000010	0.000010	0.000010	0.000010	0.999865	0.000010	0.000010	0.000010	0.000010	0.000010	LD_0.9_14_1322
EG5612	0.000010	0.000010	0.000010	0.000010	0.000010	0.999870	0.000010	0.000010	0.000010	0.000010	0.000010	0.000010	0.000010	0.000010	LD_0.9_14_1322
EG5613	0.000010	0.000010	0.000010	0.000010	0.000010	0.026054	0.000010	0.000010	0.000010	0.000010	0.934318	0.039518	0.000010	0.000010	LD_0.9_14_1322
EG6179	0.010828	0.000010	0.000010	0.000010	0.440258	0.037475	0.000010	0.000010	0.000010	0.000010	0.498033	0.010466	0.000010	0.002860	LD_0.9_14_1322
EG6260	0.566227	0.000010	0.000010	0.000010	0.000010	0.000010	0.000010	0.000010	0.000010	0.000010	0.433653	0.000010	0.000010	0.000010	LD_0.9_14_1322
EG6261	0.120637	0.000010	0.000010	0.000010	0.000010	0.000010	0.000010	0.000010	0.000010	0.000010	0.879243	0.000010	0.000010	0.000010	LD_0.9_14_1322
EG6265	0.000010	0.389079	0.000010	0.000010	0.000010	0.000010	0.000010	0.014994	0.000010	0.000010	0.000010	0.000010	0.595816	0.000010	LD_0.9_14_1322
EG6267	0.063538	0.000010	0.000010	0.000010	0.000010	0.000010	0.000010	0.000010	0.000010	0.000010	0.936342	0.000011	0.000010	0.000010	LD_0.9_14_1322
EG6268	0.000010	0.397269	0.000010	0.000010	0.000010	0.000010	0.000010	0.000010	0.000010	0.000010	0.000010	0.000010	0.602611	0.000010	LD_0.9_14_1322
EG6271	0.615742	0.000010	0.000010	0.000010	0.000010	0.000010	0.000010	0.000010	0.000010	0.000010	0.384138	0.000010	0.000010	0.000010	LD_0.9_14_1322
EG6272	0.313388	0.000010	0.000010	0.000010	0.000010	0.000010	0.000010	0.000010	0.000010	0.000010	0.676557	0.000010	0.000010	0.009945	LD_0.9_14_1322
EG6274	0.000010	0.000010	0.000010	0.000010	0.000010	0.000010	0.000010	0.000010	0.000010	0.000010	0.999870	0.000010	0.000010	0.000010	LD_0.9_14_1322
EG6275	0.000010	0.000010	0.000010	0.000010	0.000010	0.000010	0.000010	0.000010	0.000010	0.000010	0.999870	0.000010	0.000010	0.000010	LD_0.9_14_1322
EG6276	0.000010	0.000010	0.000010	0.000010	0.000010	0.000013	0.000010	0.000010	0.000010	0.000010	0.999867	0.000010	0.000010	0.000010	LD_0.9_14_1322
EG6329	0.707564	0.000010	0.000010	0.000010	0.000010	0.000010	0.000010	0.000010	0.000010	0.000010	0.292316	0.000010	0.000010	0.000010	LD_0.9_14_1322
GUN124	0.000010	0.000010	0.000010	0.000010	0.000010	0.000010	0.000010	0.000011	0.999869	0.000010	0.000010	0.000010	0.000010	0.000010	LD_0.9_14_1322
GXW22	0.000010	0.000010	0.000010	0.000010	0.906171	0.000010	0.000010	0.000010	0.000010	0.000010	0.093709	0.000010	0.000010	0.000010	LD_0.9_14_1322
GXW23	0.000010	0.000010	0.000010	0.000010	0.255218	0.744659	0.000010	0.000010	0.000013	0.000010	0.000010	0.000010	0.000010	0.000010	LD_0.9_14_1322
HK104	0.000010	0.000010	0.000010	0.000010	0.000010	0.000010	0.000010	0.000010	0.999870	0.000010	0.000010	0.000010	0.000010	0.000010	LD_0.9_14_1322
HPT11	0.000010	0.000010	0.000010	0.999861	0.000010	0.000010	0.000010	0.000019	0.000010	0.000010	0.000010	0.000010	0.000010	0.000010	LD_0.9_14_1322
HPT16	0.000010	0.000010	0.000010	0.000010	0.999870	0.000010	0.000010	0.000010	0.000010	0.000010	0.000010	0.000010	0.000010	0.000010	LD_0.9_14_1322
HPT18	0.000010	0.000010	0.000010	0.999869	0.000010	0.000011	0.000010	0.000010	0.000010	0.000010	0.000011	0.000010	0.000010	0.000010	LD_0.9_14_1322
HPT19	0.025651	0.000010	0.000010	0.000010	0.974229	0.000010	0.000010	0.000010	0.000010	0.000010	0.000010	0.000010	0.000010	0.000010	LD_0.9_14_1322
HPT2	0.000010	0.000010	0.000010	0.000010	0.999868	0.000010	0.000010	0.000010	0.000010	0.000010	0.000010	0.000012	0.000010	0.000010	LD_0.9_14_1322
HPT21	0.000010	0.000010	0.000010	0.000010	0.988570	0.000010	0.000010	0.000010	0.000010	0.000010	0.011310	0.000010	0.000010	0.000010	LD_0.9_14_1322
HPT24	0.000010	0.000010	0.000010	0.999870	0.000010	0.000010	0.000010	0.000010	0.000010	0.000010	0.000010	0.000010	0.000010	0.000010	LD_0.9_14_1322
HPT34	0.000010	0.000010	0.000010	0.000010	0.999870	0.000010	0.000010	0.000010	0.000010	0.000010	0.000010	0.000010	0.000010	0.000010	LD_0.9_14_1322
HPT37	0.019619	0.000010	0.000010	0.000010	0.952108	0.000010	0.000010	0.028163	0.000010	0.000010	0.000010	0.000010	0.000010	0.000010	LD_0.9_14_1322
HPT4	0.000010	0.000010	0.000010	0.000010	0.999870	0.000010	0.000010	0.000010	0.000010	0.000010	0.000010	0.000010	0.000010	0.000010	LD_0.9_14_1322
HPT42	0.000010	0.000010	0.000010	0.000010	0.999870	0.000010	0.000010	0.000010	0.000010	0.000010	0.000010	0.000010	0.000010	0.000010	LD_0.9_14_1322
HPT52	0.000010	0.000010	0.000010	0.000010	0.423489	0.000010	0.000010	0.000010	0.000010	0.000010	0.134281	0.442120	0.000010	0.000010	LD_0.9_14_1322
HPT53	0.000010	0.000010	0.000010	0.000010	0.999870	0.000010	0.000010	0.000010	0.000010	0.000010	0.000010	0.000010	0.000010	0.000010	LD_0.9_14_1322
HPT54	0.000010	0.000010	0.000010	0.000010	0.999870	0.000010	0.000010	0.000010	0.000010	0.000010	0.000010	0.000010	0.000010	0.000010	LD_0.9_14_1322
HPT55	0.000010	0.000010	0.000010	0.000010	0.999870	0.000010	0.000010	0.000010	0.000010	0.000010	0.000010	0.000010	0.000010	0.000010	LD_0.9_14_1322
HPT59	0.000010	0.000010	0.000010	0.000010	0.999870	0.000010	0.000010	0.000010	0.000010	0.000010	0.000010	0.000010	0.000010	0.000010	LD_0.9_14_1322
HPT60	0.000010	0.000010	0.000010	0.000010	0.999870	0.000010	0.000010	0.000010	0.000010	0.000010	0.000010	0.000010	0.000010	0.000010	LD_0.9_14_1322
HPT62	0.000012	0.000010	0.000010	0.000010	0.000010	0.000010	0.000014	0.000010	0.000010	0.000010	0.000010	0.999864	0.000010	0.000010	LD_0.9_14_1322
HPT63	0.000010	0.000010	0.000010	0.000010	0.999870	0.000010	0.000010	0.000010	0.000010	0.000010	0.000010	0.000010	0.000010	0.000010	LD_0.9_14_1322
HPT7	0.054881	0.000010	0.000010	0.000010	0.944999	0.000010	0.000010	0.000010	0.000010	0.000010	0.000010	0.000010	0.000010	0.000010	LD_0.9_14_1322
HPT8	0.000010	0.000010	0.000010	0.000010	0.999868	0.000010	0.000010	0.000010	0.000010	0.000010	0.000010	0.000012	0.000010	0.000010	LD_0.9_14_1322
HPT9	0.000010	0.000010	0.000010	0.000010	0.155620	0.844260	0.000010	0.000010	0.000010	0.000010	0.000010	0.000010	0.000010	0.000010	LD_0.9_14_1322
JU1257	0.000010	0.000010	0.000010	0.000011	0.000010	0.000010	0.000010	0.000010	0.999869	0.000010	0.000010	0.000010	0.000010	0.000010	LD_0.9_14_1322
JU1337	0.018524	0.000010	0.000010	0.000010	0.197375	0.000010	0.000010	0.000010	0.000010	0.000010	0.741680	0.042322	0.000010	0.000010	LD_0.9_14_1322
JU1338	0.000010	0.000010	0.000010	0.000010	0.000010	0.999870	0.000010	0.000010	0.000010	0.000010	0.000010	0.000010	0.000010	0.000010	LD_0.9_14_1322
JU1341	0.000010	0.000010	0.000010	0.000014	0.000010	0.000010	0.000010	0.000010	0.000010	0.999866	0.000010	0.000010	0.000010	0.000010	LD_0.9_14_1322
JU1344	0.000010	0.000010	0.000010	0.000010	0.876430	0.123450	0.000010	0.000010	0.000010	0.000010	0.000010	0.000010	0.000010	0.000010	LD_0.9_14_1322
JU1346	0.000010	0.000010	0.000012	0.000010	0.000010	0.999868	0.000010	0.000010	0.000010	0.000010	0.000010	0.000010	0.000010	0.000010	LD_0.9_14_1322
JU1347	0.000010	0.000010	0.000010	0.000010	0.000010	0.000010	0.000010	0.002772	0.000010	0.000010	0.997108	0.000010	0.000010	0.000010	LD_0.9_14_1322
JU1348	0.000010	0.000010	0.000010	0.000010	0.000010	0.000010	0.000010	0.000010	0.000010	0.999870	0.000010	0.000010	0.000010	0.000010	LD_0.9_14_1322
JU1375	0.000010	0.000010	0.000010	0.000010	0.000010	0.000010	0.000010	0.000010	0.000010	0.000010	0.999870	0.000010	0.000010	0.000010	LD_0.9_14_1322
JU1377	0.000010	0.000010	0.000010	0.000010	0.000010	0.000010	0.000010	0.000010	0.000010	0.000010	0.999870	0.000010	0.000010	0.000010	LD_0.9_14_1322
JU1378	0.000010	0.000010	0.000010	0.000010	0.000010	0.000010	0.000010	0.000010	0.000010	0.000010	0.999870	0.000010	0.000010	0.000010	LD_0.9_14_1322
JU1392	0.000010	0.000010	0.000010	0.000010	0.000010	0.000010	0.000010	0.000010	0.000010	0.000010	0.999870	0.000010	0.000010	0.000010	LD_0.9_14_1322
JU1399	0.513294	0.000010	0.000010	0.000010	0.000795	0.000010	0.000010	0.000010	0.000010	0.000010	0.378595	0.000010	0.000010	0.107216	LD_0.9_14_1322
JU1424	0.000010	0.000010	0.000012	0.000011	0.000010	0.999868	0.000010	0.000010	0.000010	0.000010	0.000010	0.000010	0.000010	0.000010	LD_0.9_14_1322
JU1435	0.000010	0.000010	0.000010	0.000010	0.000010	0.000010	0.000010	0.000016	0.000010	0.000010	0.999864	0.000010	0.000010	0.000010	LD_0.9_14_1322
JU1564	0.000014	0.000010	0.000010	0.000010	0.000015	0.000010	0.000010	0.000010	0.999862	0.000010	0.000010	0.000010	0.000010	0.000010	LD_0.9_14_1322
JU1637	0.079150	0.000010	0.000010	0.000010	0.000010	0.000010	0.000010	0.000010	0.000010	0.000010	0.920730	0.000010	0.000010	0.000010	LD_0.9_14_1322
JU1638	0.084442	0.000010	0.000010	0.000010	0.000010	0.000010	0.000010	0.000010	0.000010	0.000010	0.915438	0.000010	0.000010	0.000010	LD_0.9_14_1322
JU1794	0.000010	0.000010	0.000010	0.000010	0.539591	0.051789	0.000010	0.000010	0.000010	0.000010	0.382245	0.020742	0.000010	0.005543	LD_0.9_14_1322
JU1795	0.000010	0.000010	0.000010	0.000010	0.000010	0.000010	0.000010	0.000010	0.000010	0.000010	0.999870	0.000010	0.000010	0.000010	LD_0.9_14_1322
JU1799	0.000010	0.000010	0.000010	0.000010	0.000010	0.000010	0.000010	0.000010	0.000010	0.000010	0.999870	0.000010	0.000010	0.000010	LD_0.9_14_1322
JU1802	0.000010	0.000010	0.000010	0.000010	0.000010	0.000010	0.000010	0.000010	0.000010	0.000010	0.999870	0.000010	0.000010	0.000010	LD_0.9_14_1322
JU1814	0.529262	0.000010	0.000010	0.000010	0.000010	0.000010	0.000010	0.000010	0.000010	0.000010	0.470618	0.000010	0.000010	0.000010	LD_0.9_14_1322
JU1884	0.000015	0.000010	0.000010	0.000010	0.305314	0.000010	0.000010	0.000010	0.000010	0.000010	0.694561	0.000010	0.000010	0.000010	LD_0.9_14_1322
JU1885	0.000017	0.000010	0.000010	0.000010	0.000010	0.000010	0.000010	0.000010	0.000010	0.000010	0.939832	0.060040	0.000010	0.000010	LD_0.9_14_1322
JU1907	0.000010	0.000010	0.000010	0.000010	0.817717	0.000010	0.000010	0.000010	0.000010	0.000010	0.182163	0.000010	0.000010	0.000010	LD_0.9_14_1322
JU1908	0.015994	0.000010	0.000010	0.000010	0.917417	0.000010	0.000010	0.000010	0.000010	0.000010	0.066478	0.000010	0.000010	0.000010	LD_0.9_14_1322
JU1909	0.000010	0.000010	0.000010	0.000010	0.999870	0.000010	0.000010	0.000010	0.000010	0.000010	0.000010	0.000010	0.000010	0.000010	LD_0.9_14_1322
JU1913	0.000010	0.000010	0.000010	0.000010	0.282483	0.000010	0.000010	0.000010	0.000010	0.000010	0.299552	0.413634	0.000010	0.004231	LD_0.9_14_1322
JU2053	0.000018	0.000010	0.000010	0.000010	0.000010	0.000010	0.000010	0.000010	0.000010	0.000010	0.999862	0.000010	0.000010	0.000010	LD_0.9_14_1322
JU2054	0.000010	0.000010	0.000010	0.000010	0.000010	0.000010	0.000010	0.000010	0.000010	0.000010	0.999870	0.000010	0.000010	0.000010	LD_0.9_14_1322
JU2056	0.000010	0.000010	0.000010	0.000010	0.000010	0.000010	0.000010	0.000010	0.000010	0.000010	0.999870	0.000010	0.000010	0.000010	LD_0.9_14_1322
JU2057	0.000010	0.000010	0.000010	0.000013	0.000010	0.000010	0.000010	0.000018	0.000011	0.000010	0.000010	0.999858	0.000010	0.000010	LD_0.9_14_1322
JU2160	0.000010	0.000011	0.000010	0.000010	0.000010	0.000010	0.000010	0.000010	0.000010	0.000010	0.000010	0.999869	0.000010	0.000010	LD_0.9_14_1322
JU2162	0.000010	0.000011	0.000010	0.000010	0.000010	0.000010	0.000010	0.000010	0.000010	0.000010	0.000010	0.999869	0.000010	0.000010	LD_0.9_14_1322
JU2214	0.063692	0.000010	0.000010	0.000010	0.704310	0.000010	0.000010	0.000010	0.000010	0.000010	0.000010	0.000010	0.000010	0.231889	LD_0.9_14_1322
JU2216	0.000010	0.999870	0.000010	0.000010	0.000010	0.000010	0.000010	0.000010	0.000010	0.000010	0.000010	0.000010	0.000010	0.000010	LD_0.9_14_1322
JU2457	0.214425	0.000011	0.000010	0.000010	0.225869	0.000010	0.000010	0.000010	0.494465	0.000010	0.065140	0.000010	0.000010	0.000010	LD_0.9_14_1322
JU2470	0.000010	0.000010	0.000016	0.000010	0.000010	0.000010	0.000010	0.000010	0.000010	0.000010	0.000016	0.999857	0.000010	0.000010	LD_0.9_14_1322
JU2472	0.095443	0.000010	0.000010	0.000010	0.000010	0.000010	0.000010	0.000010	0.000010	0.000010	0.904437	0.000010	0.000010	0.000010	LD_0.9_14_1322
JU2506	0.000010	0.000010	0.000010	0.000010	0.712887	0.000010	0.000010	0.000010	0.000010	0.000010	0.286993	0.000010	0.000010	0.000010	LD_0.9_14_1322
JU2507	0.000010	0.000010	0.000010	0.000010	0.000010	0.000010	0.000010	0.000010	0.000017	0.000010	0.000010	0.992569	0.000010	0.007303	LD_0.9_14_1322
JU2518	0.999870	0.000010	0.000010	0.000010	0.000010	0.000010	0.000010	0.000010	0.000010	0.000010	0.000010	0.000010	0.000010	0.000010	LD_0.9_14_1322
JU2536	0.000010	0.000010	0.000010	0.000010	0.000010	0.000010	0.000010	0.000010	0.999869	0.000010	0.000010	0.000010	0.000011	0.000010	LD_0.9_14_1322
JU2597	0.311286	0.000010	0.000010	0.000010	0.000010	0.000010	0.000010	0.356720	0.000010	0.000010	0.149008	0.000010	0.000010	0.182885	LD_0.9_14_1322
JU2747	0.000525	0.000010	0.000010	0.000010	0.000010	0.059161	0.000010	0.000010	0.000010	0.000010	0.856895	0.062532	0.000010	0.020798	LD_0.9_14_1322
JU2767	0.000010	0.000010	0.000010	0.999870	0.000010	0.000010	0.000010	0.000010	0.000010	0.000010	0.000010	0.000010	0.000010	0.000010	LD_0.9_14_1322
JU2799	0.000010	0.000010	0.000010	0.000010	0.140453	0.000010	0.000010	0.000010	0.000010	0.000010	0.859427	0.000010	0.000010	0.000010	LD_0.9_14_1322
JU2801	0.000010	0.000010	0.000010	0.000010	0.000010	0.000019	0.000010	0.000010	0.000010	0.999861	0.000010	0.000010	0.000010	0.000010	LD_0.9_14_1322
JU2836	0.037192	0.000010	0.000010	0.000010	0.206944	0.000010	0.000010	0.000010	0.000010	0.000010	0.427084	0.000010	0.000010	0.328680	LD_0.9_14_1322
JU2849	0.000010	0.000010	0.000010	0.000010	0.000010	0.999870	0.000010	0.000010	0.000010	0.000010	0.000010	0.000010	0.000010	0.000010	LD_0.9_14_1322
JU2861	0.000010	0.000010	0.000010	0.000010	0.125182	0.000010	0.000010	0.000010	0.000010	0.000010	0.874698	0.000010	0.000010	0.000010	LD_0.9_14_1322
JU2868	0.000010	0.000010	0.000012	0.000010	0.648727	0.000010	0.000014	0.000010	0.000010	0.000010	0.351147	0.000010	0.000010	0.000010	LD_0.9_14_1322
JU2872	0.000011	0.000010	0.000010	0.000014	0.000010	0.000010	0.000013	0.000013	0.999858	0.000010	0.000010	0.000010	0.000010	0.000010	LD_0.9_14_1322
JU3171	0.000011	0.000010	0.000010	0.000010	0.000010	0.000010	0.000010	0.000010	0.000010	0.000010	0.999869	0.000010	0.000010	0.000010	LD_0.9_14_1322
JU3200	0.000014	0.000011	0.000010	0.000010	0.000010	0.000014	0.000010	0.000014	0.000010	0.999856	0.000010	0.000010	0.000010	0.000010	LD_0.9_14_1322
JU3201	0.000010	0.000010	0.000010	0.000010	0.000010	0.000010	0.000010	0.000010	0.000010	0.999870	0.000010	0.000010	0.000010	0.000010	LD_0.9_14_1322
JU3202	0.000010	0.000010	0.000010	0.000010	0.000010	0.000010	0.000018	0.000010	0.000010	0.999862	0.000010	0.000010	0.000010	0.000010	LD_0.9_14_1322
JU3203	0.000010	0.000010	0.000010	0.000010	0.000010	0.000010	0.000010	0.000010	0.000010	0.999870	0.000010	0.000010	0.000010	0.000010	LD_0.9_14_1322
JU3206	0.000010	0.000010	0.000010	0.000010	0.000010	0.000011	0.000010	0.000010	0.000010	0.999869	0.000010	0.000010	0.000010	0.000010	LD_0.9_14_1322
JU3207	0.000010	0.000010	0.000010	0.000010	0.000010	0.000010	0.000010	0.000010	0.000010	0.000010	0.999870	0.000010	0.000010	0.000010	LD_0.9_14_1322
JU3237	0.000010	0.000010	0.000010	0.000013	0.000010	0.000010	0.000017	0.000010	0.000013	0.000010	0.000010	0.999856	0.000010	0.000010	LD_0.9_14_1322
JU3272	0.000010	0.000010	0.000010	0.000010	0.000010	0.000010	0.000010	0.000010	0.999865	0.000010	0.000014	0.000010	0.000011	0.000010	LD_0.9_14_1322
JU3281	0.000010	0.000010	0.000010	0.000010	0.999870	0.000010	0.000010	0.000010	0.000010	0.000010	0.000010	0.000010	0.000010	0.000010	LD_0.9_14_1322
JU3319	0.000010	0.000010	0.000010	0.000010	0.226255	0.773625	0.000010	0.000010	0.000010	0.000010	0.000010	0.000010	0.000010	0.000010	LD_0.9_14_1322
JU3321	0.000010	0.000010	0.000010	0.000010	0.999870	0.000010	0.000010	0.000010	0.000010	0.000010	0.000010	0.000010	0.000010	0.000010	LD_0.9_14_1322
JU3326	0.000010	0.000010	0.000010	0.899974	0.000010	0.000010	0.000010	0.000010	0.099906	0.000010	0.000010	0.000010	0.000010	0.000010	LD_0.9_14_1322
JU3327	0.000010	0.000010	0.000010	0.000010	0.973823	0.026057	0.000010	0.000010	0.000010	0.000010	0.000010	0.000010	0.000010	0.000010	LD_0.9_14_1322
JU3416	0.000010	0.035448	0.000010	0.000010	0.000010	0.000010	0.000010	0.000010	0.900867	0.000010	0.063575	0.000010	0.000010	0.000010	LD_0.9_14_1322
JU4042	0.000010	0.000010	0.000010	0.000010	0.999870	0.000010	0.000010	0.000010	0.000010	0.000010	0.000010	0.000010	0.000010	0.000010	LD_0.9_14_1322
JU4051	0.000010	0.000010	0.000010	0.000012	0.000010	0.999864	0.000010	0.000010	0.000010	0.000010	0.000010	0.000014	0.000010	0.000010	LD_0.9_14_1322
JU4058	0.000010	0.000010	0.000010	0.000010	0.000010	0.999870	0.000010	0.000010	0.000010	0.000010	0.000010	0.000010	0.000010	0.000010	LD_0.9_14_1322
JU4060	0.000010	0.000011	0.000010	0.000010	0.000010	0.999869	0.000010	0.000010	0.000010	0.000010	0.000010	0.000010	0.000010	0.000010	LD_0.9_14_1322
JU4062	0.000010	0.000010	0.000010	0.000010	0.000010	0.999870	0.000010	0.000010	0.000010	0.000010	0.000010	0.000010	0.000010	0.000010	LD_0.9_14_1322
JU4064	0.000010	0.000010	0.000010	0.000010	0.000010	0.999868	0.000012	0.000010	0.000010	0.000010	0.000010	0.000010	0.000010	0.000010	LD_0.9_14_1322
JU4080	0.000010	0.000010	0.000010	0.000010	0.775493	0.000010	0.000010	0.000010	0.000010	0.000010	0.224387	0.000010	0.000010	0.000010	LD_0.9_14_1322
JU4084	0.000010	0.000010	0.000010	0.000010	0.000010	0.999870	0.000010	0.000010	0.000010	0.000010	0.000010	0.000010	0.000010	0.000010	LD_0.9_14_1322
JU4097	0.000010	0.000010	0.000010	0.000010	0.000010	0.999870	0.000010	0.000010	0.000010	0.000010	0.000010	0.000010	0.000010	0.000010	LD_0.9_14_1322
JU725	0.000010	0.000010	0.000010	0.000010	0.269443	0.730429	0.000010	0.000010	0.000010	0.000010	0.000018	0.000010	0.000010	0.000010	LD_0.9_14_1322
MY2716	0.000010	0.000010	0.000010	0.000010	0.868788	0.000010	0.000010	0.000010	0.000010	0.000010	0.131092	0.000010	0.000010	0.000010	LD_0.9_14_1322
MY539	0.000010	0.000010	0.000010	0.000010	0.082150	0.000010	0.000010	0.000010	0.000010	0.000010	0.917730	0.000010	0.000010	0.000010	LD_0.9_14_1322
NIC1050	0.612210	0.000014	0.000010	0.000010	0.000010	0.000010	0.000010	0.155485	0.000010	0.000010	0.071018	0.000010	0.000010	0.161182	LD_0.9_14_1322
NIC1052	0.432660	0.000010	0.000010	0.000010	0.000010	0.000010	0.000010	0.415019	0.000010	0.000010	0.122911	0.000010	0.000010	0.029310	LD_0.9_14_1322
NIC1054	0.794049	0.000010	0.000010	0.000010	0.000010	0.000010	0.000010	0.081877	0.000010	0.000010	0.000010	0.000010	0.000010	0.123964	LD_0.9_14_1322
NIC1055	0.672377	0.000010	0.000010	0.000010	0.000010	0.000010	0.000010	0.212903	0.000010	0.000010	0.002281	0.000010	0.000010	0.112340	LD_0.9_14_1322
NIC1057	0.660158	0.000010	0.000010	0.000010	0.000010	0.000010	0.000010	0.188440	0.000010	0.000010	0.000010	0.000011	0.000010	0.151291	LD_0.9_14_1322
NIC1058	0.630898	0.000010	0.000010	0.000010	0.000010	0.000010	0.000010	0.000010	0.000010	0.000010	0.000010	0.000012	0.000010	0.368981	LD_0.9_14_1322
NIC1059	0.732393	0.000010	0.000010	0.000010	0.000010	0.000010	0.000010	0.089460	0.000010	0.000010	0.000010	0.000012	0.000010	0.178035	LD_0.9_14_1322
NIC1060	0.791203	0.000010	0.000010	0.000010	0.000010	0.000010	0.000010	0.000010	0.000010	0.000010	0.000010	0.000010	0.000010	0.208677	LD_0.9_14_1322
NIC1062	0.433142	0.000010	0.000010	0.000010	0.000010	0.000010	0.000010	0.127729	0.000010	0.000010	0.439019	0.000010	0.000010	0.000010	LD_0.9_14_1322
NIC1069	0.355298	0.000010	0.000010	0.000010	0.000010	0.000010	0.000010	0.000011	0.000010	0.000010	0.644581	0.000010	0.000010	0.000010	LD_0.9_14_1322
NIC1103	0.623221	0.000010	0.000010	0.000010	0.017499	0.000010	0.000010	0.237779	0.000010	0.000010	0.045705	0.000010	0.000010	0.075706	LD_0.9_14_1322
NIC1104	0.142654	0.000010	0.000010	0.000010	0.000010	0.000010	0.000010	0.021698	0.000010	0.000010	0.800544	0.000010	0.000010	0.035004	LD_0.9_14_1322
NIC1106	0.407547	0.000010	0.000010	0.000010	0.019591	0.000010	0.000010	0.014159	0.000010	0.000010	0.368615	0.000011	0.000010	0.189999	LD_0.9_14_1322
NIC1117	0.000010	0.000010	0.000010	0.000010	0.787236	0.000010	0.000010	0.000010	0.000010	0.000010	0.212644	0.000010	0.000010	0.000010	LD_0.9_14_1322
NIC1123	0.000010	0.000010	0.000010	0.000010	0.000010	0.999870	0.000010	0.000010	0.000010	0.000010	0.000010	0.000010	0.000010	0.000010	LD_0.9_14_1322
NIC1124	0.999869	0.000010	0.000010	0.000010	0.000010	0.000010	0.000010	0.000010	0.000010	0.000010	0.000010	0.000011	0.000010	0.000010	LD_0.9_14_1322
NIC1135	0.966709	0.000010	0.000010	0.000010	0.000010	0.000010	0.000010	0.000010	0.000010	0.000010	0.000010	0.000010	0.000010	0.033171	LD_0.9_14_1322
NIC1138	0.999870	0.000010	0.000010	0.000010	0.000010	0.000010	0.000010	0.000010	0.000010	0.000010	0.000010	0.000010	0.000010	0.000010	LD_0.9_14_1322
NIC1141	0.999870	0.000010	0.000010	0.000010	0.000010	0.000010	0.000010	0.000010	0.000010	0.000010	0.000010	0.000010	0.000010	0.000010	LD_0.9_14_1322
NIC115	0.568147	0.000010	0.000010	0.000010	0.000010	0.000010	0.000010	0.000010	0.000010	0.000010	0.431733	0.000010	0.000010	0.000010	LD_0.9_14_1322
NIC117	0.534801	0.000010	0.000010	0.000010	0.000010	0.000010	0.000010	0.000010	0.000010	0.000010	0.465079	0.000010	0.000010	0.000010	LD_0.9_14_1322
NIC1183	0.999870	0.000010	0.000010	0.000010	0.000010	0.000010	0.000010	0.000010	0.000010	0.000010	0.000010	0.000010	0.000010	0.000010	LD_0.9_14_1322
NIC119	0.608181	0.000019	0.000010	0.000010	0.000010	0.000010	0.000010	0.000012	0.000010	0.000010	0.391686	0.000011	0.000010	0.000010	LD_0.9_14_1322
NIC1190	0.999870	0.000010	0.000010	0.000010	0.000010	0.000010	0.000010	0.000010	0.000010	0.000010	0.000010	0.000010	0.000010	0.000010	LD_0.9_14_1322
NIC1202	0.017730	0.000010	0.000010	0.000010	0.718396	0.000010	0.000010	0.000010	0.000010	0.000010	0.263763	0.000011	0.000010	0.000010	LD_0.9_14_1322
NIC1204	0.023974	0.000010	0.000010	0.000010	0.772988	0.000010	0.000010	0.000010	0.000010	0.000010	0.202928	0.000010	0.000010	0.000010	LD_0.9_14_1322
NIC1205	0.000010	0.999868	0.000010	0.000010	0.000010	0.000010	0.000010	0.000010	0.000010	0.000010	0.000012	0.000010	0.000010	0.000010	LD_0.9_14_1322
NIC1218	0.000010	0.000010	0.000010	0.000010	0.865901	0.000010	0.000010	0.000010	0.000010	0.000010	0.133979	0.000010	0.000010	0.000010	LD_0.9_14_1322
NIC1220	0.000010	0.999870	0.000010	0.000010	0.000010	0.000010	0.000010	0.000010	0.000010	0.000010	0.000010	0.000010	0.000010	0.000010	LD_0.9_14_1322
NIC1221	0.013836	0.000010	0.000010	0.000010	0.986044	0.000010	0.000010	0.000010	0.000010	0.000010	0.000010	0.000010	0.000010	0.000010	LD_0.9_14_1322
NIC123	0.565935	0.000010	0.000010	0.000010	0.000012	0.000010	0.000010	0.000010	0.000010	0.000010	0.433943	0.000010	0.000010	0.000010	LD_0.9_14_1322
NIC1267	0.633309	0.000010	0.000010	0.000010	0.000010	0.000010	0.000010	0.000010	0.000010	0.000010	0.366571	0.000010	0.000010	0.000010	LD_0.9_14_1322
NIC1283	0.978241	0.000010	0.000010	0.000010	0.000010	0.000010	0.000010	0.000010	0.000010	0.000010	0.021639	0.000010	0.000010	0.000010	LD_0.9_14_1322
NIC1288	0.670675	0.000010	0.000010	0.000010	0.000010	0.114697	0.000010	0.060249	0.000010	0.000018	0.000010	0.000010	0.000010	0.154271	LD_0.9_14_1322
NIC1292	0.999870	0.000010	0.000010	0.000010	0.000010	0.000010	0.000010	0.000010	0.000010	0.000010	0.000010	0.000010	0.000010	0.000010	LD_0.9_14_1322
NIC1302	0.999870	0.000010	0.000010	0.000010	0.000010	0.000010	0.000010	0.000010	0.000010	0.000010	0.000010	0.000010	0.000010	0.000010	LD_0.9_14_1322
NIC1304	0.999869	0.000010	0.000010	0.000011	0.000010	0.000010	0.000010	0.000010	0.000010	0.000010	0.000010	0.000010	0.000010	0.000010	LD_0.9_14_1322
NIC1308	0.208559	0.000010	0.000010	0.000010	0.000010	0.559688	0.000010	0.000010	0.000010	0.000010	0.231643	0.000010	0.000010	0.000010	LD_0.9_14_1322
NIC1407	0.937773	0.000010	0.000010	0.000010	0.000010	0.000010	0.000010	0.062107	0.000010	0.000010	0.000010	0.000010	0.000010	0.000010	LD_0.9_14_1322
NIC1421	0.672900	0.000010	0.000010	0.000010	0.000010	0.000010	0.000010	0.000010	0.000010	0.000010	0.149849	0.000010	0.000010	0.177141	LD_0.9_14_1322
NIC1423	0.750309	0.000010	0.000010	0.000010	0.000010	0.000010	0.000010	0.047200	0.000010	0.000010	0.000010	0.000010	0.000010	0.202381	LD_0.9_14_1322
NIC1442	0.999867	0.000010	0.000010	0.000010	0.000010	0.000010	0.000010	0.000010	0.000010	0.000010	0.000010	0.000013	0.000010	0.000010	LD_0.9_14_1322
NIC1491	0.999870	0.000010	0.000010	0.000010	0.000010	0.000010	0.000010	0.000010	0.000010	0.000010	0.000010	0.000010	0.000010	0.000010	LD_0.9_14_1322
NIC1525	0.039873	0.000010	0.000010	0.000010	0.000010	0.000010	0.000010	0.000010	0.000010	0.000010	0.960007	0.000010	0.000010	0.000010	LD_0.9_14_1322
NIC1528	0.036068	0.000010	0.000010	0.000010	0.000010	0.000010	0.000010	0.000010	0.000010	0.000010	0.963812	0.000010	0.000010	0.000010	LD_0.9_14_1322
NIC1529	0.023514	0.000010	0.000010	0.000010	0.000010	0.000010	0.000010	0.000010	0.000010	0.000010	0.976366	0.000010	0.000010	0.000010	LD_0.9_14_1322
NIC1533	0.000010	0.000010	0.000010	0.000010	0.000010	0.000010	0.000010	0.000010	0.000010	0.000010	0.999870	0.000010	0.000010	0.000010	LD_0.9_14_1322
NIC1535	0.035937	0.000010	0.000010	0.000010	0.000010	0.000010	0.000010	0.000010	0.000010	0.000010	0.963941	0.000012	0.000010	0.000010	LD_0.9_14_1322
NIC1539	0.000010	0.000010	0.000010	0.000010	0.000010	0.000010	0.000010	0.000010	0.000010	0.000010	0.000010	0.000010	0.999870	0.000010	LD_0.9_14_1322
NIC1540	0.000010	0.000010	0.000010	0.000010	0.000010	0.000010	0.999870	0.000010	0.000010	0.000010	0.000010	0.000010	0.000010	0.000010	LD_0.9_14_1322
NIC1562	0.000010	0.077690	0.000010	0.000010	0.000010	0.000010	0.000010	0.000010	0.000010	0.000010	0.000010	0.000010	0.922190	0.000010	LD_0.9_14_1322
NIC1589	0.000010	0.000010	0.000010	0.000010	0.000011	0.000010	0.999868	0.000010	0.000010	0.000010	0.000010	0.000011	0.000010	0.000010	LD_0.9_14_1322
NIC1590	0.000010	0.999870	0.000010	0.000010	0.000010	0.000010	0.000010	0.000010	0.000010	0.000010	0.000010	0.000010	0.000010	0.000010	LD_0.9_14_1322
NIC1591	0.000011	0.000011	0.000010	0.000010	0.000010	0.000010	0.999866	0.000010	0.000010	0.000011	0.000010	0.000010	0.000010	0.000010	LD_0.9_14_1322
NIC1593	0.000010	0.000010	0.000010	0.000010	0.000010	0.000010	0.999870	0.000010	0.000010	0.000010	0.000010	0.000010	0.000010	0.000010	LD_0.9_14_1322
NIC1595	0.000010	0.999870	0.000010	0.000010	0.000010	0.000010	0.000010	0.000010	0.000010	0.000010	0.000010	0.000010	0.000010	0.000010	LD_0.9_14_1322
NIC1598	0.000010	0.000010	0.000010	0.000010	0.000010	0.000010	0.000010	0.000010	0.000010	0.000010	0.000010	0.000010	0.999870	0.000010	LD_0.9_14_1322
NIC1602	0.000010	0.000010	0.000010	0.000010	0.000010	0.000010	0.000010	0.000010	0.000010	0.000010	0.000010	0.000010	0.999870	0.000010	LD_0.9_14_1322
NIC1607	0.000010	0.215625	0.000010	0.000010	0.000010	0.000010	0.641895	0.000010	0.009035	0.000010	0.133345	0.000010	0.000010	0.000010	LD_0.9_14_1322
NIC1628	0.000010	0.000010	0.000010	0.000010	0.999870	0.000010	0.000010	0.000010	0.000010	0.000010	0.000010	0.000010	0.000010	0.000010	LD_0.9_14_1322
NIC1630	0.000010	0.000010	0.000010	0.000010	0.000010	0.000010	0.000010	0.000010	0.000010	0.000010	0.000010	0.000010	0.999870	0.000010	LD_0.9_14_1322
NIC1631	0.000010	0.999870	0.000010	0.000010	0.000010	0.000010	0.000010	0.000010	0.000010	0.000010	0.000010	0.000010	0.000010	0.000010	LD_0.9_14_1322
NIC1632	0.000010	0.000010	0.000010	0.000010	0.000010	0.000010	0.000010	0.000010	0.999870	0.000010	0.000010	0.000010	0.000010	0.000010	LD_0.9_14_1322
NIC1633	0.000010	0.000010	0.000010	0.000010	0.000010	0.000010	0.000010	0.000010	0.999870	0.000010	0.000010	0.000010	0.000010	0.000010	LD_0.9_14_1322
NIC1635	0.000010	0.000010	0.000010	0.000012	0.000013	0.000011	0.000010	0.000010	0.999862	0.000010	0.000012	0.000010	0.000010	0.000010	LD_0.9_14_1322
NIC1645	0.000011	0.042054	0.000010	0.000010	0.000010	0.000010	0.000011	0.000010	0.000010	0.000010	0.000010	0.000010	0.957825	0.000010	LD_0.9_14_1322
NIC1660	0.000010	0.999870	0.000010	0.000010	0.000010	0.000010	0.000010	0.000010	0.000010	0.000010	0.000010	0.000010	0.000010	0.000010	LD_0.9_14_1322
NIC1661	0.000010	0.999870	0.000010	0.000010	0.000010	0.000010	0.000010	0.000010	0.000010	0.000010	0.000010	0.000010	0.000010	0.000010	LD_0.9_14_1322
NIC1662	0.000010	0.999870	0.000010	0.000010	0.000010	0.000010	0.000010	0.000010	0.000010	0.000010	0.000010	0.000010	0.000010	0.000010	LD_0.9_14_1322
NIC1663	0.000010	0.999864	0.000010	0.000012	0.000010	0.000010	0.000010	0.000010	0.000013	0.000012	0.000010	0.000010	0.000010	0.000010	LD_0.9_14_1322
NIC1664	0.000010	0.000010	0.000011	0.000010	0.000017	0.000010	0.999862	0.000010	0.000010	0.000010	0.000010	0.000010	0.000010	0.000010	LD_0.9_14_1322
NIC1665	0.000010	0.000012	0.000010	0.000010	0.000010	0.000010	0.999860	0.000010	0.000014	0.000010	0.000010	0.000010	0.000013	0.000010	LD_0.9_14_1322
NIC1666	0.000010	0.999870	0.000010	0.000010	0.000010	0.000010	0.000010	0.000010	0.000010	0.000010	0.000010	0.000010	0.000010	0.000010	LD_0.9_14_1322
NIC1667	0.000010	0.000010	0.000010	0.000013	0.000010	0.000010	0.000010	0.000010	0.000013	0.000010	0.000010	0.000010	0.999865	0.000010	LD_0.9_14_1322
NIC1681	0.000010	0.999870	0.000010	0.000010	0.000010	0.000010	0.000010	0.000010	0.000010	0.000010	0.000010	0.000010	0.000010	0.000010	LD_0.9_14_1322
NIC1688	0.000010	0.000010	0.000010	0.000010	0.999870	0.000010	0.000010	0.000010	0.000010	0.000010	0.000010	0.000010	0.000010	0.000010	LD_0.9_14_1322
NIC1692	0.000010	0.953353	0.000010	0.000010	0.000010	0.000010	0.000010	0.000010	0.000010	0.000010	0.000010	0.000010	0.046527	0.000010	LD_0.9_14_1322
NIC1693	0.000010	0.999870	0.000010	0.000010	0.000010	0.000010	0.000010	0.000010	0.000010	0.000010	0.000010	0.000010	0.000010	0.000010	LD_0.9_14_1322
NIC17	0.000010	0.000010	0.000010	0.000010	0.000010	0.000010	0.000010	0.000010	0.000010	0.000010	0.999870	0.000010	0.000010	0.000010	LD_0.9_14_1322
NIC174	0.000010	0.000013	0.000010	0.000010	0.000010	0.000010	0.000010	0.000010	0.999867	0.000010	0.000010	0.000010	0.000010	0.000010	LD_0.9_14_1322
NIC187	0.686657	0.000010	0.000010	0.000010	0.000010	0.000010	0.000010	0.000010	0.000010	0.000010	0.313223	0.000010	0.000010	0.000010	LD_0.9_14_1322
NIC188	0.638764	0.000010	0.000010	0.000010	0.000010	0.000015	0.000010	0.000010	0.000010	0.000010	0.361105	0.000016	0.000010	0.000010	LD_0.9_14_1322
NIC19	0.000010	0.000010	0.000010	0.000010	0.000010	0.000010	0.999869	0.000010	0.000010	0.000010	0.000011	0.000010	0.000010	0.000010	LD_0.9_14_1322
NIC191	0.503783	0.000010	0.000010	0.000010	0.000010	0.000010	0.000010	0.000010	0.000010	0.000010	0.496097	0.000010	0.000010	0.000010	LD_0.9_14_1322
NIC20	0.000011	0.000010	0.000010	0.000010	0.000010	0.000013	0.999863	0.000010	0.000010	0.000010	0.000010	0.000013	0.000010	0.000010	LD_0.9_14_1322
NIC21	0.000010	0.000010	0.000010	0.000010	0.000010	0.000010	0.999866	0.000013	0.000010	0.000010	0.000010	0.000010	0.000010	0.000010	LD_0.9_14_1322
NIC22	0.000010	0.000010	0.000010	0.000010	0.000010	0.000010	0.999866	0.000010	0.000010	0.000010	0.000010	0.000010	0.000014	0.000010	LD_0.9_14_1322
NIC2369	0.000010	0.000010	0.000010	0.000010	0.000010	0.999870	0.000010	0.000010	0.000010	0.000010	0.000010	0.000010	0.000010	0.000010	LD_0.9_14_1322
NIC248	0.532650	0.000010	0.000010	0.000010	0.000010	0.000010	0.000010	0.000010	0.000010	0.000010	0.467230	0.000010	0.000010	0.000010	LD_0.9_14_1322
NIC250	0.431249	0.000010	0.000010	0.000011	0.000010	0.000010	0.000011	0.000010	0.000010	0.000010	0.568627	0.000013	0.000010	0.000010	LD_0.9_14_1322
NIC2527	0.000010	0.000010	0.000010	0.000010	0.992185	0.000010	0.000010	0.000010	0.000010	0.000010	0.007695	0.000010	0.000010	0.000010	LD_0.9_14_1322
NIC309	0.999870	0.000010	0.000010	0.000010	0.000010	0.000010	0.000010	0.000010	0.000010	0.000010	0.000010	0.000010	0.000010	0.000010	LD_0.9_14_1322
NIC325	0.999863	0.000010	0.000010	0.000010	0.000010	0.000010	0.000010	0.000010	0.000010	0.000010	0.000017	0.000010	0.000010	0.000010	LD_0.9_14_1322
NIC327	0.783751	0.000010	0.000010	0.000010	0.000010	0.000010	0.000010	0.216124	0.000010	0.000010	0.000015	0.000010	0.000010	0.000010	LD_0.9_14_1322
NIC329	0.853670	0.000010	0.000010	0.000010	0.000010	0.000010	0.000010	0.146210	0.000010	0.000010	0.000010	0.000010	0.000010	0.000010	LD_0.9_14_1322
NIC330	0.849351	0.000010	0.000010	0.000010	0.000010	0.000010	0.000010	0.102972	0.000010	0.000010	0.047567	0.000010	0.000010	0.000010	LD_0.9_14_1322
NIC331	0.819409	0.000010	0.000010	0.000010	0.000010	0.000010	0.000010	0.000010	0.000010	0.000010	0.000010	0.000010	0.000010	0.180471	LD_0.9_14_1322
NIC332	0.780760	0.000010	0.000010	0.000010	0.000010	0.000010	0.000010	0.219120	0.000010	0.000010	0.000010	0.000010	0.000010	0.000010	LD_0.9_14_1322
NIC333	0.909150	0.000010	0.000010	0.000012	0.000010	0.000010	0.000010	0.090728	0.000010	0.000010	0.000010	0.000010	0.000010	0.000010	LD_0.9_14_1322
NIC343	0.000010	0.000010	0.000010	0.000010	0.402391	0.032418	0.000010	0.000010	0.000010	0.000010	0.565082	0.000010	0.000010	0.000010	LD_0.9_14_1322
NIC392	0.652487	0.000010	0.000010	0.000010	0.000010	0.000010	0.000010	0.000010	0.000010	0.000010	0.347393	0.000010	0.000010	0.000010	LD_0.9_14_1322
NIC400	0.806392	0.000010	0.000010	0.000010	0.000010	0.000010	0.000010	0.193488	0.000010	0.000010	0.000010	0.000010	0.000010	0.000010	LD_0.9_14_1322
NIC402	0.812041	0.000010	0.000010	0.000010	0.000010	0.000010	0.000010	0.187839	0.000010	0.000010	0.000010	0.000010	0.000010	0.000010	LD_0.9_14_1322
NIC419	0.000010	0.000010	0.000010	0.000010	0.000010	0.999870	0.000010	0.000010	0.000010	0.000010	0.000010	0.000010	0.000010	0.000010	LD_0.9_14_1322
NIC504	0.000010	0.999869	0.000010	0.000010	0.000010	0.000010	0.000010	0.000010	0.000011	0.000010	0.000010	0.000010	0.000010	0.000010	LD_0.9_14_1322
NIC505	0.000010	0.999870	0.000010	0.000010	0.000010	0.000010	0.000010	0.000010	0.000010	0.000010	0.000010	0.000010	0.000010	0.000010	LD_0.9_14_1322
NIC518	0.000010	0.000010	0.000010	0.000019	0.000010	0.000010	0.000013	0.000010	0.000010	0.000010	0.000010	0.000010	0.999858	0.000010	LD_0.9_14_1322
NIC519	0.000010	0.078102	0.000010	0.000010	0.000010	0.000010	0.000010	0.000010	0.000013	0.000010	0.000010	0.000010	0.921775	0.000010	LD_0.9_14_1322
NIC532	0.463434	0.000010	0.000010	0.000010	0.000010	0.000010	0.000010	0.000010	0.000010	0.000010	0.536445	0.000010	0.000010	0.000010	LD_0.9_14_1322
NIC541	0.498345	0.000010	0.000010	0.000010	0.000010	0.000010	0.000010	0.030667	0.000010	0.000010	0.078030	0.311071	0.000010	0.081797	LD_0.9_14_1322
NIC549	0.408080	0.000010	0.000010	0.000010	0.000010	0.000010	0.000010	0.000010	0.000010	0.000010	0.591800	0.000010	0.000010	0.000010	LD_0.9_14_1322
NIC552	0.349869	0.000010	0.000010	0.000010	0.000010	0.000010	0.000010	0.000010	0.000010	0.000010	0.650011	0.000010	0.000010	0.000010	LD_0.9_14_1322
NIC555	0.478625	0.000010	0.000010	0.000010	0.000010	0.000015	0.000010	0.000010	0.000010	0.000010	0.397426	0.000010	0.000010	0.123834	LD_0.9_14_1322
NIC561	0.383204	0.000010	0.000010	0.000011	0.000010	0.000011	0.000010	0.000010	0.000010	0.000010	0.616674	0.000010	0.000010	0.000010	LD_0.9_14_1322
NIC574	0.502953	0.000010	0.000010	0.000010	0.000010	0.000010	0.000010	0.000010	0.000010	0.000010	0.496927	0.000010	0.000010	0.000010	LD_0.9_14_1322
NIC578	0.666729	0.000010	0.000016	0.000010	0.000010	0.000010	0.000010	0.000010	0.000010	0.000010	0.333145	0.000010	0.000010	0.000010	LD_0.9_14_1322
NIC583	0.656596	0.000010	0.000010	0.000010	0.000010	0.000010	0.000010	0.000010	0.000010	0.000010	0.343284	0.000010	0.000010	0.000010	LD_0.9_14_1322
NIC590	0.834257	0.000010	0.000010	0.000010	0.000010	0.000010	0.000010	0.000010	0.000010	0.000010	0.049771	0.115862	0.000010	0.000010	LD_0.9_14_1322
NIC593	0.375704	0.000010	0.000010	0.000010	0.000010	0.000010	0.000010	0.000010	0.000010	0.000010	0.624176	0.000010	0.000010	0.000010	LD_0.9_14_1322
NIC60	0.999867	0.000010	0.000010	0.000010	0.000013	0.000010	0.000010	0.000010	0.000010	0.000010	0.000010	0.000010	0.000010	0.000010	LD_0.9_14_1322
NIC61	0.322889	0.000010	0.000010	0.000011	0.000010	0.000012	0.000010	0.000010	0.000010	0.000011	0.676987	0.000010	0.000010	0.000010	LD_0.9_14_1322
NIC62	0.638379	0.000010	0.000010	0.000010	0.000010	0.000010	0.000010	0.000010	0.000010	0.000010	0.361501	0.000010	0.000010	0.000010	LD_0.9_14_1322
NIC67	0.000010	0.000010	0.000010	0.000010	0.000010	0.999870	0.000010	0.000010	0.000010	0.000010	0.000010	0.000010	0.000010	0.000010	LD_0.9_14_1322
NIC758	0.679841	0.000010	0.000010	0.000010	0.000010	0.000010	0.000010	0.000010	0.000010	0.000010	0.201096	0.118953	0.000010	0.000010	LD_0.9_14_1322
NIC777	0.514316	0.000010	0.000010	0.000010	0.000010	0.000010	0.000010	0.000010	0.000010	0.000010	0.364662	0.000010	0.000010	0.120912	LD_0.9_14_1322
NIC779	0.000010	0.999857	0.000020	0.000010	0.000010	0.000010	0.000010	0.000010	0.000010	0.000013	0.000010	0.000010	0.000010	0.000010	LD_0.9_14_1322
NIC790	0.000010	0.000010	0.000010	0.000010	0.999870	0.000010	0.000010	0.000010	0.000010	0.000010	0.000010	0.000010	0.000010	0.000010	LD_0.9_14_1322
NIC791	0.000010	0.000010	0.000011	0.000010	0.011149	0.000010	0.000010	0.000010	0.000012	0.000010	0.068505	0.920233	0.000010	0.000010	LD_0.9_14_1322
NIC792	0.000010	0.000010	0.000010	0.000010	0.709941	0.000010	0.000010	0.000010	0.000010	0.000010	0.000010	0.289939	0.000010	0.000010	LD_0.9_14_1322
NIC793	0.000010	0.000010	0.000010	0.000010	0.935778	0.000010	0.000010	0.000010	0.000010	0.000010	0.064102	0.000010	0.000010	0.000010	LD_0.9_14_1322
NIC795	0.000010	0.000010	0.000010	0.000010	0.999870	0.000010	0.000010	0.000010	0.000010	0.000010	0.000010	0.000010	0.000010	0.000010	LD_0.9_14_1322
NIC796	0.000010	0.000010	0.000010	0.000010	0.999870	0.000010	0.000010	0.000010	0.000010	0.000010	0.000010	0.000010	0.000010	0.000010	LD_0.9_14_1322
NIC802	0.000010	0.000010	0.000010	0.000010	0.999870	0.000010	0.000010	0.000010	0.000010	0.000010	0.000010	0.000010	0.000010	0.000010	LD_0.9_14_1322
NIC803	0.062817	0.000010	0.000010	0.000010	0.937063	0.000010	0.000010	0.000010	0.000010	0.000010	0.000010	0.000010	0.000010	0.000010	LD_0.9_14_1322
NIC805	0.000010	0.999870	0.000010	0.000010	0.000010	0.000010	0.000010	0.000010	0.000010	0.000010	0.000010	0.000010	0.000010	0.000010	LD_0.9_14_1322
NIC811	0.000010	0.000010	0.000010	0.000011	0.924167	0.000010	0.000010	0.000010	0.000010	0.000010	0.075711	0.000010	0.000010	0.000010	LD_0.9_14_1322
NIC814	0.000010	0.999860	0.000010	0.000020	0.000010	0.000010	0.000010	0.000010	0.000010	0.000010	0.000010	0.000010	0.000010	0.000010	LD_0.9_14_1322
NIC815	0.000010	0.999870	0.000010	0.000010	0.000010	0.000010	0.000010	0.000010	0.000010	0.000010	0.000010	0.000010	0.000010	0.000010	LD_0.9_14_1322
NIC816	0.000010	0.000010	0.000011	0.000010	0.000010	0.000010	0.999869	0.000010	0.000010	0.000010	0.000010	0.000010	0.000010	0.000010	LD_0.9_14_1322
NIC819	0.000010	0.201320	0.000010	0.000010	0.000010	0.000010	0.634363	0.000010	0.016282	0.000010	0.147935	0.000010	0.000010	0.000010	LD_0.9_14_1322
NIC821	0.070206	0.000011	0.000010	0.000010	0.929674	0.000010	0.000010	0.000010	0.000010	0.000010	0.000010	0.000010	0.000010	0.000010	LD_0.9_14_1322
NIC822	0.000010	0.099778	0.000010	0.000010	0.000010	0.000010	0.000010	0.000010	0.000010	0.000010	0.000010	0.000010	0.900102	0.000010	LD_0.9_14_1322
NIC824	0.000010	0.999870	0.000010	0.000010	0.000010	0.000010	0.000010	0.000010	0.000010	0.000010	0.000010	0.000010	0.000010	0.000010	LD_0.9_14_1322
NIC825	0.000010	0.000010	0.000012	0.000019	0.000010	0.000010	0.999854	0.000010	0.000010	0.000015	0.000010	0.000010	0.000010	0.000010	LD_0.9_14_1322
NIC827	0.000010	0.000010	0.000010	0.000010	0.000010	0.000010	0.999870	0.000010	0.000010	0.000010	0.000010	0.000010	0.000010	0.000010	LD_0.9_14_1322
NIC828	0.000010	0.000010	0.000010	0.000010	0.000010	0.000010	0.999862	0.000010	0.000015	0.000010	0.000013	0.000010	0.000010	0.000010	LD_0.9_14_1322
NIC863	0.000010	0.999868	0.000010	0.000010	0.000012	0.000010	0.000010	0.000010	0.000010	0.000010	0.000010	0.000010	0.000011	0.000010	LD_0.9_14_1322
NIC864	0.000010	0.999870	0.000010	0.000010	0.000010	0.000010	0.000010	0.000010	0.000010	0.000010	0.000010	0.000010	0.000010	0.000010	LD_0.9_14_1322
NIC865	0.000011	0.999869	0.000010	0.000010	0.000010	0.000010	0.000010	0.000010	0.000010	0.000010	0.000010	0.000010	0.000010	0.000010	LD_0.9_14_1322
NIC871	0.000010	0.000010	0.000010	0.000010	0.999870	0.000010	0.000010	0.000010	0.000010	0.000010	0.000010	0.000010	0.000010	0.000010	LD_0.9_14_1322
NIC883	0.000010	0.000010	0.000010	0.000010	0.999870	0.000010	0.000010	0.000010	0.000010	0.000010	0.000010	0.000010	0.000010	0.000010	LD_0.9_14_1322
NIC889	0.000010	0.999870	0.000010	0.000010	0.000010	0.000010	0.000010	0.000010	0.000010	0.000010	0.000010	0.000010	0.000010	0.000010	LD_0.9_14_1322
NIC893	0.000010	0.000010	0.000010	0.999870	0.000010	0.000010	0.000010	0.000010	0.000010	0.000010	0.000010	0.000010	0.000010	0.000010	LD_0.9_14_1322
NIC897	0.000010	0.999870	0.000010	0.000010	0.000010	0.000010	0.000010	0.000010	0.000010	0.000010	0.000010	0.000010	0.000010	0.000010	LD_0.9_14_1322
NIC899	0.000015	0.000010	0.000012	0.000010	0.000010	0.000010	0.000013	0.000010	0.999859	0.000011	0.000010	0.000010	0.000010	0.000010	LD_0.9_14_1322
NIC901	0.000010	0.000010	0.000010	0.000010	0.000010	0.000010	0.000010	0.000010	0.000010	0.000010	0.999864	0.000016	0.000010	0.000010	LD_0.9_14_1322
NIC911	0.127034	0.000010	0.000010	0.000010	0.030271	0.000010	0.000010	0.000010	0.000010	0.000010	0.842583	0.000010	0.000012	0.000010	LD_0.9_14_1322
NIC96	0.999870	0.000010	0.000010	0.000010	0.000010	0.000010	0.000010	0.000010	0.000010	0.000010	0.000010	0.000010	0.000010	0.000010	LD_0.9_14_1322
NIC984	0.075538	0.000010	0.000010	0.000010	0.182497	0.000010	0.000010	0.000010	0.000010	0.000010	0.741855	0.000010	0.000010	0.000010	LD_0.9_14_1322
NIC985	0.068296	0.000010	0.000010	0.000010	0.000010	0.174571	0.000010	0.000010	0.000010	0.000010	0.757022	0.000010	0.000010	0.000010	LD_0.9_14_1322
PB800	0.000010	0.000010	0.000010	0.000010	0.000010	0.000010	0.000010	0.000010	0.999870	0.000010	0.000010	0.000010	0.000010	0.000010	LD_0.9_14_1322
PB857	0.000010	0.000010	0.000010	0.000010	0.000010	0.000010	0.000013	0.000010	0.999865	0.000010	0.000010	0.000010	0.000013	0.000010	LD_0.9_14_1322
PE887	0.000010	0.000010	0.000010	0.000010	0.355186	0.000010	0.000010	0.000010	0.000010	0.000010	0.644694	0.000010	0.000010	0.000010	LD_0.9_14_1322
QG1005	0.083657	0.000010	0.000010	0.000010	0.000010	0.000010	0.000010	0.466929	0.000010	0.000010	0.000010	0.000010	0.000010	0.449305	LD_0.9_14_1322
QG1007	0.000010	0.000010	0.000010	0.000010	0.000010	0.000010	0.000010	0.999870	0.000010	0.000010	0.000010	0.000010	0.000010	0.000010	LD_0.9_14_1322
QG1111	0.000010	0.000010	0.000010	0.000010	0.000010	0.000010	0.000010	0.565178	0.000010	0.000010	0.000010	0.000010	0.000010	0.434702	LD_0.9_14_1322
QG1126	0.000010	0.000010	0.000010	0.000010	0.000010	0.000010	0.000010	0.999870	0.000010	0.000010	0.000010	0.000010	0.000010	0.000010	LD_0.9_14_1322
QG1141	0.000010	0.000010	0.000010	0.000010	0.000011	0.000010	0.000010	0.000010	0.000010	0.000010	0.000010	0.000010	0.000010	0.999869	LD_0.9_14_1322
QG1155	0.000010	0.000010	0.000010	0.000010	0.000010	0.000010	0.000010	0.001058	0.000010	0.000010	0.000010	0.000010	0.000010	0.998822	LD_0.9_14_1322
QG130	0.000010	0.000010	0.000010	0.000010	0.000010	0.000010	0.000010	0.000010	0.000010	0.000010	0.999870	0.000010	0.000010	0.000010	LD_0.9_14_1322
QG132	0.018544	0.000010	0.000010	0.000010	0.215562	0.000010	0.000010	0.000010	0.000010	0.000010	0.765785	0.000010	0.000010	0.000010	LD_0.9_14_1322
QG133	0.000010	0.396657	0.000010	0.000010	0.000010	0.000010	0.000010	0.000010	0.000010	0.000010	0.023759	0.000010	0.579474	0.000010	LD_0.9_14_1322
QG2641	0.000010	0.000010	0.000010	0.000010	0.000010	0.000010	0.000010	0.815955	0.000010	0.000010	0.000010	0.000010	0.000010	0.183925	LD_0.9_14_1322
QG2648	0.000010	0.000010	0.000010	0.000010	0.000010	0.000010	0.000010	0.999870	0.000010	0.000010	0.000010	0.000010	0.000010	0.000010	LD_0.9_14_1322
QG2659	0.000010	0.000010	0.000010	0.000010	0.000010	0.000010	0.000010	0.500917	0.000010	0.000010	0.000010	0.000010	0.000010	0.498963	LD_0.9_14_1322
QG2663	0.000010	0.000010	0.000010	0.000010	0.000010	0.000010	0.000010	0.208365	0.000010	0.000010	0.000010	0.000010	0.000010	0.791515	LD_0.9_14_1322
QG2665	0.000010	0.000010	0.000010	0.000010	0.000010	0.000010	0.000010	0.882753	0.000010	0.000010	0.000010	0.000010	0.000010	0.117127	LD_0.9_14_1322
QG2683	0.000010	0.000010	0.000010	0.000010	0.000010	0.000010	0.000010	0.000010	0.000010	0.000010	0.000010	0.000010	0.000010	0.999870	LD_0.9_14_1322
QG2736	0.000010	0.000010	0.000010	0.000010	0.000010	0.000010	0.000010	0.522747	0.000010	0.000010	0.000010	0.000010	0.000010	0.477133	LD_0.9_14_1322
QG2814	0.000010	0.000010	0.000010	0.000010	0.999870	0.000010	0.000010	0.000010	0.000010	0.000010	0.000010	0.000010	0.000010	0.000010	LD_0.9_14_1322
QG2820	0.000010	0.000010	0.000010	0.000010	0.713407	0.000010	0.000010	0.000010	0.000010	0.000010	0.286473	0.000010	0.000010	0.000010	LD_0.9_14_1322
QG2848	0.000010	0.000010	0.000010	0.000010	0.999870	0.000010	0.000010	0.000010	0.000010	0.000010	0.000010	0.000010	0.000010	0.000010	LD_0.9_14_1322
QG2849	0.000010	0.000010	0.000010	0.000010	0.856618	0.000010	0.000010	0.000010	0.000010	0.000010	0.143262	0.000010	0.000010	0.000010	LD_0.9_14_1322
QG2880	0.000010	0.000010	0.000010	0.000010	0.000010	0.000010	0.000010	0.000010	0.000010	0.000010	0.000010	0.999870	0.000010	0.000010	LD_0.9_14_1322
QG2881	0.000010	0.000010	0.000010	0.000010	0.707470	0.000010	0.000010	0.000010	0.000010	0.000010	0.292410	0.000010	0.000010	0.000010	LD_0.9_14_1322
QG2883	0.000010	0.000010	0.000010	0.000010	0.618871	0.000010	0.000010	0.000010	0.000010	0.000010	0.381009	0.000010	0.000010	0.000010	LD_0.9_14_1322
QG2884	0.000010	0.000010	0.000010	0.000010	0.000010	0.000010	0.000010	0.000010	0.000010	0.000010	0.000010	0.999870	0.000010	0.000010	LD_0.9_14_1322
QG2891	0.000010	0.000010	0.999870	0.000010	0.000010	0.000010	0.000010	0.000010	0.000010	0.000010	0.000010	0.000010	0.000010	0.000010	LD_0.9_14_1322
QG2892	0.000010	0.000010	0.000010	0.000010	0.000010	0.000010	0.000010	0.000010	0.000010	0.000010	0.000010	0.999870	0.000010	0.000010	LD_0.9_14_1322
QG2893	0.000010	0.000010	0.496941	0.000010	0.000010	0.000010	0.000010	0.000010	0.000010	0.502939	0.000010	0.000010	0.000010	0.000010	LD_0.9_14_1322
QG2895	0.000010	0.000010	0.000010	0.000010	0.000010	0.000010	0.000010	0.000010	0.000010	0.000010	0.000010	0.999870	0.000010	0.000010	LD_0.9_14_1322
QG2902	0.000010	0.000010	0.000010	0.000010	0.000010	0.000010	0.000010	0.000010	0.000010	0.000010	0.000010	0.999870	0.000010	0.000010	LD_0.9_14_1322
QG2903	0.000010	0.000010	0.000010	0.000010	0.000010	0.000010	0.000010	0.000010	0.000010	0.000010	0.000010	0.999870	0.000010	0.000010	LD_0.9_14_1322
QG2906	0.000010	0.000010	0.000010	0.000010	0.000010	0.000011	0.000010	0.000010	0.000010	0.000010	0.000010	0.999869	0.000010	0.000010	LD_0.9_14_1322
QG2908	0.000010	0.000010	0.506982	0.000010	0.000010	0.000010	0.000010	0.000010	0.000014	0.492894	0.000010	0.000010	0.000010	0.000010	LD_0.9_14_1322
QG2910	0.028514	0.000010	0.000010	0.000010	0.714434	0.000010	0.000010	0.000010	0.000010	0.000010	0.256942	0.000010	0.000010	0.000010	LD_0.9_14_1322
QG2919	0.000010	0.000010	0.999870	0.000010	0.000010	0.000010	0.000010	0.000010	0.000010	0.000010	0.000010	0.000010	0.000010	0.000010	LD_0.9_14_1322
QG2923	0.000010	0.000010	0.000010	0.000010	0.000010	0.000010	0.000010	0.000018	0.000010	0.000010	0.000010	0.999862	0.000010	0.000010	LD_0.9_14_1322
QG2925	0.000010	0.000010	0.000010	0.000010	0.000010	0.000010	0.000010	0.000010	0.000010	0.000010	0.000012	0.999868	0.000010	0.000010	LD_0.9_14_1322
QG2964	0.000010	0.000010	0.000010	0.000010	0.000010	0.000010	0.000010	0.000010	0.000010	0.000010	0.000010	0.000010	0.000010	0.999870	LD_0.9_14_1322
QG2966	0.043579	0.000010	0.000010	0.000010	0.000010	0.000010	0.000010	0.000010	0.000010	0.000010	0.267283	0.000010	0.000010	0.689028	LD_0.9_14_1322
QG2969	0.000010	0.000010	0.000010	0.000010	0.000010	0.000010	0.000010	0.948830	0.000010	0.000010	0.000010	0.000011	0.000010	0.051049	LD_0.9_14_1322
QG2972	0.000010	0.000010	0.000010	0.000010	0.000010	0.000010	0.000010	0.658984	0.000010	0.000010	0.000010	0.000010	0.000010	0.340896	LD_0.9_14_1322
QG2996	0.000010	0.000010	0.000010	0.000010	0.000010	0.000014	0.000010	0.999866	0.000010	0.000010	0.000010	0.000010	0.000010	0.000010	LD_0.9_14_1322
QG3004	0.122051	0.000010	0.000010	0.000010	0.044165	0.000010	0.000010	0.199081	0.000010	0.000010	0.035157	0.000010	0.000010	0.599457	LD_0.9_14_1322
QG3006	0.000010	0.000010	0.000010	0.000010	0.000010	0.000010	0.000010	0.746326	0.000010	0.000010	0.000010	0.000010	0.000010	0.253554	LD_0.9_14_1322
QG3019	0.127400	0.000010	0.000010	0.000010	0.000010	0.000010	0.000010	0.231967	0.000010	0.000010	0.000010	0.000010	0.000010	0.640523	LD_0.9_14_1322
QG3025	0.000010	0.000010	0.000010	0.000010	0.000010	0.000010	0.000010	0.999864	0.000010	0.000010	0.000016	0.000010	0.000010	0.000010	LD_0.9_14_1322
QG3030	0.000010	0.000010	0.000010	0.000010	0.000010	0.000010	0.000010	0.999870	0.000010	0.000010	0.000010	0.000010	0.000010	0.000010	LD_0.9_14_1322
QG3032	0.203968	0.000010	0.000010	0.000010	0.000010	0.000010	0.000010	0.095596	0.000010	0.000010	0.001629	0.000010	0.000010	0.698707	LD_0.9_14_1322
QG3034	0.000010	0.000010	0.000010	0.000010	0.000010	0.000010	0.000010	0.999869	0.000011	0.000010	0.000010	0.000010	0.000010	0.000010	LD_0.9_14_1322
QG3041	0.000010	0.000010	0.000010	0.000010	0.000010	0.000010	0.000010	0.999870	0.000010	0.000010	0.000010	0.000010	0.000010	0.000010	LD_0.9_14_1322
QG3053	0.412723	0.000010	0.000010	0.000010	0.297936	0.000010	0.000010	0.000010	0.000010	0.000010	0.289231	0.000010	0.000010	0.000010	LD_0.9_14_1322
QG3056	0.055539	0.000010	0.000010	0.000010	0.000010	0.000010	0.000010	0.000010	0.000010	0.000010	0.264664	0.000010	0.000010	0.679687	LD_0.9_14_1322
QG3057	0.000010	0.000010	0.000010	0.000010	0.000010	0.000010	0.000010	0.880430	0.000010	0.000010	0.000010	0.000010	0.000010	0.119450	LD_0.9_14_1322
QG3058	0.051589	0.000010	0.000010	0.000010	0.000010	0.000010	0.000010	0.280878	0.000010	0.000010	0.010266	0.000010	0.000010	0.657166	LD_0.9_14_1322
QG3527	0.546358	0.000010	0.000010	0.000010	0.138512	0.000010	0.000010	0.011277	0.000010	0.000010	0.190093	0.000010	0.000010	0.113670	LD_0.9_14_1322
QG3661	0.000010	0.000010	0.000010	0.000010	0.000010	0.000010	0.000010	0.000010	0.999869	0.000011	0.000010	0.000010	0.000010	0.000010	LD_0.9_14_1322
QG3783	0.542708	0.000010	0.000010	0.000010	0.262314	0.000010	0.000010	0.000010	0.000010	0.000010	0.162330	0.000010	0.000010	0.032548	LD_0.9_14_1322
QG3801	0.102223	0.000010	0.000010	0.000010	0.000010	0.000010	0.000010	0.463248	0.000010	0.000010	0.016772	0.000010	0.000010	0.417656	LD_0.9_14_1322
QG3815	0.669011	0.000010	0.000010	0.000010	0.000010	0.000010	0.000010	0.000010	0.000010	0.000010	0.330869	0.000010	0.000010	0.000010	LD_0.9_14_1322
QG3816	0.527081	0.000010	0.000010	0.000010	0.089946	0.000010	0.000010	0.000010	0.000010	0.000010	0.351443	0.000010	0.000010	0.031431	LD_0.9_14_1322
QG3823	0.099202	0.000010	0.000010	0.000010	0.051446	0.000011	0.000010	0.756973	0.000010	0.000010	0.000010	0.000010	0.000010	0.092278	LD_0.9_14_1322
QG3825	0.535671	0.000010	0.000010	0.000010	0.053346	0.000010	0.000010	0.000010	0.000010	0.000010	0.410873	0.000010	0.000010	0.000010	LD_0.9_14_1322
QG3826	0.508762	0.000010	0.000010	0.000010	0.000010	0.000010	0.000010	0.000010	0.000010	0.000010	0.435357	0.000010	0.000010	0.055771	LD_0.9_14_1322
QG3837	0.593833	0.000010	0.000010	0.000010	0.049868	0.000010	0.000010	0.000010	0.000010	0.000010	0.356189	0.000010	0.000010	0.000010	LD_0.9_14_1322
QG3851	0.570533	0.000010	0.000010	0.000010	0.260999	0.000010	0.000010	0.000010	0.000010	0.000010	0.134943	0.000010	0.000010	0.033425	LD_0.9_14_1322
QG3861	0.565476	0.000010	0.000010	0.000010	0.000010	0.000010	0.000010	0.000010	0.000010	0.000010	0.424418	0.000010	0.000010	0.009997	LD_0.9_14_1322
QG3867	0.155222	0.000010	0.000010	0.000010	0.000010	0.000010	0.000010	0.602508	0.000010	0.000010	0.038537	0.000010	0.000010	0.203633	LD_0.9_14_1322
QG3874	0.440486	0.000010	0.000010	0.000010	0.000010	0.000010	0.000010	0.000010	0.000010	0.000010	0.559394	0.000010	0.000010	0.000010	LD_0.9_14_1322
QG3875	0.668743	0.000010	0.000010	0.000010	0.000010	0.000010	0.000010	0.000010	0.000010	0.000010	0.331137	0.000010	0.000010	0.000010	LD_0.9_14_1322
QG3876	0.584897	0.000010	0.000010	0.000010	0.168926	0.000010	0.000010	0.000010	0.000010	0.000010	0.222110	0.000010	0.000010	0.023967	LD_0.9_14_1322
QG3878	0.727378	0.000010	0.000010	0.000010	0.000010	0.000010	0.000010	0.000010	0.000010	0.000010	0.272502	0.000010	0.000010	0.000010	LD_0.9_14_1322
QG3920	0.528981	0.000010	0.000010	0.000010	0.000010	0.000010	0.000010	0.000010	0.000010	0.000010	0.458396	0.000010	0.000010	0.012512	LD_0.9_14_1322
QG3921	0.530684	0.000010	0.000010	0.000010	0.000010	0.000010	0.000010	0.000010	0.000010	0.000010	0.465033	0.000010	0.000010	0.004173	LD_0.9_14_1322
QG3923	0.388379	0.000010	0.000010	0.000010	0.000010	0.000010	0.000010	0.000010	0.000010	0.000010	0.611501	0.000010	0.000010	0.000010	LD_0.9_14_1322
QG3924	0.549675	0.000010	0.000010	0.000010	0.118620	0.000010	0.000010	0.000010	0.000010	0.000010	0.186745	0.000010	0.000010	0.144860	LD_0.9_14_1322
QG3925	0.624715	0.000010	0.000010	0.000010	0.000010	0.000010	0.000010	0.000010	0.000010	0.000010	0.375165	0.000010	0.000010	0.000010	LD_0.9_14_1322
QG3926	0.598244	0.000010	0.000010	0.000010	0.000010	0.000012	0.000010	0.000010	0.000010	0.000010	0.401635	0.000010	0.000010	0.000010	LD_0.9_14_1322
QG3927	0.484585	0.000010	0.000010	0.000010	0.000010	0.000010	0.000010	0.000010	0.000010	0.000010	0.515295	0.000010	0.000010	0.000010	LD_0.9_14_1322
QG3931	0.773266	0.000010	0.000010	0.000010	0.000010	0.000010	0.000010	0.000010	0.000010	0.000010	0.194876	0.000010	0.000010	0.031748	LD_0.9_14_1322
QG3932	0.431244	0.000010	0.000010	0.000010	0.000010	0.000010	0.000010	0.000010	0.000010	0.000010	0.568635	0.000010	0.000010	0.000010	LD_0.9_14_1322
QG3933	0.117314	0.000010	0.000010	0.000010	0.000010	0.000010	0.000010	0.000010	0.000010	0.000010	0.882566	0.000010	0.000010	0.000010	LD_0.9_14_1322
QG4026	0.000012	0.000010	0.999866	0.000012	0.000010	0.000010	0.000010	0.000010	0.000010	0.000010	0.000010	0.000010	0.000010	0.000010	LD_0.9_14_1322
QG4028	0.000010	0.000010	0.999870	0.000010	0.000010	0.000010	0.000010	0.000010	0.000010	0.000010	0.000010	0.000010	0.000010	0.000010	LD_0.9_14_1322
QG4031	0.000013	0.000010	0.999863	0.000010	0.000010	0.000010	0.000010	0.000010	0.000014	0.000010	0.000010	0.000010	0.000010	0.000010	LD_0.9_14_1322
QG4063	0.000010	0.000010	0.999857	0.000010	0.000010	0.000010	0.000018	0.000010	0.000010	0.000010	0.000016	0.000010	0.000010	0.000010	LD_0.9_14_1322
QG4064	0.000010	0.000010	0.999870	0.000010	0.000010	0.000010	0.000010	0.000010	0.000010	0.000010	0.000010	0.000010	0.000010	0.000010	LD_0.9_14_1322
QG4067	0.000010	0.000010	0.999870	0.000010	0.000010	0.000010	0.000010	0.000010	0.000010	0.000010	0.000010	0.000010	0.000010	0.000010	LD_0.9_14_1322
QG4068	0.000010	0.000010	0.999870	0.000010	0.000010	0.000010	0.000010	0.000010	0.000010	0.000010	0.000010	0.000010	0.000010	0.000010	LD_0.9_14_1322
QG4070	0.000010	0.000010	0.000010	0.000010	0.204758	0.000010	0.000010	0.000010	0.000010	0.000010	0.795122	0.000010	0.000010	0.000010	LD_0.9_14_1322
QG4093	0.000010	0.000014	0.876256	0.000010	0.000010	0.000010	0.000010	0.000010	0.000010	0.123618	0.000010	0.000010	0.000012	0.000010	LD_0.9_14_1322
QG4094	0.000010	0.000010	0.999868	0.000010	0.000010	0.000010	0.000010	0.000010	0.000011	0.000010	0.000010	0.000010	0.000011	0.000010	LD_0.9_14_1322
QG4095	0.000010	0.000010	0.999870	0.000010	0.000010	0.000010	0.000010	0.000010	0.000010	0.000010	0.000010	0.000010	0.000010	0.000010	LD_0.9_14_1322
QG4096	0.000010	0.000010	0.999870	0.000010	0.000010	0.000010	0.000010	0.000010	0.000010	0.000010	0.000010	0.000010	0.000010	0.000010	LD_0.9_14_1322
QG4097	0.000010	0.000010	0.999870	0.000010	0.000010	0.000010	0.000010	0.000010	0.000010	0.000010	0.000010	0.000010	0.000010	0.000010	LD_0.9_14_1322
QG4104	0.000010	0.000010	0.999870	0.000010	0.000010	0.000010	0.000010	0.000010	0.000010	0.000010	0.000010	0.000010	0.000010	0.000010	LD_0.9_14_1322
QG4114	0.000010	0.000010	0.999866	0.000010	0.000010	0.000010	0.000010	0.000010	0.000014	0.000010	0.000010	0.000010	0.000010	0.000010	LD_0.9_14_1322
QG4131	0.000010	0.000010	0.999869	0.000010	0.000010	0.000010	0.000010	0.000010	0.000011	0.000010	0.000010	0.000010	0.000010	0.000010	LD_0.9_14_1322
QG4132	0.000010	0.000010	0.999861	0.000010	0.000010	0.000010	0.000010	0.000010	0.000010	0.000019	0.000010	0.000010	0.000010	0.000010	LD_0.9_14_1322
QG4208	0.000010	0.000014	0.850016	0.000010	0.000010	0.000010	0.000010	0.000010	0.000011	0.149854	0.000010	0.000010	0.000015	0.000010	LD_0.9_14_1322
QG4214	0.000010	0.000010	0.999870	0.000010	0.000010	0.000010	0.000010	0.000010	0.000010	0.000010	0.000010	0.000010	0.000010	0.000010	LD_0.9_14_1322
QG4225	0.000010	0.000010	0.999861	0.000010	0.000010	0.000010	0.000019	0.000010	0.000010	0.000010	0.000010	0.000010	0.000010	0.000010	LD_0.9_14_1322
QG4232	0.000010	0.000010	0.937248	0.000010	0.000010	0.000011	0.000010	0.000010	0.000010	0.062631	0.000010	0.000010	0.000010	0.000010	LD_0.9_14_1322
QG4233	0.000010	0.000010	0.999864	0.000010	0.000010	0.000010	0.000010	0.000010	0.000013	0.000010	0.000010	0.000010	0.000012	0.000010	LD_0.9_14_1322
QG4647	0.000010	0.000010	0.000010	0.000010	0.000010	0.000010	0.000010	0.000010	0.000010	0.000010	0.000010	0.999870	0.000010	0.000010	LD_0.9_14_1322
QG4648	0.000010	0.000010	0.000010	0.000010	0.999870	0.000010	0.000010	0.000010	0.000010	0.000010	0.000010	0.000010	0.000010	0.000010	LD_0.9_14_1322
QG4683	0.000010	0.000010	0.000010	0.000010	0.688915	0.000010	0.000010	0.000010	0.000010	0.000010	0.310965	0.000010	0.000010	0.000010	LD_0.9_14_1322
QG4701	0.000010	0.000011	0.000010	0.000010	0.453559	0.000010	0.000010	0.000010	0.000010	0.000010	0.000010	0.546320	0.000010	0.000010	LD_0.9_14_1322
QG4706	0.000010	0.000010	0.000011	0.000010	0.903145	0.000010	0.000010	0.000010	0.000010	0.000010	0.096734	0.000010	0.000010	0.000010	LD_0.9_14_1322
QG4718	0.000010	0.000010	0.000010	0.000010	0.999870	0.000010	0.000010	0.000010	0.000010	0.000010	0.000010	0.000010	0.000010	0.000010	LD_0.9_14_1322
QG4742	0.000010	0.000010	0.000010	0.000012	0.997712	0.000010	0.000011	0.000010	0.000010	0.000010	0.002165	0.000010	0.000010	0.000010	LD_0.9_14_1322
QG4805	0.000011	0.000010	0.000010	0.000011	0.000010	0.000011	0.000010	0.000010	0.000010	0.000010	0.000010	0.999865	0.000013	0.000010	LD_0.9_14_1322
QG4847	0.000010	0.000010	0.000010	0.000010	0.999870	0.000010	0.000010	0.000010	0.000010	0.000010	0.000010	0.000010	0.000010	0.000010	LD_0.9_14_1322
QG4966	0.000010	0.000010	0.000010	0.000010	0.999870	0.000010	0.000010	0.000010	0.000010	0.000010	0.000010	0.000010	0.000010	0.000010	LD_0.9_14_1322
QG5348	0.000010	0.000010	0.000010	0.000010	0.999870	0.000010	0.000010	0.000010	0.000010	0.000010	0.000010	0.000010	0.000010	0.000010	LD_0.9_14_1322
QG5406	0.000010	0.000010	0.000010	0.000010	0.770522	0.000010	0.000010	0.000010	0.000010	0.000010	0.229358	0.000010	0.000010	0.000010	LD_0.9_14_1322
QG547	0.000010	0.000010	0.000010	0.000010	0.000010	0.000010	0.000010	0.000010	0.999870	0.000010	0.000010	0.000010	0.000010	0.000010	LD_0.9_14_1322
QG5474	0.000010	0.000010	0.000015	0.000010	0.000010	0.000010	0.000010	0.000010	0.000010	0.000010	0.332819	0.667056	0.000010	0.000010	LD_0.9_14_1322
QG5488	0.000010	0.000010	0.000010	0.000010	0.999870	0.000010	0.000010	0.000010	0.000010	0.000010	0.000010	0.000010	0.000010	0.000010	LD_0.9_14_1322
QG550	0.000010	0.000010	0.000010	0.000010	0.831185	0.087318	0.000010	0.000010	0.000010	0.000010	0.000010	0.081386	0.000010	0.000010	LD_0.9_14_1322
QG5507	0.000010	0.000010	0.000010	0.000010	0.830692	0.000010	0.000010	0.000010	0.000010	0.000010	0.000010	0.169188	0.000010	0.000010	LD_0.9_14_1322
QG5525	0.000010	0.000010	0.000010	0.000010	0.999870	0.000010	0.000010	0.000010	0.000010	0.000010	0.000010	0.000010	0.000010	0.000010	LD_0.9_14_1322
QG5589	0.000010	0.000010	0.000010	0.000010	0.163128	0.000010	0.000010	0.000010	0.000010	0.000010	0.000010	0.836752	0.000010	0.000010	LD_0.9_14_1322
QG5603	0.000010	0.000010	0.000010	0.000010	0.134951	0.000010	0.000010	0.000010	0.000010	0.000010	0.199530	0.665409	0.000010	0.000010	LD_0.9_14_1322
QG5611	0.000010	0.000010	0.000010	0.000010	0.999870	0.000010	0.000010	0.000010	0.000010	0.000010	0.000010	0.000010	0.000010	0.000010	LD_0.9_14_1322
QG5612	0.075463	0.000010	0.000010	0.000010	0.469650	0.000010	0.000010	0.000010	0.000010	0.000010	0.453709	0.000010	0.000010	0.001078	LD_0.9_14_1322
QG5633	0.000010	0.000010	0.000010	0.000010	0.999870	0.000010	0.000010	0.000010	0.000010	0.000010	0.000010	0.000010	0.000010	0.000010	LD_0.9_14_1322
QG581	0.000010	0.000010	0.000010	0.000010	0.000010	0.000010	0.000013	0.000010	0.999867	0.000010	0.000010	0.000010	0.000010	0.000010	LD_0.9_14_1322
QG588	0.000010	0.000010	0.000010	0.000010	0.000010	0.000010	0.000011	0.000010	0.999869	0.000010	0.000010	0.000010	0.000010	0.000010	LD_0.9_14_1322
QG700	0.155760	0.000010	0.000010	0.000010	0.000010	0.000010	0.000010	0.000010	0.000010	0.000010	0.000010	0.000010	0.000010	0.844120	LD_0.9_14_1322
QG727	0.000010	0.000010	0.000010	0.000010	0.000010	0.000010	0.000010	0.000010	0.000010	0.000010	0.000010	0.000010	0.000010	0.999870	LD_0.9_14_1322
QG733	0.000010	0.000010	0.000010	0.000010	0.000010	0.000010	0.000010	0.000010	0.000010	0.000010	0.000010	0.000010	0.000010	0.999870	LD_0.9_14_1322
QG736	0.000010	0.000010	0.000010	0.000010	0.000010	0.000010	0.000010	0.251602	0.000010	0.000010	0.000010	0.000010	0.000010	0.748278	LD_0.9_14_1322
QG737	0.000010	0.000010	0.000010	0.000010	0.000010	0.000010	0.000010	0.619900	0.000010	0.000010	0.000010	0.000010	0.000010	0.379980	LD_0.9_14_1322
QG739	0.000010	0.000010	0.000010	0.000010	0.000010	0.000010	0.000010	0.000010	0.000010	0.000010	0.000010	0.000010	0.000010	0.999870	LD_0.9_14_1322
QG761	0.271798	0.000010	0.000010	0.000010	0.000010	0.000010	0.000010	0.000010	0.000010	0.000010	0.000010	0.000010	0.000010	0.728082	LD_0.9_14_1322
QG763	0.054814	0.000010	0.000010	0.000010	0.000010	0.000010	0.000010	0.315981	0.000010	0.000010	0.000010	0.000010	0.000010	0.629095	LD_0.9_14_1322
QG776	0.000010	0.000010	0.000010	0.000010	0.000011	0.000010	0.000010	0.267427	0.000010	0.000010	0.000010	0.000010	0.000010	0.732452	LD_0.9_14_1322
QG781	0.000010	0.000010	0.000010	0.000010	0.000010	0.000010	0.000010	0.000010	0.000010	0.000010	0.000010	0.000010	0.000010	0.999870	LD_0.9_14_1322
QG784	0.000010	0.000010	0.000010	0.000010	0.000010	0.000010	0.000010	0.848396	0.000010	0.000010	0.000010	0.000010	0.000010	0.151484	LD_0.9_14_1322
QG786	0.000010	0.000010	0.000010	0.000010	0.000010	0.000010	0.000011	0.765398	0.000010	0.000010	0.000010	0.000010	0.000010	0.234481	LD_0.9_14_1322
QG788	0.000010	0.000010	0.000010	0.000010	0.000010	0.000010	0.000010	0.000010	0.000010	0.000010	0.000010	0.000010	0.000010	0.999870	LD_0.9_14_1322
QG790	0.000010	0.000010	0.000010	0.000010	0.000010	0.000010	0.000010	0.648211	0.000010	0.000010	0.000010	0.000010	0.000010	0.351669	LD_0.9_14_1322
QG791	0.000010	0.000010	0.000010	0.000010	0.052946	0.000010	0.000010	0.181032	0.000010	0.000010	0.000010	0.000010	0.000010	0.765912	LD_0.9_14_1322
QG795	0.292169	0.000010	0.000010	0.000010	0.000010	0.000010	0.000010	0.043842	0.000010	0.000010	0.021706	0.000010	0.000010	0.642183	LD_0.9_14_1322
QG797	0.000010	0.000010	0.000010	0.000010	0.000010	0.000010	0.000010	0.999870	0.000010	0.000010	0.000010	0.000010	0.000010	0.000010	LD_0.9_14_1322
QG802	0.000010	0.000010	0.000010	0.000010	0.000010	0.000010	0.000010	0.000010	0.000010	0.000010	0.000010	0.000010	0.000010	0.999870	LD_0.9_14_1322
QG804	0.000010	0.000010	0.000010	0.000010	0.000010	0.000010	0.000010	0.999870	0.000010	0.000010	0.000010	0.000010	0.000010	0.000010	LD_0.9_14_1322
QG806	0.000010	0.000010	0.000010	0.000010	0.000010	0.000010	0.000010	0.000010	0.000010	0.000010	0.000010	0.000010	0.000010	0.999870	LD_0.9_14_1322
QG807	0.000010	0.000010	0.000010	0.000010	0.000010	0.000010	0.000010	0.000010	0.000010	0.000010	0.000010	0.000010	0.000010	0.999870	LD_0.9_14_1322
QG808	0.000010	0.000010	0.000010	0.000010	0.043757	0.000010	0.000010	0.506033	0.000010	0.000010	0.000010	0.000010	0.000010	0.450100	LD_0.9_14_1322
QG809	0.000010	0.000010	0.000010	0.000010	0.000011	0.000010	0.000010	0.999869	0.000010	0.000010	0.000010	0.000010	0.000010	0.000010	LD_0.9_14_1322
QG825	0.000010	0.000010	0.000010	0.000010	0.000010	0.000010	0.000010	0.000010	0.000010	0.000010	0.000013	0.000010	0.000010	0.999867	LD_0.9_14_1322
QG827	0.000010	0.000010	0.000010	0.000010	0.000010	0.000010	0.000010	0.000010	0.000010	0.000010	0.000011	0.000010	0.000010	0.999869	LD_0.9_14_1322
QG828	0.000010	0.000010	0.000010	0.000010	0.000010	0.000010	0.000010	0.000010	0.000010	0.000010	0.000010	0.000010	0.000010	0.999870	LD_0.9_14_1322
QG833	0.000010	0.000010	0.000010	0.000010	0.000010	0.000010	0.000010	0.000010	0.000010	0.000010	0.000010	0.000010	0.000010	0.999870	LD_0.9_14_1322
QG855	0.000010	0.000010	0.000010	0.000010	0.030874	0.000010	0.000010	0.544104	0.000010	0.000010	0.000010	0.000010	0.000010	0.424912	LD_0.9_14_1322
QG856	0.000010	0.000010	0.000010	0.000010	0.000010	0.000010	0.000010	0.108545	0.000010	0.000010	0.000010	0.000010	0.000010	0.891335	LD_0.9_14_1322
QG858	0.000010	0.000010	0.000010	0.000010	0.000010	0.000010	0.000010	0.841951	0.000010	0.000010	0.000010	0.000010	0.000010	0.157929	LD_0.9_14_1322
QG860	0.216194	0.000010	0.000010	0.000010	0.000010	0.000010	0.000010	0.000010	0.000010	0.000010	0.000010	0.000010	0.000010	0.783686	LD_0.9_14_1322
QG864	0.000010	0.000010	0.000011	0.000010	0.000010	0.000010	0.000010	0.672668	0.000010	0.000010	0.000010	0.000010	0.000010	0.327212	LD_0.9_14_1322
QG865	0.000010	0.000010	0.000011	0.000010	0.000010	0.000010	0.000010	0.006147	0.000010	0.000010	0.000010	0.000010	0.000010	0.993732	LD_0.9_14_1322
QG866	0.000010	0.000010	0.000010	0.000010	0.000010	0.000010	0.000010	0.135000	0.000010	0.000010	0.000010	0.000010	0.000010	0.864880	LD_0.9_14_1322
QG868	0.000010	0.000010	0.000010	0.000010	0.000010	0.000010	0.000010	0.000010	0.000010	0.000010	0.000010	0.000010	0.000010	0.999870	LD_0.9_14_1322
QG874	0.000010	0.000010	0.000010	0.000010	0.000010	0.000010	0.000010	0.000010	0.000010	0.000010	0.000010	0.000010	0.000010	0.999870	LD_0.9_14_1322
QG875	0.000010	0.000010	0.000010	0.000010	0.000010	0.000010	0.000010	0.999870	0.000010	0.000010	0.000010	0.000010	0.000010	0.000010	LD_0.9_14_1322
QG878	0.000010	0.000010	0.000010	0.000010	0.000010	0.000010	0.000010	0.000010	0.000010	0.000010	0.000010	0.000010	0.000010	0.999870	LD_0.9_14_1322
QG879	0.000010	0.000010	0.000010	0.000010	0.000010	0.000010	0.000010	0.000010	0.000010	0.000010	0.000010	0.000010	0.000010	0.999870	LD_0.9_14_1322
QG880	0.000010	0.000010	0.000010	0.000010	0.000010	0.000010	0.000010	0.241787	0.000010	0.000010	0.000010	0.000010	0.000010	0.758093	LD_0.9_14_1322
QG881	0.252930	0.000010	0.000010	0.000010	0.000010	0.000010	0.000010	0.000010	0.000010	0.000010	0.000010	0.000010	0.000010	0.746950	LD_0.9_14_1322
QG887	0.000010	0.000010	0.000010	0.000010	0.000010	0.000010	0.000010	0.016356	0.000010	0.000010	0.000010	0.000010	0.000010	0.983524	LD_0.9_14_1322
QG888	0.000010	0.000010	0.000010	0.000010	0.000010	0.000010	0.000010	0.999870	0.000010	0.000010	0.000010	0.000010	0.000010	0.000010	LD_0.9_14_1322
QG926	0.000010	0.000010	0.000010	0.000010	0.000010	0.000010	0.000010	0.000010	0.000010	0.000010	0.000010	0.000010	0.000010	0.999870	LD_0.9_14_1322
QG927	0.000010	0.000010	0.000010	0.000010	0.927711	0.000010	0.000010	0.072169	0.000010	0.000010	0.000010	0.000010	0.000010	0.000010	LD_0.9_14_1322
QG933	0.000010	0.000010	0.000010	0.000010	0.000010	0.000010	0.000010	0.999870	0.000010	0.000010	0.000010	0.000010	0.000010	0.000010	LD_0.9_14_1322
QG937	0.000010	0.000010	0.000010	0.000010	0.000010	0.000010	0.000010	0.969472	0.000010	0.000010	0.030408	0.000010	0.000010	0.000010	LD_0.9_14_1322
QG945	0.000010	0.000010	0.000010	0.000010	0.000010	0.000011	0.000010	0.999863	0.000010	0.000010	0.000010	0.000016	0.000010	0.000010	LD_0.9_14_1322
QG946	0.000010	0.000010	0.000010	0.000010	0.000010	0.000011	0.000010	0.999866	0.000010	0.000010	0.000010	0.000013	0.000010	0.000010	LD_0.9_14_1322
QG947	0.000010	0.000010	0.000010	0.000010	0.000010	0.000010	0.000010	0.000011	0.000010	0.000010	0.000010	0.000010	0.000010	0.999869	LD_0.9_14_1322
QG948	0.000010	0.000010	0.000010	0.000010	0.000010	0.000010	0.000010	0.000010	0.000010	0.000010	0.000010	0.000010	0.000010	0.999870	LD_0.9_14_1322
QG952	0.000010	0.000010	0.000010	0.000010	0.000010	0.000010	0.000010	0.000010	0.000010	0.000010	0.057549	0.000010	0.000010	0.942331	LD_0.9_14_1322
QG978	0.121388	0.000010	0.000010	0.000010	0.000010	0.000010	0.000010	0.836308	0.000010	0.000010	0.042194	0.000010	0.000010	0.000010	LD_0.9_14_1322
QG980	0.000010	0.000010	0.000010	0.000010	0.000010	0.000010	0.000010	0.000010	0.000010	0.000010	0.000010	0.000010	0.000010	0.999870	LD_0.9_14_1322
QG986	0.000010	0.000010	0.000010	0.000010	0.000010	0.000010	0.000010	0.000010	0.000010	0.000010	0.000010	0.000010	0.000010	0.999870	LD_0.9_14_1322
QG991	0.000010	0.000010	0.000010	0.000010	0.000010	0.000010	0.000010	0.000010	0.000010	0.000010	0.000010	0.000010	0.000010	0.999870	LD_0.9_14_1322
QG994	0.000010	0.000010	0.000010	0.000010	0.000010	0.000010	0.000010	0.999870	0.000010	0.000010	0.000010	0.000010	0.000010	0.000010	LD_0.9_14_1322
QG995	0.000010	0.000010	0.000010	0.000010	0.000010	0.000010	0.000010	0.000010	0.000010	0.000010	0.000010	0.000010	0.000010	0.999870	LD_0.9_14_1322
QG997	0.000010	0.000010	0.000010	0.000010	0.000010	0.000010	0.000010	0.000010	0.000010	0.000010	0.000010	0.000010	0.000010	0.999870	LD_0.9_14_1322
QG998	0.000010	0.000010	0.000010	0.000010	0.000010	0.000010	0.000010	0.999870	0.000010	0.000010	0.000010	0.000010	0.000010	0.000010	LD_0.9_14_1322
QR25	0.000010	0.000010	0.000010	0.764072	0.000010	0.000010	0.000010	0.000010	0.229014	0.000010	0.006804	0.000010	0.000010	0.000010	LD_0.9_14_1322
QX1410	0.534083	0.000010	0.000010	0.000010	0.084121	0.000010	0.000010	0.000010	0.000010	0.000010	0.381686	0.000010	0.000010	0.000010	LD_0.9_14_1322
QX1547	0.000010	0.000010	0.000010	0.000010	0.000010	0.000010	0.000010	0.000010	0.999870	0.000010	0.000010	0.000010	0.000010	0.000010	LD_0.9_14_1322
QX1795	0.104601	0.000010	0.000010	0.000010	0.651839	0.000010	0.000010	0.000010	0.000010	0.000010	0.243450	0.000010	0.000010	0.000010	LD_0.9_14_1322
QX1796	0.000010	0.000010	0.000010	0.000010	0.000010	0.000010	0.000010	0.000010	0.000010	0.000010	0.999870	0.000010	0.000010	0.000010	LD_0.9_14_1322
QX1798	0.000010	0.413361	0.000010	0.000010	0.000010	0.000010	0.000010	0.000010	0.000010	0.000010	0.000010	0.000010	0.586519	0.000010	LD_0.9_14_1322
QX1800	0.000010	0.000010	0.000010	0.000010	0.263006	0.002385	0.000010	0.000010	0.000010	0.000010	0.734499	0.000010	0.000010	0.000010	LD_0.9_14_1322
QX1801	0.000010	0.000010	0.000010	0.000010	0.039504	0.000010	0.000010	0.000011	0.000010	0.000010	0.960375	0.000010	0.000010	0.000010	LD_0.9_14_1322
QX1802	0.000010	0.000010	0.000010	0.000010	0.060377	0.000010	0.000010	0.004935	0.000010	0.000010	0.934578	0.000010	0.000010	0.000010	LD_0.9_14_1322
QX1803	0.000010	0.000010	0.000010	0.000010	0.000010	0.000010	0.000010	0.000010	0.000010	0.000010	0.999870	0.000010	0.000010	0.000010	LD_0.9_14_1322
QX1804	0.000010	0.000010	0.000010	0.000010	0.000010	0.000010	0.000010	0.000010	0.000010	0.000010	0.999870	0.000010	0.000010	0.000010	LD_0.9_14_1322
SOW18	0.000010	0.000010	0.000010	0.000010	0.000010	0.000010	0.000010	0.000010	0.999870	0.000010	0.000010	0.000010	0.000010	0.000010	LD_0.9_14_1322
SOW21	0.000010	0.000010	0.000010	0.000010	0.000013	0.000010	0.000010	0.000010	0.999867	0.000010	0.000010	0.000010	0.000010	0.000010	LD_0.9_14_1322
SOW22	0.000010	0.000010	0.000010	0.000010	0.000014	0.000010	0.000010	0.000010	0.999863	0.000010	0.000013	0.000010	0.000010	0.000010	LD_0.9_14_1322
TT3408	0.000010	0.000010	0.000010	0.000010	0.999870	0.000010	0.000010	0.000010	0.000010	0.000010	0.000010	0.000010	0.000010	0.000010	LD_0.9_14_1322
TT3411	0.000010	0.000010	0.000010	0.000010	0.999870	0.000010	0.000010	0.000010	0.000010	0.000010	0.000010	0.000010	0.000010	0.000010	LD_0.9_14_1322
TWN1772	0.000010	0.999857	0.000014	0.000010	0.000010	0.000014	0.000010	0.000010	0.000014	0.000010	0.000010	0.000011	0.000010	0.000010	LD_0.9_14_1322
TWN1824	0.000010	0.000010	0.000010	0.000011	0.000010	0.000010	0.999869	0.000010	0.000010	0.000010	0.000010	0.000010	0.000010	0.000010	LD_0.9_14_1322
TWN1899	0.000010	0.000010	0.000010	0.000010	0.000010	0.000010	0.999870	0.000010	0.000010	0.000010	0.000010	0.000010	0.000010	0.000010	LD_0.9_14_1322
TWN1907	0.000010	0.000010	0.000010	0.000010	0.000010	0.000010	0.000010	0.000010	0.000010	0.000010	0.000010	0.000010	0.999870	0.000010	LD_0.9_14_1322
TWN2919	0.000010	0.000010	0.000010	0.000010	0.000010	0.000010	0.000010	0.000010	0.000010	0.000010	0.000010	0.000010	0.999869	0.000010	LD_0.9_14_1322
TWN3077	0.000010	0.971962	0.000010	0.000011	0.000010	0.000010	0.000010	0.000010	0.000010	0.000010	0.000010	0.000010	0.027916	0.000010	LD_0.9_14_1322
UH1	0.000010	0.388901	0.000010	0.000017	0.000010	0.000010	0.000010	0.000010	0.000010	0.000010	0.000010	0.000010	0.610972	0.000010	LD_0.9_14_1322
VSL2201	0.000010	0.000010	0.000010	0.000010	0.000010	0.673427	0.000010	0.000010	0.000010	0.000010	0.326453	0.000010	0.000010	0.000010	LD_0.9_14_1322
VSL2207	0.000010	0.000010	0.000010	0.000010	0.000010	0.000010	0.000010	0.000010	0.000010	0.999870	0.000010	0.000010	0.000010	0.000010	LD_0.9_14_1322
VSL2209	0.000010	0.000010	0.000010	0.000010	0.000010	0.000010	0.000010	0.000010	0.000010	0.999870	0.000010	0.000010	0.000010	0.000010	LD_0.9_14_1322
VSL2210	0.000010	0.000010	0.000010	0.000010	0.000010	0.000010	0.000010	0.000010	0.000010	0.000010	0.999870	0.000010	0.000010	0.000010	LD_0.9_14_1322
VSL2212	0.000010	0.000010	0.000010	0.000010	0.000010	0.000010	0.000010	0.000010	0.000010	0.000010	0.999867	0.000013	0.000010	0.000010	LD_0.9_14_1322
VSL2213	0.000010	0.000010	0.000010	0.000010	0.000010	0.999870	0.000010	0.000010	0.000010	0.000010	0.000010	0.000010	0.000010	0.000010	LD_0.9_14_1322
VSL2215	0.000010	0.000010	0.000010	0.000010	0.000010	0.895825	0.000010	0.000010	0.000010	0.000010	0.104055	0.000010	0.000010	0.000010	LD_0.9_14_1322
VSL2216	0.000010	0.000010	0.000010	0.000010	0.000010	0.999870	0.000010	0.000010	0.000010	0.000010	0.000010	0.000010	0.000010	0.000010	LD_0.9_14_1322
VSL2217	0.000010	0.000010	0.000010	0.000010	0.000010	0.000010	0.000010	0.000010	0.000010	0.000010	0.000010	0.999870	0.000010	0.000010	LD_0.9_14_1322
VSL2219	0.000010	0.000010	0.000010	0.000010	0.000010	0.000010	0.000010	0.000010	0.000010	0.000010	0.999870	0.000010	0.000010	0.000010	LD_0.9_14_1322
VT847	0.031848	0.000010	0.000010	0.000010	0.103405	0.000010	0.000010	0.000010	0.000010	0.000010	0.864637	0.000010	0.000010	0.000010	LD_0.9_14_1322
VX34	0.000010	0.000010	0.000010	0.893643	0.000010	0.000010	0.000010	0.000010	0.106237	0.000010	0.000010	0.000010	0.000010	0.000010	LD_0.9_14_1322
XZ1204	0.000010	0.000010	0.000010	0.000010	0.000010	0.464808	0.000010	0.000010	0.000010	0.000010	0.535072	0.000010	0.000010	0.000010	LD_0.9_14_1322
XZ1205	0.000010	0.000010	0.000010	0.000010	0.000010	0.999870	0.000010	0.000010	0.000010	0.000010	0.000010	0.000010	0.000010	0.000010	LD_0.9_14_1322
XZ1206	0.000010	0.000010	0.000010	0.000010	0.000010	0.999870	0.000010	0.000010	0.000010	0.000010	0.000010	0.000010	0.000010	0.000010	LD_0.9_14_1322
XZ1207	0.000010	0.000010	0.000010	0.000010	0.065616	0.004488	0.000010	0.000010	0.000010	0.000010	0.929786	0.000010	0.000010	0.000010	LD_0.9_14_1322
XZ1210	0.000010	0.000010	0.000010	0.000010	0.000010	0.000010	0.000010	0.000010	0.000010	0.000010	0.999870	0.000010	0.000010	0.000010	LD_0.9_14_1322
XZ1212	0.043194	0.000010	0.000010	0.000010	0.000010	0.000010	0.000010	0.000016	0.000010	0.000010	0.956680	0.000010	0.000010	0.000010	LD_0.9_14_1322
XZ1213	0.000010	0.000010	0.000010	0.000010	0.000010	0.000010	0.000010	0.000010	0.000010	0.000010	0.999870	0.000010	0.000010	0.000010	LD_0.9_14_1322
XZ1731	0.000010	0.000010	0.000010	0.000010	0.000014	0.000010	0.000010	0.000010	0.000010	0.000010	0.999866	0.000010	0.000010	0.000010	LD_0.9_14_1322
XZ1732	0.057359	0.000010	0.000010	0.000010	0.000010	0.000010	0.000010	0.000010	0.000010	0.000010	0.942521	0.000010	0.000010	0.000010	LD_0.9_14_1322
ZZY0992	0.000010	0.000010	0.000010	0.000011	0.000010	0.000010	0.000010	0.000010	0.000011	0.000010	0.000010	0.999867	0.000010	0.000010	LD_0.9_14_1322
ZZY1034	0.000010	0.000010	0.000010	0.000010	0.822177	0.000010	0.000010	0.000010	0.000010	0.000010	0.177703	0.000010	0.000010	0.000010	LD_0.9_14_1322
ZZY1075	0.000010	0.000010	0.000010	0.000010	0.999870	0.000010	0.000010	0.000010	0.000010	0.000010	0.000010	0.000010	0.000010	0.000010	LD_0.9_14_1322
ZZY1123	0.000010	0.000010	0.000010	0.000010	0.000010	0.000011	0.000010	0.000010	0.000010	0.000010	0.000010	0.999869	0.000010	0.000010	LD_0.9_14_1322
ZZY1130	0.000010	0.000010	0.000010	0.000010	0.969362	0.000010	0.000010	0.000010	0.000010	0.000010	0.030518	0.000010	0.000010	0.000010	LD_0.9_14_1322
ZZY405	0.000010	0.000010	0.000010	0.000010	0.881852	0.000010	0.000010	0.000010	0.000010	0.000010	0.118028	0.000010	0.000010	0.000010	LD_0.9_14_1322
AF16	0.000013	0.000013	0.000010	0.000010	0.000010	0.000011	0.000010	0.000010	0.000012	0.000010	0.999859	0.000010	0.000012	0.000010	LD_0.9_14_1432
BRC20069	0.000010	0.000010	0.000010	0.000010	0.000010	0.000010	0.000010	0.000010	0.000010	0.000010	0.999870	0.000010	0.000010	0.000010	LD_0.9_14_1432
BRC20073	0.000010	0.000010	0.000010	0.000010	0.000010	0.000010	0.000010	0.000010	0.000010	0.000010	0.999870	0.000010	0.000010	0.000010	LD_0.9_14_1432
BRC20075	0.000010	0.000013	0.000010	0.000010	0.000012	0.999859	0.000013	0.000010	0.000010	0.000010	0.000010	0.000010	0.000014	0.000010	LD_0.9_14_1432
BRC20077	0.000010	0.000010	0.000010	0.000010	0.000010	0.000010	0.000010	0.012512	0.000010	0.000010	0.987368	0.000010	0.000010	0.000010	LD_0.9_14_1432
BRC20081	0.999870	0.000010	0.000010	0.000010	0.000010	0.000010	0.000010	0.000010	0.000010	0.000010	0.000010	0.000010	0.000010	0.000010	LD_0.9_14_1432
BRC20085	0.000010	0.000010	0.059275	0.000010	0.000010	0.000010	0.000010	0.000011	0.000010	0.000010	0.301179	0.000010	0.110885	0.528560	LD_0.9_14_1432
BRC20088	0.999860	0.000010	0.000010	0.000010	0.000015	0.000012	0.000010	0.000010	0.000010	0.000012	0.000011	0.000010	0.000010	0.000010	LD_0.9_14_1432
BRC20089	0.000010	0.000010	0.000010	0.000010	0.000010	0.000010	0.000010	0.000010	0.000010	0.000010	0.999870	0.000010	0.000010	0.000010	LD_0.9_14_1432
BRC20090	0.000010	0.000010	0.002167	0.000010	0.000010	0.000010	0.000010	0.000010	0.000010	0.000010	0.938736	0.000010	0.046214	0.012783	LD_0.9_14_1432
BRC20092	0.000010	0.000010	0.066598	0.000010	0.083351	0.000010	0.000010	0.000010	0.000010	0.000010	0.193087	0.000010	0.000010	0.656863	LD_0.9_14_1432
BRC20093	0.000010	0.000010	0.000010	0.000010	0.000017	0.000010	0.000010	0.000016	0.000010	0.000011	0.999855	0.000011	0.000010	0.000010	LD_0.9_14_1432
BRC20094	0.000010	0.000010	0.022094	0.000010	0.091003	0.000010	0.000010	0.000010	0.000010	0.000010	0.191171	0.000010	0.045972	0.649671	LD_0.9_14_1432
BRC20095	0.000010	0.000010	0.000010	0.000010	0.000010	0.000010	0.000010	0.000010	0.000010	0.000013	0.999867	0.000010	0.000010	0.000010	LD_0.9_14_1432
BRC20096	0.000010	0.000010	0.000010	0.000010	0.000010	0.000010	0.000011	0.000010	0.000010	0.000010	0.999869	0.000010	0.000010	0.000010	LD_0.9_14_1432
BRC20098	0.000010	0.000010	0.000017	0.000010	0.000010	0.000010	0.000010	0.000010	0.000010	0.000010	0.999863	0.000010	0.000010	0.000010	LD_0.9_14_1432
BRC20099	0.000010	0.000010	0.000010	0.000010	0.000010	0.000010	0.000010	0.001222	0.000010	0.000010	0.998658	0.000010	0.000010	0.000010	LD_0.9_14_1432
BRC20100	0.000010	0.000010	0.000010	0.000010	0.000010	0.000010	0.000010	0.000010	0.000010	0.000010	0.999870	0.000010	0.000010	0.000010	LD_0.9_14_1432
BRC20102	0.000012	0.000010	0.000010	0.000010	0.000017	0.000010	0.000011	0.000010	0.000010	0.000010	0.999861	0.000010	0.000010	0.000010	LD_0.9_14_1432
BRC20103	0.000010	0.000010	0.000010	0.000010	0.000010	0.000010	0.000010	0.000010	0.000010	0.000010	0.999870	0.000010	0.000010	0.000010	LD_0.9_14_1432
BRC20105	0.000010	0.000010	0.036718	0.000010	0.000010	0.000010	0.000010	0.000010	0.000010	0.000010	0.203401	0.000010	0.111234	0.648547	LD_0.9_14_1432
BRC20107	0.000010	0.000010	0.016329	0.000010	0.086359	0.000010	0.000010	0.000011	0.000010	0.000010	0.175091	0.000010	0.108913	0.613217	LD_0.9_14_1432
BRC20115	0.000010	0.000017	0.000010	0.999852	0.000010	0.000010	0.000010	0.000010	0.000012	0.000018	0.000010	0.000010	0.000010	0.000010	LD_0.9_14_1432
BRC20119	0.000010	0.000010	0.000010	0.000010	0.000010	0.000010	0.000010	0.000010	0.000010	0.000010	0.280205	0.000010	0.719675	0.000010	LD_0.9_14_1432
BRC20228	0.000010	0.000010	0.000010	0.000010	0.000010	0.000010	0.000012	0.000015	0.000010	0.000010	0.999863	0.000010	0.000010	0.000010	LD_0.9_14_1432
BRC20229	0.000010	0.000010	0.000010	0.000010	0.000010	0.999870	0.000010	0.000010	0.000010	0.000010	0.000010	0.000010	0.000010	0.000010	LD_0.9_14_1432
BRC20230	0.999858	0.000010	0.000010	0.000010	0.000017	0.000010	0.000010	0.000016	0.000010	0.000010	0.000010	0.000010	0.000010	0.000010	LD_0.9_14_1432
BRC20232	0.000010	0.000010	0.000010	0.000010	0.000010	0.999870	0.000010	0.000010	0.000010	0.000010	0.000010	0.000010	0.000010	0.000010	LD_0.9_14_1432
BRC20238	0.999870	0.000010	0.000010	0.000010	0.000010	0.000010	0.000010	0.000010	0.000010	0.000010	0.000010	0.000010	0.000010	0.000010	LD_0.9_14_1432
BRC20239	0.000010	0.000010	0.000017	0.000013	0.000010	0.999860	0.000010	0.000010	0.000010	0.000010	0.000010	0.000010	0.000010	0.000010	LD_0.9_14_1432
BRC20241	0.000010	0.000010	0.000010	0.000010	0.000010	0.000010	0.000010	0.000010	0.000010	0.000010	0.929809	0.000010	0.070071	0.000010	LD_0.9_14_1432
BRC20242	0.000010	0.000010	0.000010	0.000010	0.000010	0.000010	0.000010	0.000010	0.000010	0.000010	0.999870	0.000010	0.000010	0.000010	LD_0.9_14_1432
BRC20244	0.999862	0.000010	0.000010	0.000010	0.000016	0.000010	0.000010	0.000010	0.000010	0.000010	0.000011	0.000010	0.000011	0.000010	LD_0.9_14_1432
BRC20246	0.999861	0.000010	0.000010	0.000010	0.000010	0.000015	0.000010	0.000010	0.000010	0.000010	0.000014	0.000010	0.000010	0.000010	LD_0.9_14_1432
BRC20257	0.000010	0.000010	0.000010	0.000010	0.000010	0.000010	0.000010	0.000010	0.000010	0.000010	0.000010	0.000010	0.999870	0.000010	LD_0.9_14_1432
BRC20260	0.000010	0.000010	0.000010	0.000010	0.000020	0.000010	0.000010	0.000010	0.000010	0.000010	0.999860	0.000010	0.000010	0.000010	LD_0.9_14_1432
BRC20270	0.999860	0.000018	0.000010	0.000010	0.000010	0.000010	0.000012	0.000010	0.000010	0.000010	0.000010	0.000010	0.000010	0.000010	LD_0.9_14_1432
BRC20272	0.999853	0.000018	0.000010	0.000010	0.000010	0.000010	0.000010	0.000010	0.000010	0.000010	0.000010	0.000018	0.000010	0.000010	LD_0.9_14_1432
BRC20289	0.999869	0.000010	0.000010	0.000010	0.000010	0.000010	0.000010	0.000010	0.000010	0.000010	0.000010	0.000010	0.000010	0.000010	LD_0.9_14_1432
BRC20290	0.999869	0.000010	0.000010	0.000010	0.000010	0.000010	0.000010	0.000010	0.000010	0.000010	0.000010	0.000010	0.000010	0.000010	LD_0.9_14_1432
BRC20294	0.000010	0.000011	0.000010	0.000010	0.000010	0.000011	0.000010	0.000010	0.000010	0.000010	0.999869	0.000010	0.000010	0.000010	LD_0.9_14_1432
BRC20308	0.999870	0.000010	0.000010	0.000010	0.000010	0.000010	0.000010	0.000010	0.000010	0.000010	0.000010	0.000010	0.000010	0.000010	LD_0.9_14_1432
BRC20309	0.999869	0.000010	0.000011	0.000010	0.000010	0.000010	0.000010	0.000010	0.000010	0.000010	0.000010	0.000010	0.000010	0.000010	LD_0.9_14_1432
BRC20311	0.999870	0.000010	0.000010	0.000010	0.000010	0.000010	0.000010	0.000010	0.000010	0.000010	0.000010	0.000010	0.000010	0.000010	LD_0.9_14_1432
BRC20312	0.999862	0.000010	0.000010	0.000010	0.000014	0.000010	0.000010	0.000010	0.000010	0.000014	0.000010	0.000010	0.000010	0.000010	LD_0.9_14_1432
BRC20315	0.999866	0.000010	0.000012	0.000010	0.000010	0.000010	0.000010	0.000010	0.000011	0.000010	0.000011	0.000010	0.000010	0.000010	LD_0.9_14_1432
BRC20320	0.999869	0.000010	0.000010	0.000010	0.000010	0.000010	0.000010	0.000010	0.000010	0.000010	0.000010	0.000010	0.000010	0.000010	LD_0.9_14_1432
BRC20324	0.000010	0.000010	0.000010	0.000010	0.000010	0.643200	0.000010	0.001908	0.000010	0.000010	0.354782	0.000010	0.000010	0.000010	LD_0.9_14_1432
BRC20331	0.999868	0.000010	0.000012	0.000010	0.000010	0.000010	0.000010	0.000010	0.000010	0.000010	0.000010	0.000010	0.000010	0.000010	LD_0.9_14_1432
BRC20333	0.999870	0.000010	0.000010	0.000010	0.000010	0.000010	0.000010	0.000010	0.000010	0.000010	0.000010	0.000010	0.000010	0.000010	LD_0.9_14_1432
BRC20334	0.999865	0.000010	0.000012	0.000010	0.000010	0.000011	0.000010	0.000010	0.000010	0.000010	0.000010	0.000010	0.000012	0.000010	LD_0.9_14_1432
BRC20339	0.999869	0.000010	0.000011	0.000010	0.000010	0.000010	0.000010	0.000010	0.000010	0.000010	0.000010	0.000010	0.000010	0.000010	LD_0.9_14_1432
BRC20341	0.999861	0.000010	0.000010	0.000010	0.000016	0.000010	0.000010	0.000010	0.000010	0.000010	0.000012	0.000010	0.000010	0.000010	LD_0.9_14_1432
BRC20343	0.000010	0.000010	0.000010	0.000010	0.000010	0.999870	0.000010	0.000010	0.000010	0.000010	0.000010	0.000010	0.000010	0.000010	LD_0.9_14_1432
BRC20346	0.999860	0.000010	0.000010	0.000010	0.000010	0.000014	0.000010	0.000010	0.000010	0.000010	0.000016	0.000010	0.000010	0.000010	LD_0.9_14_1432
BRC20347	0.000010	0.000010	0.000010	0.000010	0.000010	0.999870	0.000010	0.000010	0.000010	0.000010	0.000010	0.000010	0.000010	0.000010	LD_0.9_14_1432
BRC20348	0.999866	0.000014	0.000010	0.000010	0.000010	0.000010	0.000010	0.000010	0.000010	0.000010	0.000010	0.000010	0.000010	0.000010	LD_0.9_14_1432
BRC20353	0.000010	0.000010	0.000010	0.000010	0.000010	0.000010	0.000010	0.000010	0.000010	0.000010	0.000010	0.000010	0.000010	0.999870	LD_0.9_14_1432
BRC20360	0.000010	0.000010	0.000013	0.000010	0.000010	0.000010	0.000010	0.000010	0.000010	0.000010	0.000010	0.000010	0.000010	0.999867	LD_0.9_14_1432
BRC20361	0.000010	0.000010	0.000010	0.000010	0.000010	0.000010	0.000010	0.000018	0.000010	0.000010	0.000010	0.000010	0.000010	0.999862	LD_0.9_14_1432
BRC20362	0.000010	0.000010	0.000010	0.000010	0.000010	0.000010	0.000010	0.000010	0.000010	0.000010	0.000010	0.000010	0.000010	0.999870	LD_0.9_14_1432
BRC20366	0.999853	0.000015	0.000010	0.000010	0.000010	0.000016	0.000016	0.000010	0.000010	0.000010	0.000010	0.000010	0.000010	0.000010	LD_0.9_14_1432
BRC20367	0.999866	0.000010	0.000010	0.000010	0.000010	0.000010	0.000010	0.000012	0.000010	0.000011	0.000010	0.000011	0.000010	0.000010	LD_0.9_14_1432
BRC20369	0.000010	0.000010	0.000010	0.000010	0.000010	0.000010	0.000010	0.000010	0.000010	0.000010	0.999870	0.000010	0.000010	0.000010	LD_0.9_14_1432
BRC20370	0.999869	0.000010	0.000011	0.000010	0.000010	0.000010	0.000010	0.000010	0.000010	0.000010	0.000010	0.000010	0.000010	0.000010	LD_0.9_14_1432
BRC20388	0.000010	0.999869	0.000010	0.000010	0.000010	0.000010	0.000010	0.000010	0.000010	0.000010	0.000010	0.000011	0.000010	0.000010	LD_0.9_14_1432
BRC20390	0.999857	0.000010	0.000010	0.000010	0.000018	0.000010	0.000010	0.000010	0.000011	0.000010	0.000010	0.000010	0.000014	0.000010	LD_0.9_14_1432
BRC20401	0.000010	0.000010	0.000012	0.000010	0.000010	0.000010	0.000011	0.000010	0.000010	0.000010	0.999868	0.000010	0.000010	0.000010	LD_0.9_14_1432
BRC20463	0.999870	0.000010	0.000010	0.000010	0.000010	0.000010	0.000010	0.000010	0.000010	0.000010	0.000010	0.000010	0.000010	0.000010	LD_0.9_14_1432
BRC20492	0.000010	0.000010	0.000010	0.999870	0.000010	0.000010	0.000010	0.000010	0.000010	0.000010	0.000010	0.000010	0.000010	0.000010	LD_0.9_14_1432
BRC20498	0.000010	0.000010	0.000016	0.000010	0.000010	0.000010	0.000010	0.000010	0.000010	0.000011	0.999863	0.000010	0.000010	0.000010	LD_0.9_14_1432
BRC20499	0.999867	0.000010	0.000012	0.000010	0.000011	0.000010	0.000010	0.000010	0.000010	0.000010	0.000010	0.000010	0.000010	0.000010	LD_0.9_14_1432
BRC20501	0.999861	0.000010	0.000010	0.000010	0.000010	0.000010	0.000013	0.000010	0.000013	0.000010	0.000010	0.000010	0.000013	0.000010	LD_0.9_14_1432
BRC20502	0.000010	0.000010	0.000010	0.000010	0.000010	0.000010	0.000010	0.000010	0.000010	0.999870	0.000010	0.000010	0.000010	0.000010	LD_0.9_14_1432
BRC20503	0.000010	0.000010	0.000010	0.000010	0.000010	0.000010	0.000010	0.000010	0.000010	0.999870	0.000010	0.000010	0.000010	0.000010	LD_0.9_14_1432
BRC20519	0.000010	0.000010	0.000010	0.999867	0.000010	0.000010	0.000010	0.000010	0.000010	0.000010	0.000013	0.000010	0.000010	0.000010	LD_0.9_14_1432
BRC20520	0.000010	0.000010	0.000010	0.999862	0.000010	0.000011	0.000010	0.000017	0.000010	0.000010	0.000010	0.000010	0.000010	0.000010	LD_0.9_14_1432
BRC20522	0.000010	0.000010	0.000010	0.000010	0.000010	0.999870	0.000010	0.000010	0.000010	0.000010	0.000010	0.000010	0.000010	0.000010	LD_0.9_14_1432
BRC20524	0.000010	0.000010	0.000010	0.000010	0.000010	0.999870	0.000010	0.000010	0.000010	0.000010	0.000010	0.000010	0.000010	0.000010	LD_0.9_14_1432
BRC20529	0.999862	0.000010	0.000010	0.000010	0.000011	0.000011	0.000010	0.000010	0.000010	0.000010	0.000016	0.000010	0.000010	0.000010	LD_0.9_14_1432
BRC20530	0.000010	0.000012	0.000010	0.000010	0.000013	0.999858	0.000017	0.000010	0.000010	0.000010	0.000010	0.000010	0.000010	0.000010	LD_0.9_14_1432
BRC20531	0.000010	0.000010	0.000010	0.000010	0.000011	0.999869	0.000010	0.000010	0.000010	0.000010	0.000010	0.000010	0.000010	0.000010	LD_0.9_14_1432
BRC20532	0.999870	0.000010	0.000010	0.000010	0.000010	0.000010	0.000010	0.000010	0.000010	0.000010	0.000010	0.000010	0.000010	0.000010	LD_0.9_14_1432
BRC20533	0.999867	0.000013	0.000010	0.000010	0.000010	0.000010	0.000010	0.000010	0.000010	0.000010	0.000010	0.000010	0.000010	0.000010	LD_0.9_14_1432
BRC20534	0.999870	0.000010	0.000010	0.000010	0.000010	0.000010	0.000010	0.000010	0.000010	0.000010	0.000010	0.000010	0.000010	0.000010	LD_0.9_14_1432
BRC20535	0.999854	0.000010	0.000010	0.000010	0.000016	0.000010	0.000010	0.000010	0.000016	0.000014	0.000010	0.000010	0.000010	0.000010	LD_0.9_14_1432
BRC20536	0.999870	0.000010	0.000010	0.000010	0.000010	0.000010	0.000010	0.000010	0.000010	0.000010	0.000010	0.000010	0.000010	0.000010	LD_0.9_14_1432
BRC20537	0.999861	0.000010	0.000010	0.000010	0.000017	0.000010	0.000010	0.000011	0.000010	0.000010	0.000010	0.000010	0.000011	0.000010	LD_0.9_14_1432
BRC20541	0.000010	0.000010	0.000010	0.999870	0.000010	0.000010	0.000010	0.000010	0.000010	0.000010	0.000010	0.000010	0.000010	0.000010	LD_0.9_14_1432
BRC20543	0.999863	0.000011	0.000010	0.000010	0.000010	0.000010	0.000010	0.000015	0.000010	0.000010	0.000010	0.000010	0.000010	0.000010	LD_0.9_14_1432
BRC20544	0.999868	0.000010	0.000010	0.000010	0.000011	0.000010	0.000010	0.000011	0.000010	0.000010	0.000010	0.000010	0.000010	0.000010	LD_0.9_14_1432
BRC20545	0.999870	0.000010	0.000010	0.000010	0.000010	0.000010	0.000010	0.000010	0.000010	0.000010	0.000010	0.000010	0.000010	0.000010	LD_0.9_14_1432
BRC20556	0.000010	0.000010	0.000010	0.000010	0.000010	0.000010	0.000010	0.000010	0.000010	0.000010	0.999870	0.000010	0.000010	0.000010	LD_0.9_14_1432
BRC20557	0.999868	0.000010	0.000010	0.000010	0.000012	0.000010	0.000010	0.000010	0.000010	0.000010	0.000010	0.000010	0.000010	0.000010	LD_0.9_14_1432
BRC20565	0.000010	0.000010	0.000010	0.000010	0.000010	0.000011	0.000010	0.000010	0.000010	0.000010	0.999869	0.000010	0.000010	0.000010	LD_0.9_14_1432
BRC20571	0.000010	0.000010	0.000010	0.000010	0.000010	0.000010	0.000010	0.013940	0.000010	0.000010	0.940797	0.000010	0.031083	0.014080	LD_0.9_14_1432
BRC20574	0.000010	0.000012	0.000010	0.000010	0.000010	0.000011	0.000010	0.000011	0.000010	0.000010	0.999865	0.000010	0.000010	0.000010	LD_0.9_14_1432
BW287	0.000010	0.999868	0.000010	0.000010	0.000010	0.000010	0.000010	0.000010	0.000012	0.000010	0.000010	0.000010	0.000010	0.000010	LD_0.9_14_1432
DF5100	0.000010	0.000010	0.000010	0.000010	0.670242	0.000010	0.000010	0.075919	0.000010	0.000010	0.253729	0.000010	0.000010	0.000010	LD_0.9_14_1432
ECA1129	0.000010	0.000010	0.000013	0.000010	0.000010	0.000010	0.000011	0.000010	0.000010	0.000010	0.999866	0.000011	0.000010	0.000010	LD_0.9_14_1432
ECA1143	0.000010	0.000010	0.000010	0.000010	0.000010	0.000010	0.000010	0.291112	0.000010	0.000016	0.708762	0.000010	0.000010	0.000010	LD_0.9_14_1432
ECA1147	0.000010	0.000010	0.000010	0.000012	0.000010	0.000010	0.000012	0.000010	0.000010	0.000010	0.999866	0.000010	0.000010	0.000010	LD_0.9_14_1432
ECA1149	0.041955	0.000010	0.000010	0.000010	0.000010	0.000010	0.000010	0.000010	0.000011	0.000010	0.957924	0.000010	0.000010	0.000010	LD_0.9_14_1432
ECA1160	0.000010	0.000010	0.000010	0.000010	0.020358	0.000010	0.000010	0.000010	0.000011	0.000010	0.979514	0.000010	0.000016	0.000010	LD_0.9_14_1432
ECA1164	0.000010	0.000011	0.000010	0.000010	0.000010	0.000012	0.000012	0.000010	0.000010	0.000010	0.999866	0.000010	0.000010	0.000010	LD_0.9_14_1432
ECA1170	0.999866	0.000010	0.000010	0.000010	0.000010	0.000014	0.000010	0.000011	0.000010	0.000010	0.000010	0.000010	0.000010	0.000010	LD_0.9_14_1432
ECA1174	0.000010	0.000010	0.000010	0.000010	0.000010	0.000010	0.000010	0.000010	0.000010	0.000010	0.999870	0.000010	0.000010	0.000010	LD_0.9_14_1432
ECA1383	0.999856	0.000010	0.000010	0.000010	0.000013	0.000013	0.000013	0.000010	0.000014	0.000010	0.000010	0.000010	0.000010	0.000010	LD_0.9_14_1432
ECA1411	0.000010	0.000010	0.000010	0.000010	0.000010	0.000010	0.000010	0.000010	0.000010	0.000010	0.999870	0.000010	0.000010	0.000010	LD_0.9_14_1432
ECA1423	0.000010	0.000010	0.000012	0.000010	0.000010	0.000010	0.000010	0.019513	0.000011	0.000010	0.980363	0.000010	0.000011	0.000010	LD_0.9_14_1432
ECA1429	0.000010	0.000010	0.000010	0.000010	0.000010	0.000010	0.000011	0.000010	0.000010	0.000010	0.999869	0.000010	0.000010	0.000010	LD_0.9_14_1432
ECA1431	0.000010	0.000010	0.000020	0.000010	0.000010	0.000010	0.000010	0.000010	0.000010	0.000010	0.999856	0.000010	0.000014	0.000010	LD_0.9_14_1432
ECA1437	0.000010	0.000014	0.000010	0.000010	0.000010	0.000010	0.000014	0.000010	0.000010	0.000010	0.999862	0.000010	0.000010	0.000010	LD_0.9_14_1432
ECA1439	0.000010	0.000010	0.000010	0.000010	0.528660	0.000010	0.000010	0.000010	0.000010	0.000010	0.471220	0.000010	0.000010	0.000010	LD_0.9_14_1432
ECA1443	0.940515	0.000010	0.000010	0.000010	0.000010	0.000010	0.000010	0.000010	0.000010	0.000010	0.059365	0.000010	0.000010	0.000010	LD_0.9_14_1432
ECA1471	0.000010	0.000010	0.000010	0.000010	0.000010	0.000010	0.000010	0.000010	0.000010	0.000010	0.999870	0.000010	0.000010	0.000010	LD_0.9_14_1432
ECA1489	0.000010	0.000010	0.000010	0.000010	0.000010	0.000010	0.000010	0.347022	0.000010	0.000010	0.652858	0.000010	0.000010	0.000010	LD_0.9_14_1432
ECA1507	0.000010	0.000010	0.000010	0.000010	0.000010	0.000010	0.000010	0.000010	0.000010	0.000010	0.999870	0.000010	0.000010	0.000010	LD_0.9_14_1432
ECA1509	0.000010	0.000010	0.000010	0.000010	0.000010	0.000010	0.000010	0.000010	0.000010	0.000010	0.999870	0.000010	0.000010	0.000010	LD_0.9_14_1432
ECA1517	0.000010	0.000010	0.000010	0.000010	0.004895	0.000010	0.000010	0.044030	0.000010	0.000010	0.950965	0.000010	0.000010	0.000010	LD_0.9_14_1432
ECA1521	0.000010	0.000010	0.000010	0.000010	0.062188	0.000010	0.000011	0.000010	0.000010	0.000010	0.937691	0.000010	0.000010	0.000010	LD_0.9_14_1432
ECA1555	0.000011	0.000010	0.000013	0.000010	0.000010	0.000010	0.000010	0.000010	0.000010	0.000010	0.999865	0.000010	0.000010	0.000010	LD_0.9_14_1432
ECA1559	0.999867	0.000010	0.000010	0.000010	0.000010	0.000010	0.000010	0.000011	0.000010	0.000010	0.000012	0.000010	0.000010	0.000010	LD_0.9_14_1432
ECA1563	0.000010	0.000010	0.000010	0.000010	0.000010	0.000010	0.000010	0.000010	0.000010	0.000010	0.999870	0.000010	0.000010	0.000010	LD_0.9_14_1432
ECA1571	0.000010	0.000010	0.000010	0.000010	0.000010	0.000010	0.000010	0.333879	0.000010	0.000010	0.666001	0.000010	0.000010	0.000010	LD_0.9_14_1432
ECA1587	0.000010	0.000010	0.000010	0.000011	0.000010	0.000010	0.000010	0.000010	0.000010	0.000010	0.999869	0.000010	0.000010	0.000010	LD_0.9_14_1432
ECA1605	0.877680	0.000010	0.000010	0.000010	0.013525	0.000010	0.000010	0.088075	0.000010	0.000010	0.016718	0.000010	0.003912	0.000010	LD_0.9_14_1432
ECA1609	0.000010	0.000010	0.000010	0.000010	0.000010	0.000010	0.000010	0.000010	0.000010	0.000010	0.999870	0.000010	0.000010	0.000010	LD_0.9_14_1432
ECA161	0.000010	0.000010	0.000010	0.000010	0.000010	0.000010	0.000010	0.000010	0.000010	0.000010	0.999870	0.000010	0.000010	0.000010	LD_0.9_14_1432
ECA1611	0.000010	0.000010	0.000010	0.000010	0.000010	0.000010	0.000010	0.000010	0.000010	0.000010	0.999870	0.000010	0.000010	0.000010	LD_0.9_14_1432
ECA1615	0.000010	0.000010	0.000010	0.000010	0.000010	0.000010	0.000010	0.000010	0.000010	0.000010	0.999870	0.000010	0.000010	0.000010	LD_0.9_14_1432
ECA162	0.000010	0.000010	0.000010	0.000010	0.000010	0.000010	0.000010	0.000010	0.000010	0.000010	0.999870	0.000010	0.000010	0.000010	LD_0.9_14_1432
ECA1621	0.000010	0.000010	0.000010	0.000010	0.000015	0.000010	0.000010	0.000010	0.000010	0.000010	0.999865	0.000010	0.000010	0.000010	LD_0.9_14_1432
ECA163	0.000010	0.000010	0.000011	0.000010	0.000010	0.000010	0.000010	0.000011	0.000013	0.999865	0.000010	0.000010	0.000010	0.000010	LD_0.9_14_1432
ECA1637	0.000010	0.000010	0.000010	0.000010	0.000010	0.000010	0.000011	0.000013	0.000010	0.000011	0.999865	0.000010	0.000010	0.000010	LD_0.9_14_1432
ECA1657	0.000010	0.000010	0.000010	0.000010	0.055277	0.000010	0.000010	0.000010	0.000010	0.000010	0.944603	0.000010	0.000010	0.000010	LD_0.9_14_1432
ECA1701	0.000010	0.000010	0.021121	0.000010	0.000010	0.000010	0.000010	0.000010	0.000010	0.000010	0.978759	0.000010	0.000010	0.000010	LD_0.9_14_1432
ECA175	0.000010	0.000010	0.000010	0.000010	0.000010	0.000011	0.000010	0.000010	0.000010	0.000010	0.999869	0.000010	0.000010	0.000010	LD_0.9_14_1432
ECA176	0.000010	0.000010	0.000010	0.000010	0.000010	0.000010	0.000012	0.022045	0.000010	0.000010	0.977833	0.000010	0.000010	0.000010	LD_0.9_14_1432
ECA177	0.000010	0.000010	0.000010	0.000010	0.000010	0.000010	0.000010	0.000010	0.000010	0.000012	0.999867	0.000010	0.000010	0.000010	LD_0.9_14_1432
ECA180	0.000011	0.000010	0.000010	0.000011	0.000010	0.000010	0.000010	0.000010	0.000010	0.000013	0.999863	0.000010	0.000011	0.000010	LD_0.9_14_1432
ECA182	0.000010	0.000010	0.000010	0.000010	0.000010	0.000010	0.000010	0.000010	0.000010	0.000010	0.999870	0.000010	0.000010	0.000010	LD_0.9_14_1432
ECA183	0.000010	0.000011	0.000013	0.000010	0.000010	0.000010	0.000010	0.000010	0.000010	0.000010	0.999865	0.000010	0.000010	0.000010	LD_0.9_14_1432
ECA185	0.000010	0.000010	0.000010	0.000010	0.074369	0.000010	0.000010	0.016258	0.000010	0.000010	0.909263	0.000010	0.000010	0.000010	LD_0.9_14_1432
ECA186	0.000010	0.000010	0.000010	0.000012	0.360404	0.000010	0.000010	0.000010	0.000010	0.000012	0.639472	0.000010	0.000010	0.000010	LD_0.9_14_1432
ECA2083	0.000011	0.000010	0.000010	0.000010	0.036848	0.000010	0.000010	0.000010	0.000011	0.000010	0.963031	0.000010	0.000010	0.000010	LD_0.9_14_1432
ECA2093	0.000010	0.000010	0.000010	0.000010	0.000010	0.000011	0.000011	0.000010	0.000010	0.000010	0.999868	0.000010	0.000010	0.000010	LD_0.9_14_1432
ECA2115	0.000010	0.000010	0.000010	0.000010	0.000010	0.000010	0.000011	0.000010	0.000010	0.000010	0.999869	0.000010	0.000010	0.000010	LD_0.9_14_1432
ECA2299	0.999863	0.000010	0.000014	0.000010	0.000014	0.000010	0.000010	0.000010	0.000010	0.000010	0.000010	0.000010	0.000010	0.000010	LD_0.9_14_1432
ECA2373	0.000010	0.000010	0.041653	0.000010	0.000010	0.000010	0.000010	0.000010	0.000010	0.000010	0.952091	0.000010	0.000010	0.006146	LD_0.9_14_1432
ECA2385	0.999860	0.000010	0.000010	0.000010	0.000016	0.000011	0.000010	0.000010	0.000010	0.000010	0.000010	0.000010	0.000013	0.000010	LD_0.9_14_1432
ECA2425	0.000010	0.000010	0.000010	0.000010	0.000010	0.000010	0.000010	0.000010	0.000010	0.000010	0.999870	0.000010	0.000010	0.000010	LD_0.9_14_1432
ECA2617	0.000010	0.000010	0.000010	0.000010	0.000010	0.000010	0.000010	0.000010	0.999867	0.000010	0.000012	0.000010	0.000010	0.000010	LD_0.9_14_1432
ECA2618	0.000010	0.000010	0.000010	0.000010	0.000010	0.000010	0.000010	0.000010	0.999869	0.000010	0.000011	0.000010	0.000010	0.000010	LD_0.9_14_1432
ECA2621	0.000010	0.000010	0.000010	0.000010	0.000010	0.000010	0.000010	0.000010	0.999870	0.000010	0.000010	0.000010	0.000010	0.000010	LD_0.9_14_1432
ECA2623	0.000010	0.000010	0.000010	0.000010	0.999865	0.000010	0.000010	0.000010	0.000010	0.000010	0.000010	0.000010	0.000015	0.000010	LD_0.9_14_1432
ECA2625	0.000010	0.000010	0.000010	0.000010	0.000010	0.000010	0.000010	0.000010	0.000010	0.000010	0.999870	0.000010	0.000010	0.000010	LD_0.9_14_1432
ECA2626	0.000011	0.000010	0.000010	0.000010	0.000010	0.000010	0.000011	0.000010	0.000010	0.000010	0.999868	0.000010	0.000010	0.000010	LD_0.9_14_1432
ECA2636	0.000010	0.000010	0.000010	0.000010	0.000010	0.000011	0.000010	0.000010	0.000010	0.000010	0.999869	0.000010	0.000010	0.000010	LD_0.9_14_1432
ECA2637	0.000010	0.000010	0.000010	0.000010	0.108594	0.000010	0.000010	0.000010	0.000010	0.000010	0.891286	0.000010	0.000010	0.000010	LD_0.9_14_1432
ECA2639	0.000010	0.000010	0.000010	0.000010	0.000010	0.000010	0.000010	0.000011	0.999869	0.000010	0.000010	0.000010	0.000010	0.000010	LD_0.9_14_1432
ECA2645	0.000010	0.000010	0.000010	0.000010	0.000010	0.000010	0.000010	0.000010	0.000010	0.000010	0.999870	0.000010	0.000010	0.000010	LD_0.9_14_1432
ECA2647	0.000010	0.000010	0.000010	0.000010	0.000010	0.000010	0.000016	0.000010	0.999864	0.000010	0.000010	0.000010	0.000010	0.000010	LD_0.9_14_1432
ECA2663	0.000012	0.000012	0.000010	0.000010	0.000014	0.000012	0.000010	0.000010	0.000011	0.000010	0.999859	0.000010	0.000010	0.000010	LD_0.9_14_1432
ECA2664	0.000010	0.000010	0.000010	0.000010	0.946853	0.000010	0.000010	0.053027	0.000010	0.000010	0.000010	0.000010	0.000010	0.000010	LD_0.9_14_1432
ECA2666	0.000010	0.000010	0.000010	0.000010	0.000010	0.000010	0.000010	0.000010	0.999870	0.000010	0.000010	0.000010	0.000010	0.000010	LD_0.9_14_1432
ECA2667	0.000011	0.000011	0.000010	0.000010	0.000010	0.000010	0.000010	0.000010	0.000010	0.000010	0.999867	0.000010	0.000010	0.000010	LD_0.9_14_1432
ECA2670	0.000010	0.000010	0.000010	0.000010	0.000010	0.000010	0.000010	0.000010	0.999870	0.000010	0.000010	0.000010	0.000010	0.000010	LD_0.9_14_1432
ECA276	0.000010	0.000010	0.000010	0.000010	0.000010	0.000010	0.000010	0.000010	0.000010	0.999870	0.000010	0.000010	0.000010	0.000010	LD_0.9_14_1432
ECA278	0.000010	0.999868	0.000010	0.000010	0.000010	0.000012	0.000010	0.000010	0.000011	0.000010	0.000010	0.000010	0.000010	0.000010	LD_0.9_14_1432
ECA2808	0.000010	0.000010	0.000010	0.000010	0.434923	0.000010	0.000010	0.000010	0.000010	0.000010	0.564957	0.000010	0.000010	0.000010	LD_0.9_14_1432
ECA287	0.988288	0.000010	0.000010	0.000010	0.000010	0.000010	0.000010	0.000010	0.000010	0.000010	0.011592	0.000010	0.000010	0.000010	LD_0.9_14_1432
ECA288	0.096006	0.000010	0.000010	0.000010	0.903874	0.000010	0.000010	0.000010	0.000010	0.000010	0.000010	0.000010	0.000010	0.000010	LD_0.9_14_1432
ECA2883	0.000010	0.000010	0.000010	0.000010	0.000010	0.000010	0.000010	0.000010	0.000010	0.000010	0.999870	0.000010	0.000010	0.000010	LD_0.9_14_1432
ECA2890	0.000010	0.000010	0.000010	0.000010	0.015499	0.000010	0.000010	0.000010	0.000010	0.000012	0.984379	0.000010	0.000010	0.000010	LD_0.9_14_1432
ECA2894	0.000010	0.000010	0.000010	0.000010	0.354838	0.000010	0.000010	0.000010	0.000010	0.000010	0.645042	0.000010	0.000010	0.000010	LD_0.9_14_1432
ECA2975	0.000010	0.000010	0.000010	0.000010	0.000010	0.000010	0.000010	0.000010	0.000010	0.000010	0.999870	0.000010	0.000010	0.000010	LD_0.9_14_1432
ECA3091	0.000010	0.000010	0.000010	0.000010	0.000010	0.000010	0.000010	0.000010	0.000010	0.000010	0.999870	0.000010	0.000010	0.000010	LD_0.9_14_1432
ECA343	0.000010	0.000010	0.000010	0.000010	0.000010	0.000010	0.000010	0.000010	0.000010	0.000010	0.999870	0.000010	0.000010	0.000010	LD_0.9_14_1432
ECA346	0.000010	0.000010	0.000010	0.000010	0.568776	0.000010	0.000010	0.000010	0.000010	0.000010	0.431104	0.000010	0.000010	0.000010	LD_0.9_14_1432
ECA3502	0.999870	0.000010	0.000010	0.000010	0.000010	0.000010	0.000010	0.000010	0.000010	0.000010	0.000010	0.000010	0.000010	0.000010	LD_0.9_14_1432
ECA3503	0.000010	0.000010	0.000010	0.000010	0.000010	0.000010	0.000010	0.000010	0.000010	0.000010	0.999870	0.000010	0.000010	0.000010	LD_0.9_14_1432
ECA3509	0.000010	0.000010	0.000012	0.000010	0.000010	0.000010	0.000012	0.000010	0.000010	0.000013	0.999864	0.000010	0.000010	0.000010	LD_0.9_14_1432
ECA3708	0.000010	0.000010	0.000010	0.000010	0.028380	0.000010	0.000010	0.000013	0.000010	0.000010	0.971497	0.000010	0.000010	0.000010	LD_0.9_14_1432
ECA371	0.000010	0.000010	0.000010	0.000010	0.000010	0.000010	0.000010	0.022607	0.000010	0.000010	0.977273	0.000010	0.000010	0.000010	LD_0.9_14_1432
ECA3712	0.000010	0.000010	0.000010	0.000010	0.027846	0.000010	0.000014	0.000010	0.000010	0.000010	0.972029	0.000010	0.000010	0.000010	LD_0.9_14_1432
ECA3713	0.000011	0.000010	0.000013	0.000010	0.072464	0.000010	0.000010	0.000010	0.000012	0.000010	0.927411	0.000010	0.000010	0.000010	LD_0.9_14_1432
ECA3899	0.000010	0.000010	0.000010	0.000010	0.000010	0.000010	0.000010	0.000010	0.000010	0.000010	0.999870	0.000010	0.000010	0.000010	LD_0.9_14_1432
ECA569	0.000010	0.999867	0.000010	0.000010	0.000011	0.000011	0.000010	0.000010	0.000010	0.000010	0.000010	0.000010	0.000010	0.000010	LD_0.9_14_1432
ED3032	0.000010	0.000010	0.000010	0.000010	0.000010	0.000010	0.000010	0.000010	0.000010	0.000010	0.999870	0.000010	0.000010	0.000010	LD_0.9_14_1432
ED3037	0.000010	0.000010	0.000010	0.000011	0.000010	0.000010	0.000011	0.000010	0.000010	0.000010	0.999868	0.000010	0.000010	0.000010	LD_0.9_14_1432
ED3088	0.000010	0.000010	0.000010	0.000010	0.734734	0.000010	0.000010	0.000010	0.000010	0.000010	0.265146	0.000010	0.000010	0.000010	LD_0.9_14_1432
ED3102	0.000010	0.000010	0.000010	0.000010	0.000010	0.000010	0.000010	0.000010	0.000010	0.999869	0.000010	0.000010	0.000010	0.000010	LD_0.9_14_1432
EG4360	0.000010	0.999862	0.000010	0.000010	0.000010	0.000018	0.000010	0.000010	0.000010	0.000010	0.000010	0.000010	0.000010	0.000010	LD_0.9_14_1432
EG5612	0.000010	0.000010	0.000010	0.000010	0.000010	0.000010	0.000010	0.000016	0.000010	0.000010	0.000010	0.000010	0.000010	0.999864	LD_0.9_14_1432
EG5613	0.000010	0.000010	0.000010	0.000010	0.943994	0.000010	0.000010	0.000010	0.000010	0.000010	0.000010	0.000010	0.038797	0.017099	LD_0.9_14_1432
EG6179	0.000010	0.000010	0.000010	0.000010	0.522849	0.000010	0.000010	0.000010	0.000010	0.000010	0.438934	0.000010	0.000010	0.038107	LD_0.9_14_1432
EG6260	0.000010	0.000010	0.000010	0.000010	0.865736	0.000010	0.000010	0.134144	0.000010	0.000010	0.000010	0.000010	0.000010	0.000010	LD_0.9_14_1432
EG6261	0.000010	0.000010	0.000010	0.000010	0.970167	0.000010	0.000010	0.000010	0.000010	0.000010	0.029709	0.000010	0.000014	0.000010	LD_0.9_14_1432
EG6265	0.983569	0.000010	0.016311	0.000010	0.000010	0.000010	0.000010	0.000010	0.000010	0.000010	0.000010	0.000010	0.000010	0.000010	LD_0.9_14_1432
EG6267	0.000010	0.000010	0.000010	0.000010	0.792285	0.000010	0.000010	0.000010	0.000010	0.000010	0.207595	0.000010	0.000010	0.000010	LD_0.9_14_1432
EG6268	0.999860	0.000012	0.000010	0.000010	0.000010	0.000010	0.000010	0.000015	0.000012	0.000010	0.000010	0.000012	0.000010	0.000010	LD_0.9_14_1432
EG6271	0.000010	0.000010	0.000010	0.000010	0.626699	0.000010	0.000010	0.373181	0.000010	0.000010	0.000010	0.000010	0.000010	0.000010	LD_0.9_14_1432
EG6272	0.000010	0.000010	0.000010	0.000012	0.781851	0.000010	0.000010	0.072377	0.000015	0.000010	0.145654	0.000010	0.000010	0.000010	LD_0.9_14_1432
EG6274	0.000010	0.000010	0.000010	0.000010	0.999870	0.000010	0.000010	0.000010	0.000010	0.000010	0.000010	0.000010	0.000010	0.000010	LD_0.9_14_1432
EG6275	0.000010	0.000010	0.000010	0.000010	0.988108	0.000010	0.000010	0.000010	0.000010	0.000010	0.011772	0.000010	0.000010	0.000010	LD_0.9_14_1432
EG6276	0.000010	0.000010	0.000010	0.000010	0.921920	0.000010	0.000010	0.000010	0.000010	0.000010	0.077960	0.000010	0.000010	0.000010	LD_0.9_14_1432
EG6329	0.000010	0.000010	0.000010	0.000010	0.438102	0.000010	0.000010	0.561778	0.000010	0.000010	0.000010	0.000010	0.000010	0.000010	LD_0.9_14_1432
GUN124	0.000011	0.999868	0.000010	0.000010	0.000010	0.000010	0.000010	0.000010	0.000011	0.000010	0.000010	0.000010	0.000010	0.000010	LD_0.9_14_1432
GXW22	0.000010	0.000010	0.000010	0.000010	0.000010	0.000010	0.000010	0.000010	0.000010	0.000010	0.999870	0.000010	0.000010	0.000010	LD_0.9_14_1432
GXW23	0.000010	0.000010	0.000010	0.000016	0.000010	0.000014	0.000010	0.000010	0.000011	0.000010	0.209766	0.000010	0.000010	0.790103	LD_0.9_14_1432
HK104	0.000010	0.999862	0.000010	0.000010	0.000010	0.000010	0.000010	0.000010	0.000010	0.000018	0.000010	0.000010	0.000010	0.000010	LD_0.9_14_1432
HPT11	0.000010	0.000010	0.000010	0.000010	0.000010	0.000010	0.000010	0.000010	0.000010	0.999870	0.000010	0.000010	0.000010	0.000010	LD_0.9_14_1432
HPT16	0.000010	0.000010	0.000010	0.000010	0.000019	0.000010	0.000010	0.079311	0.000010	0.000010	0.893818	0.000010	0.000010	0.026752	LD_0.9_14_1432
HPT18	0.000010	0.000010	0.000010	0.000010	0.000010	0.000010	0.000010	0.000010	0.000010	0.999870	0.000010	0.000010	0.000010	0.000010	LD_0.9_14_1432
HPT19	0.000010	0.000010	0.000010	0.000010	0.000010	0.000010	0.000010	0.058092	0.000010	0.000010	0.900870	0.000010	0.000010	0.040928	LD_0.9_14_1432
HPT2	0.000010	0.000011	0.000010	0.000010	0.000010	0.000010	0.000010	0.079724	0.000010	0.000010	0.837294	0.000010	0.000010	0.082871	LD_0.9_14_1432
HPT21	0.000010	0.000010	0.005294	0.000010	0.000010	0.000010	0.000010	0.000010	0.000010	0.000010	0.994586	0.000010	0.000010	0.000010	LD_0.9_14_1432
HPT24	0.000010	0.000010	0.000010	0.000010	0.000010	0.000010	0.000010	0.000010	0.000010	0.999870	0.000010	0.000010	0.000010	0.000010	LD_0.9_14_1432
HPT34	0.000010	0.000010	0.000010	0.000011	0.000010	0.000010	0.000010	0.084653	0.000010	0.000010	0.838424	0.000010	0.000010	0.076812	LD_0.9_14_1432
HPT37	0.000010	0.000010	0.032027	0.000010	0.000010	0.000010	0.000010	0.054518	0.000010	0.000010	0.856866	0.000010	0.000010	0.056489	LD_0.9_14_1432
HPT4	0.000010	0.000010	0.000010	0.000010	0.000010	0.000010	0.000010	0.084167	0.000010	0.000010	0.838875	0.000010	0.000010	0.076847	LD_0.9_14_1432
HPT42	0.000010	0.000010	0.000010	0.000011	0.000010	0.000010	0.000010	0.076512	0.000010	0.000010	0.899791	0.000010	0.000010	0.023586	LD_0.9_14_1432
HPT52	0.000010	0.000010	0.000010	0.000010	0.000010	0.000010	0.000010	0.000010	0.000010	0.000010	0.565210	0.000010	0.434670	0.000010	LD_0.9_14_1432
HPT53	0.000014	0.000011	0.000010	0.000010	0.000010	0.000010	0.000012	0.000010	0.000010	0.000010	0.999862	0.000011	0.000010	0.000010	LD_0.9_14_1432
HPT54	0.000010	0.000010	0.000011	0.000010	0.000010	0.000010	0.000010	0.000010	0.000010	0.000010	0.999869	0.000010	0.000010	0.000010	LD_0.9_14_1432
HPT55	0.000010	0.000010	0.000011	0.000010	0.000010	0.000011	0.000010	0.000010	0.000010	0.000011	0.999867	0.000010	0.000010	0.000010	LD_0.9_14_1432
HPT59	0.000011	0.000013	0.000014	0.000010	0.000010	0.000010	0.000010	0.000010	0.000010	0.000010	0.999861	0.000011	0.000010	0.000010	LD_0.9_14_1432
HPT60	0.000010	0.000010	0.000013	0.000010	0.000010	0.000010	0.000010	0.000010	0.000010	0.000010	0.999866	0.000010	0.000010	0.000010	LD_0.9_14_1432
HPT62	0.000010	0.000010	0.000010	0.000010	0.000010	0.000010	0.000010	0.000010	0.000010	0.000010	0.000010	0.000010	0.999870	0.000010	LD_0.9_14_1432
HPT63	0.000010	0.000010	0.000010	0.000012	0.000010	0.000010	0.000010	0.000010	0.000010	0.000010	0.999868	0.000010	0.000010	0.000010	LD_0.9_14_1432
HPT7	0.000010	0.000010	0.000019	0.000010	0.000010	0.000010	0.000010	0.107167	0.000011	0.000015	0.855107	0.000010	0.000010	0.037600	LD_0.9_14_1432
HPT8	0.000011	0.000010	0.000010	0.000011	0.000010	0.000010	0.000014	0.083772	0.000010	0.000010	0.839593	0.000010	0.000010	0.076518	LD_0.9_14_1432
HPT9	0.000010	0.000010	0.000010	0.000012	0.000012	0.000010	0.000010	0.000010	0.000010	0.000010	0.127346	0.000010	0.000010	0.872530	LD_0.9_14_1432
JU1257	0.000010	0.999855	0.000010	0.000016	0.000011	0.000010	0.000010	0.000010	0.000018	0.000010	0.000010	0.000010	0.000010	0.000010	LD_0.9_14_1432
JU1337	0.000010	0.000010	0.000010	0.000010	0.746918	0.000010	0.000010	0.000014	0.000010	0.000010	0.213347	0.000010	0.039621	0.000010	LD_0.9_14_1432
JU1338	0.000010	0.000010	0.000010	0.000010	0.000010	0.000010	0.000010	0.000010	0.000010	0.000010	0.000010	0.000010	0.000010	0.999870	LD_0.9_14_1432
JU1341	0.000010	0.000010	0.000015	0.000010	0.000010	0.000011	0.000011	0.000010	0.000010	0.000010	0.000010	0.999863	0.000010	0.000010	LD_0.9_14_1432
JU1344	0.000010	0.000010	0.000010	0.000010	0.000010	0.000010	0.000010	0.000010	0.000012	0.000010	0.858052	0.000010	0.000010	0.141826	LD_0.9_14_1432
JU1346	0.000011	0.000010	0.000017	0.000012	0.000010	0.000010	0.000010	0.000010	0.000010	0.000011	0.000010	0.000010	0.000010	0.999860	LD_0.9_14_1432
JU1347	0.000010	0.000010	0.000010	0.000010	0.956830	0.000010	0.000010	0.000010	0.000010	0.000010	0.043050	0.000010	0.000010	0.000010	LD_0.9_14_1432
JU1348	0.000010	0.000010	0.000010	0.000010	0.000010	0.000010	0.000010	0.000010	0.000010	0.000010	0.000010	0.999870	0.000010	0.000010	LD_0.9_14_1432
JU1375	0.000010	0.000010	0.000010	0.000010	0.957195	0.000010	0.000010	0.000010	0.000010	0.000010	0.042685	0.000010	0.000010	0.000010	LD_0.9_14_1432
JU1377	0.000010	0.000010	0.000010	0.000010	0.999870	0.000010	0.000010	0.000010	0.000010	0.000010	0.000010	0.000010	0.000010	0.000010	LD_0.9_14_1432
JU1378	0.000010	0.000010	0.000010	0.000010	0.999870	0.000010	0.000010	0.000010	0.000010	0.000010	0.000010	0.000010	0.000010	0.000010	LD_0.9_14_1432
JU1392	0.000010	0.000010	0.000010	0.000010	0.999870	0.000010	0.000010	0.000010	0.000010	0.000010	0.000010	0.000010	0.000010	0.000010	LD_0.9_14_1432
JU1399	0.000010	0.000013	0.040021	0.000010	0.180131	0.000012	0.000010	0.603929	0.000010	0.000010	0.175814	0.000010	0.000010	0.000010	LD_0.9_14_1432
JU1424	0.000010	0.000010	0.000010	0.000012	0.000010	0.000010	0.000010	0.000010	0.000010	0.000010	0.000010	0.000010	0.000010	0.999868	LD_0.9_14_1432
JU1435	0.000010	0.000010	0.000010	0.000010	0.999870	0.000010	0.000010	0.000010	0.000010	0.000010	0.000010	0.000010	0.000010	0.000010	LD_0.9_14_1432
JU1564	0.000010	0.999867	0.000010	0.000010	0.000010	0.000011	0.000010	0.000010	0.000011	0.000010	0.000010	0.000011	0.000010	0.000010	LD_0.9_14_1432
JU1637	0.000010	0.000010	0.000010	0.000010	0.952712	0.000010	0.000010	0.000010	0.000010	0.000010	0.047167	0.000010	0.000010	0.000010	LD_0.9_14_1432
JU1638	0.000010	0.000010	0.000010	0.000010	0.971463	0.000010	0.000010	0.000010	0.000010	0.000010	0.028417	0.000010	0.000010	0.000010	LD_0.9_14_1432
JU1794	0.000010	0.000010	0.000010	0.000010	0.638160	0.000010	0.000010	0.000010	0.000010	0.000020	0.297889	0.000010	0.006322	0.057519	LD_0.9_14_1432
JU1795	0.000010	0.000010	0.000010	0.000010	0.507936	0.000010	0.000010	0.000010	0.000010	0.000010	0.491944	0.000010	0.000010	0.000010	LD_0.9_14_1432
JU1799	0.000010	0.000010	0.000010	0.000010	0.999870	0.000010	0.000010	0.000010	0.000010	0.000010	0.000010	0.000010	0.000010	0.000010	LD_0.9_14_1432
JU1802	0.000010	0.000010	0.000010	0.000010	0.946281	0.000010	0.000010	0.000010	0.000010	0.000010	0.053599	0.000010	0.000010	0.000010	LD_0.9_14_1432
JU1814	0.000010	0.000011	0.000010	0.000012	0.714886	0.000010	0.000010	0.284990	0.000010	0.000010	0.000011	0.000010	0.000010	0.000010	LD_0.9_14_1432
JU1884	0.000010	0.000010	0.000010	0.000010	0.150048	0.000010	0.000010	0.000010	0.000010	0.000010	0.849832	0.000010	0.000010	0.000010	LD_0.9_14_1432
JU1885	0.000010	0.000010	0.000010	0.000010	0.865178	0.000010	0.000010	0.000010	0.000010	0.000010	0.078190	0.000010	0.056522	0.000010	LD_0.9_14_1432
JU1907	0.000010	0.000010	0.000010	0.000010	0.000010	0.000010	0.000010	0.031701	0.000010	0.000010	0.968179	0.000010	0.000010	0.000010	LD_0.9_14_1432
JU1908	0.000010	0.000010	0.000010	0.000010	0.000010	0.000010	0.000010	0.042701	0.000010	0.000010	0.957179	0.000010	0.000010	0.000010	LD_0.9_14_1432
JU1909	0.000010	0.000010	0.000010	0.000010	0.000014	0.000012	0.000010	0.000010	0.000010	0.000011	0.999862	0.000010	0.000010	0.000010	LD_0.9_14_1432
JU1913	0.000010	0.000010	0.000010	0.000010	0.134269	0.000010	0.000010	0.000010	0.000010	0.000010	0.449132	0.000010	0.416489	0.000010	LD_0.9_14_1432
JU2053	0.000010	0.000010	0.000010	0.000010	0.385795	0.000010	0.000010	0.000010	0.000010	0.000010	0.614085	0.000010	0.000010	0.000010	LD_0.9_14_1432
JU2054	0.000010	0.000010	0.000010	0.000010	0.024947	0.000010	0.000010	0.000010	0.000010	0.000010	0.974932	0.000010	0.000010	0.000010	LD_0.9_14_1432
JU2056	0.000010	0.000010	0.000010	0.000010	0.000010	0.000010	0.000010	0.000010	0.000010	0.000010	0.999870	0.000010	0.000010	0.000010	LD_0.9_14_1432
JU2057	0.000010	0.000010	0.000010	0.000010	0.000010	0.000010	0.000010	0.000010	0.000011	0.000012	0.000010	0.000010	0.999868	0.000010	LD_0.9_14_1432
JU2160	0.000010	0.000010	0.000010	0.000016	0.000010	0.000010	0.000010	0.000010	0.000010	0.000010	0.000010	0.000010	0.999864	0.000010	LD_0.9_14_1432
JU2162	0.000010	0.000010	0.000010	0.000010	0.000010	0.000010	0.000010	0.000010	0.000010	0.000012	0.000010	0.000010	0.999868	0.000010	LD_0.9_14_1432
JU2214	0.000010	0.000010	0.150985	0.000012	0.040819	0.000010	0.000010	0.285810	0.000010	0.000010	0.522284	0.000010	0.000010	0.000010	LD_0.9_14_1432
JU2216	0.999870	0.000010	0.000010	0.000010	0.000010	0.000010	0.000010	0.000010	0.000010	0.000010	0.000010	0.000010	0.000010	0.000010	LD_0.9_14_1432
JU2457	0.000010	0.490579	0.000010	0.000010	0.000010	0.000010	0.000010	0.216876	0.000010	0.000010	0.292435	0.000010	0.000010	0.000010	LD_0.9_14_1432
JU2470	0.000010	0.000010	0.000010	0.000011	0.000010	0.000010	0.000010	0.000010	0.000010	0.000010	0.000010	0.000010	0.999869	0.000010	LD_0.9_14_1432
JU2472	0.000010	0.000010	0.000010	0.000010	0.922572	0.000010	0.000010	0.077303	0.000010	0.000015	0.000010	0.000010	0.000010	0.000010	LD_0.9_14_1432
JU2506	0.000010	0.000010	0.000010	0.000010	0.000010	0.000010	0.000010	0.000010	0.000010	0.000010	0.999870	0.000010	0.000010	0.000010	LD_0.9_14_1432
JU2507	0.000010	0.000010	0.000010	0.000010	0.000010	0.000011	0.000010	0.000010	0.000010	0.000010	0.000010	0.000010	0.999869	0.000010	LD_0.9_14_1432
JU2518	0.000010	0.000010	0.000010	0.000010	0.000010	0.000010	0.000010	0.999870	0.000010	0.000010	0.000010	0.000010	0.000010	0.000010	LD_0.9_14_1432
JU2536	0.000010	0.999869	0.000010	0.000010	0.000010	0.000010	0.000010	0.000010	0.000011	0.000010	0.000010	0.000010	0.000010	0.000010	LD_0.9_14_1432
JU2597	0.000010	0.000010	0.538866	0.000010	0.175004	0.000010	0.000012	0.286015	0.000010	0.000010	0.000010	0.000010	0.000013	0.000010	LD_0.9_14_1432
JU2747	0.000010	0.000010	0.023255	0.000010	0.823171	0.000010	0.000010	0.000010	0.000010	0.000010	0.044172	0.000010	0.044525	0.064787	LD_0.9_14_1432
JU2767	0.000010	0.000010	0.000010	0.000019	0.000010	0.000010	0.000010	0.000010	0.000010	0.999861	0.000010	0.000010	0.000010	0.000010	LD_0.9_14_1432
JU2799	0.000010	0.000010	0.000010	0.000010	0.591063	0.000010	0.000010	0.000010	0.000010	0.000010	0.408817	0.000010	0.000010	0.000010	LD_0.9_14_1432
JU2801	0.000010	0.000010	0.000010	0.000010	0.000010	0.000010	0.000010	0.000010	0.000010	0.000010	0.000010	0.999870	0.000010	0.000010	LD_0.9_14_1432
JU2836	0.000017	0.000013	0.236500	0.000010	0.032366	0.000010	0.000010	0.048356	0.000010	0.000010	0.681000	0.000010	0.001677	0.000010	LD_0.9_14_1432
JU2849	0.000010	0.000010	0.000010	0.000010	0.000010	0.000010	0.000010	0.000010	0.000010	0.000010	0.000010	0.000010	0.000010	0.999870	LD_0.9_14_1432
JU2861	0.000010	0.000010	0.000010	0.000010	0.247902	0.000010	0.000010	0.000010	0.000010	0.000010	0.751978	0.000010	0.000010	0.000010	LD_0.9_14_1432
JU2868	0.000010	0.000011	0.000015	0.000010	0.000010	0.000010	0.000010	0.000012	0.000010	0.000013	0.999860	0.000010	0.000010	0.000010	LD_0.9_14_1432
JU2872	0.000010	0.999867	0.000011	0.000010	0.000010	0.000012	0.000010	0.000010	0.000010	0.000010	0.000011	0.000010	0.000010	0.000010	LD_0.9_14_1432
JU3171	0.000010	0.000010	0.000010	0.000010	0.780938	0.000010	0.000010	0.000010	0.000010	0.000010	0.218942	0.000010	0.000010	0.000010	LD_0.9_14_1432
JU3200	0.000010	0.000010	0.000010	0.000010	0.000010	0.000010	0.000010	0.000010	0.000010	0.000010	0.000010	0.999870	0.000010	0.000010	LD_0.9_14_1432
JU3201	0.000010	0.000010	0.000010	0.000010	0.000010	0.000010	0.000010	0.000010	0.000010	0.000010	0.000014	0.999866	0.000010	0.000010	LD_0.9_14_1432
JU3202	0.000010	0.000014	0.000010	0.000010	0.000010	0.000010	0.000010	0.000010	0.000010	0.000010	0.000010	0.999866	0.000010	0.000010	LD_0.9_14_1432
JU3203	0.000010	0.000010	0.000010	0.000010	0.000012	0.000014	0.000010	0.000017	0.000010	0.000010	0.000010	0.999857	0.000010	0.000010	LD_0.9_14_1432
JU3206	0.000010	0.000010	0.000010	0.000010	0.000010	0.000010	0.000010	0.000010	0.000010	0.000010	0.000010	0.999870	0.000010	0.000010	LD_0.9_14_1432
JU3207	0.000010	0.000010	0.000010	0.000010	0.633190	0.000010	0.000010	0.000010	0.000010	0.000010	0.366690	0.000010	0.000010	0.000010	LD_0.9_14_1432
JU3237	0.000010	0.000010	0.000010	0.000010	0.000010	0.000010	0.000013	0.000010	0.000010	0.000010	0.000010	0.000010	0.999867	0.000010	LD_0.9_14_1432
JU3272	0.000010	0.999868	0.000010	0.000010	0.000010	0.000011	0.000010	0.000010	0.000011	0.000010	0.000010	0.000010	0.000010	0.000010	LD_0.9_14_1432
JU3281	0.000010	0.000012	0.000010	0.000010	0.000010	0.000010	0.000010	0.000010	0.000010	0.000010	0.999868	0.000010	0.000010	0.000010	LD_0.9_14_1432
JU3319	0.000010	0.000010	0.000011	0.000010	0.000015	0.000010	0.000010	0.000010	0.000011	0.000010	0.187795	0.000010	0.000010	0.812077	LD_0.9_14_1432
JU3321	0.000010	0.000010	0.000010	0.000010	0.000010	0.000010	0.000010	0.000010	0.000010	0.000010	0.999870	0.000010	0.000010	0.000010	LD_0.9_14_1432
JU3326	0.000010	0.099718	0.000010	0.000010	0.000010	0.000010	0.000010	0.000010	0.000010	0.900162	0.000010	0.000010	0.000010	0.000010	LD_0.9_14_1432
JU3327	0.000010	0.000010	0.000010	0.000010	0.000010	0.000010	0.000010	0.000010	0.000010	0.000010	0.919835	0.000010	0.000010	0.080045	LD_0.9_14_1432
JU3416	0.031362	0.901289	0.000010	0.000013	0.000010	0.000010	0.000010	0.000010	0.000013	0.000010	0.067233	0.000010	0.000010	0.000010	LD_0.9_14_1432
JU4042	0.000010	0.000010	0.000010	0.000010	0.000010	0.000010	0.000010	0.000010	0.000010	0.000010	0.999870	0.000010	0.000010	0.000010	LD_0.9_14_1432
JU4051	0.000010	0.000010	0.000010	0.000010	0.000010	0.000010	0.000010	0.000010	0.000010	0.000010	0.000010	0.000010	0.000010	0.999870	LD_0.9_14_1432
JU4058	0.000010	0.000010	0.000010	0.000010	0.000010	0.000011	0.000010	0.000010	0.000010	0.000010	0.000010	0.000010	0.000010	0.999869	LD_0.9_14_1432
JU4060	0.000010	0.000010	0.000010	0.000010	0.000010	0.000010	0.000010	0.000010	0.000010	0.000010	0.000010	0.000010	0.000010	0.999870	LD_0.9_14_1432
JU4062	0.000010	0.000010	0.000010	0.000010	0.000010	0.000010	0.000010	0.000010	0.000010	0.000010	0.000010	0.000010	0.000010	0.999870	LD_0.9_14_1432
JU4064	0.000010	0.000010	0.000010	0.000010	0.000010	0.000010	0.000010	0.000010	0.000010	0.000010	0.000010	0.000010	0.000010	0.999870	LD_0.9_14_1432
JU4080	0.000010	0.000010	0.000010	0.000010	0.000010	0.000012	0.000010	0.000010	0.000010	0.000010	0.999868	0.000010	0.000010	0.000010	LD_0.9_14_1432
JU4084	0.000012	0.000010	0.000010	0.000010	0.000010	0.000010	0.000010	0.000010	0.000010	0.000010	0.000010	0.000010	0.000010	0.999868	LD_0.9_14_1432
JU4097	0.000010	0.000010	0.000010	0.000010	0.000010	0.000011	0.000010	0.000010	0.000010	0.000010	0.000012	0.000010	0.000010	0.999867	LD_0.9_14_1432
JU725	0.000010	0.000016	0.000011	0.000010	0.000010	0.000010	0.000011	0.000010	0.000010	0.000010	0.246573	0.000010	0.000010	0.753299	LD_0.9_14_1432
MY2716	0.000010	0.000010	0.000010	0.000010	0.112463	0.000010	0.000010	0.000010	0.000010	0.000010	0.887417	0.000010	0.000010	0.000010	LD_0.9_14_1432
MY539	0.000010	0.000010	0.000010	0.000010	0.203305	0.000010	0.000010	0.000010	0.000010	0.000010	0.796575	0.000010	0.000010	0.000010	LD_0.9_14_1432
NIC1050	0.000015	0.000010	0.227098	0.000010	0.071028	0.000010	0.000010	0.701750	0.000010	0.000018	0.000010	0.000010	0.000010	0.000010	LD_0.9_14_1432
NIC1052	0.000010	0.000010	0.301015	0.000010	0.104470	0.000010	0.000010	0.594405	0.000010	0.000010	0.000010	0.000010	0.000010	0.000010	LD_0.9_14_1432
NIC1054	0.000010	0.000010	0.120179	0.000010	0.039600	0.000010	0.000010	0.840105	0.000010	0.000010	0.000016	0.000010	0.000011	0.000010	LD_0.9_14_1432
NIC1055	0.000010	0.000010	0.269144	0.000010	0.000010	0.000010	0.000010	0.730733	0.000010	0.000010	0.000010	0.000010	0.000013	0.000010	LD_0.9_14_1432
NIC1057	0.000010	0.000010	0.266234	0.000010	0.033966	0.000010	0.000010	0.699690	0.000010	0.000010	0.000010	0.000010	0.000010	0.000010	LD_0.9_14_1432
NIC1058	0.000010	0.000010	0.233507	0.000010	0.000017	0.000010	0.000010	0.766366	0.000010	0.000010	0.000010	0.000010	0.000010	0.000010	LD_0.9_14_1432
NIC1059	0.000010	0.000010	0.150937	0.000010	0.000010	0.000010	0.000010	0.848942	0.000010	0.000010	0.000011	0.000010	0.000010	0.000010	LD_0.9_14_1432
NIC1060	0.000010	0.000010	0.068962	0.000010	0.000010	0.000010	0.000010	0.930913	0.000010	0.000010	0.000014	0.000010	0.000010	0.000010	LD_0.9_14_1432
NIC1062	0.000010	0.000010	0.194441	0.000010	0.706905	0.000010	0.000010	0.098541	0.000010	0.000013	0.000010	0.000010	0.000010	0.000010	LD_0.9_14_1432
NIC1069	0.000010	0.000011	0.000017	0.000010	0.787556	0.000010	0.000010	0.135775	0.000010	0.000016	0.076545	0.000010	0.000010	0.000010	LD_0.9_14_1432
NIC1103	0.000010	0.000013	0.245510	0.000010	0.000016	0.000010	0.000010	0.702742	0.000011	0.000010	0.051628	0.000010	0.000010	0.000010	LD_0.9_14_1432
NIC1104	0.000010	0.000010	0.011887	0.000010	0.107628	0.000010	0.000010	0.294635	0.000010	0.000010	0.585750	0.000010	0.000010	0.000010	LD_0.9_14_1432
NIC1106	0.000010	0.000010	0.151848	0.000010	0.000010	0.000010	0.000010	0.467907	0.000010	0.000010	0.380135	0.000010	0.000010	0.000010	LD_0.9_14_1432
NIC1117	0.000010	0.000010	0.000011	0.000010	0.000010	0.000010	0.000010	0.000010	0.000010	0.000010	0.999868	0.000010	0.000010	0.000010	LD_0.9_14_1432
NIC1123	0.000010	0.000010	0.000018	0.000010	0.000010	0.000010	0.000011	0.000010	0.000010	0.000010	0.000010	0.000010	0.000010	0.999861	LD_0.9_14_1432
NIC1124	0.000010	0.000011	0.000010	0.000010	0.000010	0.000010	0.000010	0.999868	0.000010	0.000010	0.000010	0.000010	0.000010	0.000010	LD_0.9_14_1432
NIC1135	0.000010	0.000010	0.000010	0.000010	0.000010	0.000010	0.000010	0.999870	0.000010	0.000010	0.000010	0.000010	0.000010	0.000010	LD_0.9_14_1432
NIC1138	0.000010	0.000010	0.000010	0.000010	0.000010	0.000010	0.000010	0.999870	0.000010	0.000010	0.000010	0.000010	0.000010	0.000010	LD_0.9_14_1432
NIC1141	0.000010	0.000010	0.000011	0.000010	0.000010	0.000010	0.000010	0.999869	0.000010	0.000010	0.000010	0.000010	0.000010	0.000010	LD_0.9_14_1432
NIC115	0.000010	0.000010	0.000010	0.000010	0.999870	0.000010	0.000010	0.000010	0.000010	0.000010	0.000010	0.000010	0.000010	0.000010	LD_0.9_14_1432
NIC117	0.000010	0.000011	0.000010	0.000010	0.999869	0.000010	0.000010	0.000010	0.000010	0.000010	0.000010	0.000010	0.000010	0.000010	LD_0.9_14_1432
NIC1183	0.000010	0.000010	0.000010	0.000010	0.000010	0.000010	0.000010	0.999870	0.000010	0.000010	0.000010	0.000010	0.000010	0.000010	LD_0.9_14_1432
NIC119	0.000010	0.000010	0.000010	0.000010	0.999870	0.000010	0.000010	0.000010	0.000010	0.000010	0.000010	0.000010	0.000010	0.000010	LD_0.9_14_1432
NIC1190	0.000010	0.000012	0.000010	0.000010	0.000010	0.000010	0.000010	0.999865	0.000010	0.000010	0.000013	0.000011	0.000010	0.000010	LD_0.9_14_1432
NIC1202	0.000010	0.000010	0.000010	0.000010	0.022079	0.000010	0.000010	0.015549	0.000010	0.000010	0.821668	0.000010	0.000010	0.140604	LD_0.9_14_1432
NIC1204	0.000011	0.000010	0.000010	0.000011	0.036231	0.000010	0.000011	0.012688	0.000010	0.000010	0.752984	0.000010	0.000010	0.197994	LD_0.9_14_1432
NIC1205	0.999869	0.000010	0.000010	0.000010	0.000011	0.000010	0.000010	0.000010	0.000010	0.000010	0.000010	0.000010	0.000010	0.000010	LD_0.9_14_1432
NIC1218	0.000010	0.000010	0.000010	0.000010	0.000010	0.000010	0.000010	0.000010	0.000010	0.000010	0.999870	0.000010	0.000010	0.000010	LD_0.9_14_1432
NIC1220	0.999859	0.000010	0.000010	0.000010	0.000011	0.000010	0.000010	0.000010	0.000010	0.000011	0.000014	0.000010	0.000015	0.000010	LD_0.9_14_1432
NIC1221	0.000010	0.000010	0.000010	0.000010	0.000010	0.000010	0.000010	0.000351	0.000010	0.000010	0.776692	0.000010	0.000010	0.222847	LD_0.9_14_1432
NIC123	0.000010	0.000011	0.000010	0.000010	0.999865	0.000010	0.000010	0.000010	0.000010	0.000014	0.000010	0.000010	0.000010	0.000010	LD_0.9_14_1432
NIC1267	0.000010	0.000011	0.000010	0.000011	0.423950	0.000010	0.000010	0.575926	0.000010	0.000010	0.000012	0.000010	0.000010	0.000010	LD_0.9_14_1432
NIC1283	0.000010	0.000010	0.000010	0.000013	0.000010	0.000010	0.000013	0.999864	0.000010	0.000010	0.000010	0.000010	0.000010	0.000010	LD_0.9_14_1432
NIC1288	0.000010	0.000010	0.152540	0.000010	0.000010	0.000012	0.000014	0.730329	0.000012	0.000010	0.000019	0.000010	0.000010	0.117003	LD_0.9_14_1432
NIC1292	0.000010	0.000010	0.000010	0.000010	0.000010	0.000010	0.000010	0.999870	0.000010	0.000010	0.000010	0.000010	0.000010	0.000010	LD_0.9_14_1432
NIC1302	0.000010	0.000010	0.000010	0.000010	0.000010	0.000010	0.000010	0.999870	0.000010	0.000010	0.000010	0.000010	0.000010	0.000010	LD_0.9_14_1432
NIC1304	0.000010	0.000010	0.000010	0.000010	0.000010	0.000010	0.000010	0.999870	0.000010	0.000010	0.000010	0.000010	0.000010	0.000010	LD_0.9_14_1432
NIC1308	0.000010	0.000010	0.000010	0.000010	0.450575	0.000010	0.000010	0.000010	0.000010	0.000010	0.000010	0.000010	0.000010	0.549305	LD_0.9_14_1432
NIC1407	0.000010	0.000010	0.000010	0.000010	0.000010	0.000010	0.000010	0.999870	0.000010	0.000010	0.000010	0.000010	0.000010	0.000010	LD_0.9_14_1432
NIC1421	0.000010	0.000010	0.121201	0.000010	0.293830	0.000010	0.000010	0.584859	0.000010	0.000010	0.000010	0.000010	0.000010	0.000010	LD_0.9_14_1432
NIC1423	0.000010	0.000010	0.178384	0.000010	0.000010	0.000010	0.000010	0.821496	0.000010	0.000010	0.000010	0.000010	0.000010	0.000010	LD_0.9_14_1432
NIC1442	0.000010	0.000010	0.000010	0.000010	0.000010	0.000010	0.000010	0.999870	0.000010	0.000010	0.000010	0.000010	0.000010	0.000010	LD_0.9_14_1432
NIC1491	0.000010	0.000010	0.000010	0.000010	0.000010	0.000010	0.000010	0.999870	0.000010	0.000010	0.000010	0.000010	0.000010	0.000010	LD_0.9_14_1432
NIC1525	0.000010	0.000010	0.000010	0.000010	0.999870	0.000010	0.000010	0.000010	0.000010	0.000010	0.000010	0.000010	0.000010	0.000010	LD_0.9_14_1432
NIC1528	0.000010	0.000010	0.000010	0.000010	0.999870	0.000010	0.000010	0.000010	0.000010	0.000010	0.000010	0.000010	0.000010	0.000010	LD_0.9_14_1432
NIC1529	0.000012	0.000010	0.000010	0.000010	0.999868	0.000010	0.000010	0.000010	0.000010	0.000010	0.000010	0.000010	0.000010	0.000010	LD_0.9_14_1432
NIC1533	0.000010	0.000010	0.000010	0.000010	0.960937	0.000010	0.000010	0.000010	0.000010	0.000010	0.038943	0.000010	0.000010	0.000010	LD_0.9_14_1432
NIC1535	0.000010	0.000010	0.000010	0.000010	0.966355	0.000010	0.000010	0.033525	0.000010	0.000010	0.000010	0.000010	0.000010	0.000010	LD_0.9_14_1432
NIC1539	0.999863	0.000010	0.000010	0.000010	0.000010	0.000010	0.000012	0.000011	0.000010	0.000011	0.000012	0.000011	0.000010	0.000010	LD_0.9_14_1432
NIC1540	0.000010	0.000010	0.000010	0.000011	0.000010	0.999869	0.000010	0.000010	0.000010	0.000010	0.000010	0.000010	0.000010	0.000010	LD_0.9_14_1432
NIC1562	0.999861	0.000010	0.000010	0.000010	0.000011	0.000010	0.000010	0.000010	0.000018	0.000010	0.000010	0.000010	0.000010	0.000010	LD_0.9_14_1432
NIC1589	0.000010	0.000010	0.000012	0.000010	0.000010	0.999851	0.000018	0.000014	0.000010	0.000010	0.000014	0.000010	0.000010	0.000010	LD_0.9_14_1432
NIC1590	0.999865	0.000014	0.000010	0.000010	0.000010	0.000011	0.000010	0.000011	0.000010	0.000010	0.000010	0.000010	0.000010	0.000010	LD_0.9_14_1432
NIC1591	0.000010	0.000018	0.000013	0.000010	0.000010	0.999857	0.000010	0.000012	0.000010	0.000010	0.000010	0.000010	0.000010	0.000010	LD_0.9_14_1432
NIC1593	0.000010	0.000010	0.000015	0.000010	0.000010	0.999861	0.000010	0.000014	0.000010	0.000010	0.000010	0.000010	0.000010	0.000010	LD_0.9_14_1432
NIC1595	0.999858	0.000011	0.000010	0.000010	0.000017	0.000014	0.000010	0.000010	0.000010	0.000010	0.000010	0.000010	0.000010	0.000010	LD_0.9_14_1432
NIC1598	0.987466	0.000010	0.000010	0.000010	0.000010	0.000010	0.000010	0.000010	0.000010	0.000010	0.012414	0.000010	0.000010	0.000010	LD_0.9_14_1432
NIC1602	0.999869	0.000010	0.000010	0.000010	0.000010	0.000010	0.000011	0.000010	0.000010	0.000010	0.000010	0.000010	0.000010	0.000010	LD_0.9_14_1432
NIC1607	0.000010	0.000010	0.000010	0.999870	0.000010	0.000010	0.000010	0.000010	0.000010	0.000010	0.000010	0.000010	0.000010	0.000010	LD_0.9_14_1432
NIC1628	0.000010	0.000010	0.000010	0.000010	0.000010	0.000010	0.000010	0.000010	0.000010	0.000010	0.999868	0.000012	0.000010	0.000010	LD_0.9_14_1432
NIC1630	0.999866	0.000010	0.000010	0.000010	0.000010	0.000012	0.000010	0.000011	0.000011	0.000010	0.000010	0.000010	0.000010	0.000010	LD_0.9_14_1432
NIC1631	0.999867	0.000010	0.000010	0.000010	0.000010	0.000010	0.000010	0.000012	0.000010	0.000010	0.000011	0.000010	0.000010	0.000010	LD_0.9_14_1432
NIC1632	0.000010	0.999867	0.000010	0.000010	0.000010	0.000010	0.000013	0.000010	0.000010	0.000010	0.000010	0.000010	0.000010	0.000010	LD_0.9_14_1432
NIC1633	0.000010	0.999868	0.000010	0.000010	0.000010	0.000010	0.000011	0.000010	0.000011	0.000010	0.000010	0.000010	0.000010	0.000010	LD_0.9_14_1432
NIC1635	0.000010	0.999866	0.000010	0.000010	0.000010	0.000011	0.000011	0.000010	0.000011	0.000010	0.000010	0.000010	0.000010	0.000010	LD_0.9_14_1432
NIC1645	0.999870	0.000010	0.000010	0.000010	0.000010	0.000010	0.000010	0.000010	0.000010	0.000010	0.000010	0.000010	0.000010	0.000010	LD_0.9_14_1432
NIC1660	0.999867	0.000010	0.000010	0.000010	0.000010	0.000010	0.000010	0.000013	0.000010	0.000010	0.000010	0.000010	0.000010	0.000010	LD_0.9_14_1432
NIC1661	0.999860	0.000010	0.000010	0.000010	0.000013	0.000014	0.000010	0.000010	0.000010	0.000010	0.000013	0.000010	0.000010	0.000010	LD_0.9_14_1432
NIC1662	0.999864	0.000010	0.000010	0.000010	0.000010	0.000010	0.000010	0.000010	0.000010	0.000010	0.000016	0.000010	0.000010	0.000010	LD_0.9_14_1432
NIC1663	0.999862	0.000010	0.000010	0.000010	0.000010	0.000015	0.000010	0.000010	0.000010	0.000010	0.000013	0.000010	0.000010	0.000010	LD_0.9_14_1432
NIC1664	0.000010	0.000010	0.000010	0.000010	0.000010	0.999855	0.000010	0.000017	0.000010	0.000010	0.000017	0.000010	0.000010	0.000010	LD_0.9_14_1432
NIC1665	0.000010	0.000013	0.000010	0.000010	0.000010	0.999857	0.000010	0.000010	0.000010	0.000010	0.000019	0.000010	0.000010	0.000010	LD_0.9_14_1432
NIC1666	0.999859	0.000010	0.000010	0.000010	0.000010	0.000011	0.000017	0.000010	0.000012	0.000010	0.000012	0.000010	0.000010	0.000010	LD_0.9_14_1432
NIC1667	0.999860	0.000010	0.000010	0.000010	0.000017	0.000010	0.000010	0.000010	0.000010	0.000012	0.000011	0.000010	0.000010	0.000010	LD_0.9_14_1432
NIC1681	0.999863	0.000011	0.000011	0.000010	0.000012	0.000011	0.000010	0.000011	0.000010	0.000010	0.000010	0.000010	0.000012	0.000010	LD_0.9_14_1432
NIC1688	0.000010	0.000010	0.000010	0.000010	0.000010	0.000010	0.000010	0.000010	0.000010	0.000010	0.999870	0.000010	0.000010	0.000010	LD_0.9_14_1432
NIC1692	0.999870	0.000010	0.000010	0.000010	0.000010	0.000010	0.000010	0.000010	0.000010	0.000010	0.000010	0.000010	0.000010	0.000010	LD_0.9_14_1432
NIC1693	0.999862	0.000010	0.000010	0.000010	0.000016	0.000010	0.000011	0.000010	0.000010	0.000010	0.000010	0.000010	0.000011	0.000010	LD_0.9_14_1432
NIC17	0.000010	0.000010	0.000010	0.000010	0.999870	0.000010	0.000010	0.000010	0.000010	0.000010	0.000010	0.000010	0.000010	0.000010	LD_0.9_14_1432
NIC174	0.000010	0.999867	0.000010	0.000010	0.000010	0.000010	0.000010	0.000010	0.000010	0.000010	0.000010	0.000010	0.000013	0.000010	LD_0.9_14_1432
NIC187	0.000010	0.000010	0.000010	0.000010	0.624515	0.000010	0.000010	0.375365	0.000010	0.000010	0.000010	0.000010	0.000010	0.000010	LD_0.9_14_1432
NIC188	0.000010	0.000016	0.000010	0.000010	0.869153	0.000010	0.000010	0.130720	0.000010	0.000010	0.000010	0.000011	0.000010	0.000010	LD_0.9_14_1432
NIC19	0.000010	0.000010	0.000010	0.000010	0.000010	0.999870	0.000010	0.000010	0.000010	0.000010	0.000010	0.000010	0.000010	0.000010	LD_0.9_14_1432
NIC191	0.000010	0.000010	0.000010	0.000010	0.999870	0.000010	0.000010	0.000010	0.000010	0.000010	0.000010	0.000010	0.000010	0.000010	LD_0.9_14_1432
NIC20	0.000010	0.000010	0.000010	0.000010	0.000010	0.999870	0.000010	0.000010	0.000010	0.000010	0.000010	0.000010	0.000010	0.000010	LD_0.9_14_1432
NIC21	0.000017	0.000010	0.000010	0.000010	0.000010	0.999862	0.000010	0.000010	0.000010	0.000011	0.000010	0.000010	0.000010	0.000010	LD_0.9_14_1432
NIC22	0.000010	0.000010	0.000010	0.000010	0.000010	0.999864	0.000010	0.000010	0.000010	0.000010	0.000016	0.000010	0.000010	0.000010	LD_0.9_14_1432
NIC2369	0.000010	0.000010	0.000014	0.000010	0.000010	0.000010	0.000010	0.000010	0.000010	0.000010	0.000010	0.000010	0.000010	0.999866	LD_0.9_14_1432
NIC248	0.000010	0.000010	0.000010	0.000010	0.997628	0.000010	0.000010	0.002252	0.000010	0.000010	0.000010	0.000010	0.000010	0.000010	LD_0.9_14_1432
NIC250	0.000010	0.000010	0.000010	0.000010	0.999864	0.000011	0.000010	0.000010	0.000010	0.000010	0.000015	0.000010	0.000010	0.000010	LD_0.9_14_1432
NIC2527	0.000010	0.000010	0.000010	0.000010	0.000010	0.000010	0.000010	0.000010	0.000010	0.000010	0.999870	0.000010	0.000010	0.000010	LD_0.9_14_1432
NIC309	0.000010	0.000010	0.000010	0.000010	0.000010	0.000010	0.000010	0.999870	0.000010	0.000010	0.000010	0.000010	0.000010	0.000010	LD_0.9_14_1432
NIC325	0.000010	0.000010	0.000010	0.000010	0.000010	0.000010	0.000010	0.999870	0.000010	0.000010	0.000010	0.000010	0.000010	0.000010	LD_0.9_14_1432
NIC327	0.000010	0.000010	0.083036	0.000010	0.000010	0.000010	0.000010	0.916844	0.000010	0.000010	0.000010	0.000010	0.000010	0.000010	LD_0.9_14_1432
NIC329	0.000010	0.000010	0.000010	0.000010	0.104469	0.000010	0.000010	0.895411	0.000010	0.000010	0.000010	0.000010	0.000010	0.000010	LD_0.9_14_1432
NIC330	0.000010	0.000010	0.000010	0.000010	0.071769	0.000010	0.000010	0.928111	0.000010	0.000010	0.000010	0.000010	0.000010	0.000010	LD_0.9_14_1432
NIC331	0.000010	0.000010	0.119289	0.000010	0.201678	0.000010	0.000010	0.678924	0.000010	0.000010	0.000010	0.000010	0.000010	0.000010	LD_0.9_14_1432
NIC332	0.000010	0.000010	0.126129	0.000010	0.000010	0.000010	0.000011	0.873744	0.000011	0.000014	0.000010	0.000010	0.000010	0.000010	LD_0.9_14_1432
NIC333	0.000010	0.000010	0.000010	0.000010	0.000010	0.000010	0.000010	0.999870	0.000010	0.000010	0.000010	0.000010	0.000010	0.000010	LD_0.9_14_1432
NIC343	0.000010	0.000010	0.000010	0.000010	0.000019	0.000010	0.000010	0.000010	0.000010	0.000010	0.975367	0.000010	0.000010	0.024504	LD_0.9_14_1432
NIC392	0.000010	0.000010	0.000010	0.000010	0.164083	0.000010	0.000010	0.678668	0.000010	0.000010	0.157139	0.000010	0.000010	0.000010	LD_0.9_14_1432
NIC400	0.000010	0.000010	0.108671	0.000010	0.000010	0.000010	0.000010	0.891209	0.000010	0.000010	0.000010	0.000010	0.000010	0.000010	LD_0.9_14_1432
NIC402	0.000010	0.000010	0.089835	0.000010	0.037749	0.000010	0.000010	0.872306	0.000010	0.000010	0.000010	0.000010	0.000010	0.000010	LD_0.9_14_1432
NIC419	0.000010	0.000010	0.000010	0.000010	0.000010	0.000010	0.000010	0.000010	0.000010	0.000010	0.000010	0.000010	0.000010	0.999870	LD_0.9_14_1432
NIC504	0.999870	0.000010	0.000010	0.000010	0.000010	0.000010	0.000010	0.000010	0.000010	0.000010	0.000010	0.000010	0.000010	0.000010	LD_0.9_14_1432
NIC505	0.999862	0.000013	0.000010	0.000010	0.000015	0.000010	0.000010	0.000010	0.000010	0.000010	0.000010	0.000010	0.000010	0.000010	LD_0.9_14_1432
NIC518	0.999858	0.000010	0.000010	0.000010	0.000010	0.000010	0.000013	0.000010	0.000014	0.000010	0.000010	0.000010	0.000015	0.000010	LD_0.9_14_1432
NIC519	0.999866	0.000010	0.000010	0.000010	0.000010	0.000014	0.000010	0.000010	0.000010	0.000010	0.000010	0.000010	0.000010	0.000010	LD_0.9_14_1432
NIC532	0.000010	0.000010	0.000010	0.000010	0.999870	0.000010	0.000010	0.000010	0.000010	0.000010	0.000010	0.000010	0.000010	0.000010	LD_0.9_14_1432
NIC541	0.000010	0.000010	0.066297	0.000010	0.203106	0.000010	0.000010	0.417166	0.000011	0.000010	0.000010	0.000010	0.313330	0.000010	LD_0.9_14_1432
NIC549	0.000012	0.000010	0.000012	0.000010	0.999864	0.000010	0.000010	0.000010	0.000010	0.000012	0.000010	0.000010	0.000010	0.000010	LD_0.9_14_1432
NIC552	0.000010	0.000010	0.000010	0.000010	0.999870	0.000010	0.000010	0.000010	0.000010	0.000010	0.000010	0.000010	0.000010	0.000010	LD_0.9_14_1432
NIC555	0.000010	0.000010	0.110854	0.000010	0.765824	0.000010	0.000010	0.123209	0.000010	0.000013	0.000010	0.000010	0.000010	0.000010	LD_0.9_14_1432
NIC561	0.000010	0.000010	0.000010	0.000010	0.999870	0.000010	0.000010	0.000010	0.000010	0.000010	0.000010	0.000010	0.000010	0.000010	LD_0.9_14_1432
NIC574	0.000010	0.000011	0.000010	0.000010	0.999869	0.000010	0.000010	0.000010	0.000010	0.000011	0.000010	0.000010	0.000010	0.000010	LD_0.9_14_1432
NIC578	0.000010	0.000013	0.000019	0.000010	0.618387	0.000010	0.000010	0.381476	0.000012	0.000010	0.000012	0.000011	0.000010	0.000010	LD_0.9_14_1432
NIC583	0.000010	0.000010	0.000010	0.000010	0.560379	0.000010	0.000010	0.439497	0.000011	0.000013	0.000010	0.000010	0.000010	0.000010	LD_0.9_14_1432
NIC590	0.000010	0.000010	0.000010	0.000011	0.357550	0.000010	0.000012	0.529118	0.000010	0.000010	0.000010	0.000010	0.113220	0.000010	LD_0.9_14_1432
NIC593	0.000010	0.000010	0.000010	0.000010	0.999870	0.000010	0.000010	0.000010	0.000010	0.000010	0.000010	0.000010	0.000010	0.000010	LD_0.9_14_1432
NIC60	0.000010	0.000012	0.000010	0.000010	0.000010	0.000011	0.000010	0.999858	0.000012	0.000016	0.000010	0.000010	0.000010	0.000010	LD_0.9_14_1432
NIC61	0.000010	0.000010	0.000010	0.000010	0.999865	0.000010	0.000010	0.000010	0.000010	0.000014	0.000010	0.000010	0.000010	0.000010	LD_0.9_14_1432
NIC62	0.000010	0.000010	0.000010	0.000010	0.498389	0.000010	0.000010	0.501485	0.000010	0.000016	0.000010	0.000010	0.000010	0.000010	LD_0.9_14_1432
NIC67	0.000010	0.000010	0.000010	0.000010	0.000010	0.000010	0.000010	0.000010	0.000010	0.000010	0.000010	0.000010	0.000010	0.999870	LD_0.9_14_1432
NIC758	0.000010	0.000010	0.000010	0.000010	0.502638	0.000010	0.000010	0.378472	0.000010	0.000010	0.000010	0.000010	0.118780	0.000010	LD_0.9_14_1432
NIC777	0.000014	0.000011	0.080486	0.000010	0.447961	0.000010	0.000011	0.471430	0.000010	0.000010	0.000010	0.000010	0.000016	0.000010	LD_0.9_14_1432
NIC779	0.999870	0.000010	0.000010	0.000010	0.000010	0.000010	0.000010	0.000010	0.000010	0.000010	0.000010	0.000010	0.000010	0.000010	LD_0.9_14_1432
NIC790	0.000010	0.000010	0.000010	0.000010	0.000010	0.000010	0.000010	0.000019	0.000010	0.000012	0.999860	0.000010	0.000010	0.000010	LD_0.9_14_1432
NIC791	0.000010	0.000010	0.000010	0.000010	0.000014	0.000010	0.000010	0.000010	0.000010	0.000010	0.081763	0.000010	0.918113	0.000010	LD_0.9_14_1432
NIC792	0.000010	0.000010	0.000010	0.000010	0.000010	0.000010	0.000010	0.000010	0.000010	0.000010	0.694842	0.000010	0.305038	0.000010	LD_0.9_14_1432
NIC793	0.000010	0.000010	0.000010	0.000010	0.000010	0.000010	0.000010	0.000010	0.000010	0.000010	0.999870	0.000010	0.000010	0.000010	LD_0.9_14_1432
NIC795	0.000010	0.000010	0.000010	0.000010	0.000010	0.000010	0.000010	0.000010	0.000010	0.000011	0.999869	0.000010	0.000010	0.000010	LD_0.9_14_1432
NIC796	0.000010	0.000010	0.000013	0.000011	0.000012	0.007548	0.000010	0.000010	0.000010	0.000010	0.992326	0.000010	0.000010	0.000010	LD_0.9_14_1432
NIC802	0.000010	0.000010	0.000010	0.000010	0.000015	0.000012	0.000010	0.000017	0.000010	0.000010	0.999856	0.000010	0.000010	0.000010	LD_0.9_14_1432
NIC803	0.000010	0.000010	0.000010	0.000010	0.000010	0.000010	0.000010	0.089235	0.000010	0.000010	0.910645	0.000010	0.000010	0.000010	LD_0.9_14_1432
NIC805	0.999867	0.000010	0.000012	0.000010	0.000011	0.000010	0.000010	0.000010	0.000010	0.000010	0.000010	0.000010	0.000010	0.000010	LD_0.9_14_1432
NIC811	0.000010	0.000010	0.000010	0.000010	0.000010	0.000010	0.000010	0.000010	0.000010	0.000010	0.987133	0.000010	0.010635	0.002122	LD_0.9_14_1432
NIC814	0.999870	0.000010	0.000010	0.000010	0.000010	0.000010	0.000010	0.000010	0.000010	0.000010	0.000010	0.000010	0.000010	0.000010	LD_0.9_14_1432
NIC815	0.999858	0.000011	0.000010	0.000010	0.000010	0.000011	0.000010	0.000010	0.000010	0.000010	0.000013	0.000010	0.000018	0.000010	LD_0.9_14_1432
NIC816	0.000010	0.000010	0.000017	0.000018	0.000017	0.999844	0.000010	0.000010	0.000010	0.000010	0.000014	0.000010	0.000010	0.000010	LD_0.9_14_1432
NIC819	0.000010	0.000010	0.000010	0.999869	0.000010	0.000010	0.000010	0.000010	0.000010	0.000010	0.000011	0.000010	0.000010	0.000010	LD_0.9_14_1432
NIC821	0.000011	0.000012	0.000010	0.000010	0.000010	0.000012	0.000010	0.112688	0.000010	0.000010	0.887188	0.000010	0.000010	0.000010	LD_0.9_14_1432
NIC822	0.999870	0.000010	0.000010	0.000010	0.000010	0.000010	0.000010	0.000010	0.000010	0.000010	0.000010	0.000010	0.000010	0.000010	LD_0.9_14_1432
NIC824	0.999866	0.000010	0.000010	0.000010	0.000014	0.000010	0.000010	0.000010	0.000010	0.000010	0.000010	0.000010	0.000010	0.000010	LD_0.9_14_1432
NIC825	0.000010	0.000010	0.000010	0.000012	0.000010	0.999865	0.000013	0.000010	0.000010	0.000010	0.000010	0.000010	0.000010	0.000010	LD_0.9_14_1432
NIC827	0.000010	0.000010	0.000010	0.000010	0.000010	0.999870	0.000010	0.000010	0.000010	0.000010	0.000010	0.000010	0.000010	0.000010	LD_0.9_14_1432
NIC828	0.000010	0.000010	0.000010	0.000010	0.000010	0.999863	0.000010	0.000010	0.000010	0.000010	0.000017	0.000010	0.000010	0.000010	LD_0.9_14_1432
NIC863	0.999870	0.000010	0.000010	0.000010	0.000010	0.000010	0.000010	0.000010	0.000010	0.000010	0.000010	0.000010	0.000010	0.000010	LD_0.9_14_1432
NIC864	0.999866	0.000010	0.000010	0.000010	0.000011	0.000010	0.000010	0.000010	0.000010	0.000013	0.000010	0.000010	0.000010	0.000010	LD_0.9_14_1432
NIC865	0.999864	0.000010	0.000010	0.000010	0.000012	0.000010	0.000010	0.000010	0.000010	0.000010	0.000010	0.000010	0.000014	0.000010	LD_0.9_14_1432
NIC871	0.000010	0.000010	0.000010	0.000010	0.000010	0.000010	0.000010	0.000013	0.000010	0.000010	0.999867	0.000010	0.000010	0.000010	LD_0.9_14_1432
NIC883	0.000010	0.000010	0.000010	0.000010	0.000010	0.000010	0.000010	0.000010	0.000010	0.000010	0.999870	0.000010	0.000010	0.000010	LD_0.9_14_1432
NIC889	0.999859	0.000014	0.000010	0.000013	0.000011	0.000010	0.000010	0.000010	0.000010	0.000010	0.000012	0.000010	0.000010	0.000010	LD_0.9_14_1432
NIC893	0.000010	0.000010	0.000010	0.000010	0.000010	0.000010	0.000010	0.000010	0.000010	0.999870	0.000010	0.000010	0.000010	0.000010	LD_0.9_14_1432
NIC897	0.999867	0.000010	0.000011	0.000010	0.000010	0.000012	0.000010	0.000010	0.000010	0.000010	0.000010	0.000010	0.000011	0.000010	LD_0.9_14_1432
NIC899	0.000010	0.999870	0.000010	0.000010	0.000010	0.000010	0.000010	0.000010	0.000010	0.000010	0.000010	0.000010	0.000010	0.000010	LD_0.9_14_1432
NIC901	0.000010	0.000011	0.000014	0.000010	0.900652	0.000012	0.000010	0.000010	0.000010	0.000010	0.099220	0.000010	0.000010	0.000010	LD_0.9_14_1432
NIC911	0.000010	0.000010	0.000010	0.000010	0.639741	0.000010	0.000010	0.020679	0.000010	0.000010	0.339470	0.000010	0.000010	0.000010	LD_0.9_14_1432
NIC96	0.000010	0.000010	0.000010	0.000010	0.000010	0.000010	0.000010	0.999870	0.000010	0.000010	0.000010	0.000010	0.000010	0.000010	LD_0.9_14_1432
NIC984	0.000010	0.000011	0.000010	0.000010	0.498570	0.000010	0.000011	0.009353	0.000010	0.000010	0.491965	0.000010	0.000010	0.000010	LD_0.9_14_1432
NIC985	0.000010	0.000010	0.000010	0.000010	0.493513	0.000010	0.000011	0.000010	0.000010	0.000010	0.339914	0.000010	0.000010	0.166461	LD_0.9_14_1432
PB800	0.000012	0.999866	0.000010	0.000010	0.000011	0.000010	0.000011	0.000010	0.000010	0.000010	0.000010	0.000011	0.000010	0.000010	LD_0.9_14_1432
PB857	0.000010	0.999864	0.000010	0.000010	0.000010	0.000012	0.000010	0.000010	0.000012	0.000010	0.000010	0.000012	0.000010	0.000010	LD_0.9_14_1432
PE887	0.000010	0.000010	0.000019	0.000010	0.599696	0.000010	0.000010	0.000010	0.000010	0.000010	0.400175	0.000010	0.000010	0.000010	LD_0.9_14_1432
QG1005	0.000010	0.000010	0.891273	0.000010	0.000010	0.000010	0.000010	0.108605	0.000011	0.000010	0.000010	0.000010	0.000010	0.000010	LD_0.9_14_1432
QG1007	0.000010	0.000010	0.999868	0.000010	0.000010	0.000010	0.000010	0.000012	0.000010	0.000010	0.000011	0.000010	0.000010	0.000010	LD_0.9_14_1432
QG1111	0.000010	0.000010	0.999869	0.000011	0.000010	0.000010	0.000010	0.000010	0.000010	0.000010	0.000010	0.000010	0.000010	0.000010	LD_0.9_14_1432
QG1126	0.000010	0.000010	0.999868	0.000010	0.000010	0.000010	0.000010	0.000012	0.000010	0.000010	0.000011	0.000010	0.000010	0.000010	LD_0.9_14_1432
QG1141	0.000010	0.000010	0.999870	0.000010	0.000010	0.000010	0.000010	0.000010	0.000010	0.000010	0.000010	0.000010	0.000010	0.000010	LD_0.9_14_1432
QG1155	0.000010	0.000010	0.997308	0.000010	0.000010	0.000010	0.000010	0.000010	0.000010	0.000010	0.002572	0.000010	0.000010	0.000010	LD_0.9_14_1432
QG130	0.000010	0.000010	0.000010	0.000010	0.015255	0.000010	0.000010	0.000016	0.000010	0.000010	0.984617	0.000012	0.000010	0.000010	LD_0.9_14_1432
QG132	0.000010	0.000010	0.000010	0.000010	0.058718	0.000010	0.000010	0.043712	0.000010	0.000010	0.897457	0.000010	0.000013	0.000010	LD_0.9_14_1432
QG133	0.976938	0.000011	0.000010	0.000012	0.000017	0.000010	0.000012	0.000010	0.000010	0.000010	0.022930	0.000010	0.000010	0.000010	LD_0.9_14_1432
QG2641	0.000010	0.000010	0.999867	0.000010	0.000012	0.000011	0.000010	0.000010	0.000010	0.000010	0.000010	0.000010	0.000010	0.000010	LD_0.9_14_1432
QG2648	0.000010	0.000010	0.999868	0.000010	0.000010	0.000010	0.000010	0.000010	0.000010	0.000011	0.000011	0.000010	0.000010	0.000010	LD_0.9_14_1432
QG2659	0.000010	0.000010	0.999867	0.000010	0.000010	0.000010	0.000010	0.000013	0.000010	0.000010	0.000010	0.000010	0.000010	0.000010	LD_0.9_14_1432
QG2663	0.000010	0.000010	0.999863	0.000010	0.000010	0.000010	0.000010	0.000010	0.000010	0.000014	0.000012	0.000010	0.000010	0.000010	LD_0.9_14_1432
QG2665	0.000011	0.000010	0.999865	0.000010	0.000014	0.000010	0.000010	0.000010	0.000010	0.000010	0.000010	0.000010	0.000010	0.000010	LD_0.9_14_1432
QG2683	0.000010	0.000010	0.999870	0.000010	0.000010	0.000010	0.000010	0.000010	0.000010	0.000010	0.000010	0.000010	0.000010	0.000010	LD_0.9_14_1432
QG2736	0.000011	0.000010	0.999862	0.000010	0.000013	0.000010	0.000010	0.000014	0.000010	0.000010	0.000010	0.000010	0.000010	0.000010	LD_0.9_14_1432
QG2814	0.000012	0.000010	0.000010	0.000010	0.000010	0.000010	0.000012	0.000010	0.000011	0.000010	0.999865	0.000010	0.000010	0.000010	LD_0.9_14_1432
QG2820	0.000010	0.000010	0.012047	0.000010	0.000010	0.000010	0.000011	0.000010	0.000010	0.000012	0.987830	0.000010	0.000010	0.000010	LD_0.9_14_1432
QG2848	0.000010	0.000011	0.000010	0.000010	0.000010	0.000010	0.000010	0.000010	0.000011	0.000010	0.999868	0.000010	0.000010	0.000010	LD_0.9_14_1432
QG2849	0.000010	0.000011	0.000010	0.000010	0.000010	0.000012	0.000010	0.000010	0.000010	0.000010	0.999866	0.000010	0.000010	0.000010	LD_0.9_14_1432
QG2880	0.000010	0.000010	0.000010	0.000010	0.000010	0.000010	0.000010	0.000010	0.000010	0.000010	0.000010	0.000010	0.999870	0.000010	LD_0.9_14_1432
QG2881	0.000010	0.000010	0.000010	0.000010	0.000010	0.000010	0.000010	0.000010	0.000010	0.000013	0.999867	0.000010	0.000010	0.000010	LD_0.9_14_1432
QG2883	0.000010	0.000010	0.000010	0.000010	0.000010	0.000010	0.000010	0.000010	0.000010	0.000011	0.999869	0.000010	0.000010	0.000010	LD_0.9_14_1432
QG2884	0.000010	0.000010	0.000010	0.000010	0.000010	0.000010	0.000010	0.000010	0.000010	0.000010	0.000010	0.000010	0.999870	0.000010	LD_0.9_14_1432
QG2891	0.000010	0.000010	0.000010	0.000010	0.000010	0.000010	0.000010	0.000010	0.999868	0.000010	0.000010	0.000012	0.000010	0.000010	LD_0.9_14_1432
QG2892	0.000010	0.000010	0.000010	0.000010	0.000010	0.000010	0.000010	0.000010	0.000011	0.000010	0.000010	0.000010	0.999869	0.000010	LD_0.9_14_1432
QG2893	0.000010	0.000010	0.000010	0.000010	0.000010	0.000010	0.999870	0.000010	0.000010	0.000010	0.000010	0.000010	0.000010	0.000010	LD_0.9_14_1432
QG2895	0.000010	0.000010	0.000010	0.000010	0.000010	0.000010	0.000010	0.000010	0.000010	0.000010	0.000010	0.000010	0.999870	0.000010	LD_0.9_14_1432
QG2902	0.000010	0.000010	0.000010	0.000010	0.000010	0.000010	0.000010	0.000010	0.000010	0.000010	0.000010	0.000010	0.999870	0.000010	LD_0.9_14_1432
QG2903	0.000010	0.000010	0.000010	0.000010	0.000010	0.000010	0.000010	0.000010	0.000010	0.000011	0.000010	0.000010	0.999869	0.000010	LD_0.9_14_1432
QG2906	0.000010	0.000010	0.000010	0.000010	0.000010	0.000010	0.000010	0.000010	0.000010	0.000010	0.000010	0.000010	0.999870	0.000010	LD_0.9_14_1432
QG2908	0.000010	0.000010	0.000010	0.000010	0.000010	0.000010	0.999870	0.000010	0.000010	0.000010	0.000010	0.000010	0.000010	0.000010	LD_0.9_14_1432
QG2910	0.000010	0.000010	0.000010	0.000010	0.000010	0.000010	0.000010	0.055411	0.000010	0.000014	0.944466	0.000010	0.000010	0.000010	LD_0.9_14_1432
QG2919	0.000014	0.000010	0.000014	0.000013	0.000013	0.000010	0.105550	0.000018	0.894308	0.000010	0.000010	0.000010	0.000010	0.000010	LD_0.9_14_1432
QG2923	0.000010	0.000010	0.000010	0.000010	0.000011	0.000010	0.000010	0.000010	0.000010	0.000010	0.000010	0.000010	0.999869	0.000010	LD_0.9_14_1432
QG2925	0.000010	0.000010	0.000011	0.000010	0.000010	0.000010	0.000010	0.000010	0.000010	0.000010	0.000010	0.000010	0.999869	0.000010	LD_0.9_14_1432
QG2964	0.000010	0.000010	0.999864	0.000010	0.000010	0.000010	0.000010	0.000010	0.000010	0.000016	0.000010	0.000010	0.000010	0.000010	LD_0.9_14_1432
QG2966	0.000010	0.000010	0.614926	0.000010	0.200058	0.000010	0.000012	0.048431	0.000010	0.000010	0.136484	0.000010	0.000010	0.000010	LD_0.9_14_1432
QG2969	0.000010	0.000010	0.999865	0.000010	0.000012	0.000010	0.000010	0.000013	0.000010	0.000010	0.000010	0.000010	0.000010	0.000010	LD_0.9_14_1432
QG2972	0.000010	0.000010	0.999870	0.000010	0.000010	0.000010	0.000010	0.000010	0.000010	0.000010	0.000010	0.000010	0.000010	0.000010	LD_0.9_14_1432
QG2996	0.000010	0.000010	0.999869	0.000010	0.000010	0.000010	0.000010	0.000010	0.000010	0.000010	0.000011	0.000010	0.000010	0.000010	LD_0.9_14_1432
QG3004	0.000010	0.000010	0.751897	0.000010	0.000010	0.000012	0.000010	0.177504	0.000014	0.000010	0.070483	0.000010	0.000010	0.000010	LD_0.9_14_1432
QG3006	0.000010	0.000010	0.999866	0.000010	0.000010	0.000011	0.000010	0.000010	0.000010	0.000012	0.000011	0.000010	0.000010	0.000010	LD_0.9_14_1432
QG3019	0.000010	0.000010	0.815573	0.000010	0.000010	0.000010	0.000010	0.184303	0.000010	0.000010	0.000014	0.000010	0.000010	0.000010	LD_0.9_14_1432
QG3025	0.000010	0.000010	0.999860	0.000010	0.000013	0.000010	0.000014	0.000010	0.000010	0.000010	0.000010	0.000013	0.000010	0.000010	LD_0.9_14_1432
QG3030	0.000010	0.000010	0.999870	0.000010	0.000010	0.000010	0.000010	0.000010	0.000010	0.000010	0.000010	0.000010	0.000010	0.000010	LD_0.9_14_1432
QG3032	0.000010	0.000010	0.707739	0.000010	0.000010	0.000010	0.000010	0.290488	0.000010	0.000010	0.001663	0.000010	0.000010	0.000010	LD_0.9_14_1432
QG3034	0.000010	0.000010	0.999869	0.000010	0.000010	0.000010	0.000011	0.000010	0.000010	0.000010	0.000010	0.000010	0.000010	0.000010	LD_0.9_14_1432
QG3041	0.000010	0.000010	0.999869	0.000010	0.000010	0.000010	0.000010	0.000010	0.000010	0.000010	0.000010	0.000010	0.000011	0.000010	LD_0.9_14_1432
QG3053	0.000010	0.000010	0.000010	0.000010	0.959013	0.000010	0.000010	0.000010	0.000010	0.000010	0.040867	0.000010	0.000010	0.000010	LD_0.9_14_1432
QG3056	0.000010	0.000010	0.604420	0.000011	0.181742	0.000010	0.000010	0.064696	0.000010	0.000010	0.149041	0.000010	0.000010	0.000010	LD_0.9_14_1432
QG3057	0.000015	0.000013	0.999862	0.000010	0.000010	0.000010	0.000010	0.000010	0.000010	0.000010	0.000010	0.000010	0.000010	0.000010	LD_0.9_14_1432
QG3058	0.000013	0.000010	0.903338	0.000010	0.000010	0.000010	0.000010	0.096540	0.000010	0.000010	0.000010	0.000010	0.000010	0.000010	LD_0.9_14_1432
QG3527	0.000010	0.000010	0.130044	0.000010	0.793215	0.000010	0.000010	0.076630	0.000010	0.000010	0.000010	0.000010	0.000011	0.000010	LD_0.9_14_1432
QG3661	0.000010	0.999870	0.000010	0.000010	0.000010	0.000010	0.000010	0.000010	0.000010	0.000010	0.000010	0.000010	0.000010	0.000010	LD_0.9_14_1432
QG3783	0.000010	0.000010	0.091762	0.000010	0.864926	0.000010	0.000010	0.000010	0.000010	0.000010	0.043202	0.000010	0.000010	0.000010	LD_0.9_14_1432
QG3801	0.000010	0.000010	0.885867	0.000010	0.038011	0.000010	0.000010	0.076011	0.000010	0.000010	0.000012	0.000010	0.000010	0.000010	LD_0.9_14_1432
QG3815	0.000010	0.000010	0.000010	0.000010	0.827631	0.000010	0.000010	0.172249	0.000010	0.000010	0.000010	0.000010	0.000010	0.000010	LD_0.9_14_1432
QG3816	0.000010	0.000010	0.075221	0.000010	0.924659	0.000010	0.000010	0.000010	0.000010	0.000010	0.000010	0.000010	0.000010	0.000010	LD_0.9_14_1432
QG3823	0.000010	0.000010	0.870661	0.000010	0.000010	0.000010	0.000010	0.103928	0.000010	0.000010	0.009049	0.000010	0.004256	0.012016	LD_0.9_14_1432
QG3825	0.000010	0.000010	0.000010	0.000010	0.999869	0.000010	0.000010	0.000011	0.000010	0.000010	0.000010	0.000010	0.000010	0.000010	LD_0.9_14_1432
QG3826	0.000010	0.000010	0.100631	0.000010	0.899249	0.000010	0.000010	0.000010	0.000010	0.000010	0.000010	0.000010	0.000010	0.000010	LD_0.9_14_1432
QG3837	0.000010	0.000010	0.000010	0.000010	0.999865	0.000010	0.000010	0.000015	0.000010	0.000010	0.000010	0.000010	0.000010	0.000010	LD_0.9_14_1432
QG3851	0.000010	0.000010	0.100197	0.000010	0.871719	0.000010	0.000010	0.000010	0.000010	0.000010	0.027974	0.000010	0.000010	0.000010	LD_0.9_14_1432
QG3861	0.000010	0.000010	0.037602	0.000011	0.891882	0.000010	0.000010	0.070406	0.000010	0.000010	0.000010	0.000010	0.000010	0.000010	LD_0.9_14_1432
QG3867	0.000011	0.000010	0.851050	0.000011	0.073264	0.000010	0.000010	0.075574	0.000010	0.000010	0.000010	0.000010	0.000010	0.000010	LD_0.9_14_1432
QG3874	0.000010	0.000010	0.000010	0.000010	0.999869	0.000010	0.000010	0.000010	0.000010	0.000010	0.000010	0.000010	0.000010	0.000010	LD_0.9_14_1432
QG3875	0.000010	0.000010	0.000010	0.000010	0.858309	0.000010	0.000010	0.141569	0.000010	0.000010	0.000013	0.000010	0.000010	0.000010	LD_0.9_14_1432
QG3876	0.000010	0.000010	0.089696	0.000010	0.910180	0.000010	0.000010	0.000014	0.000010	0.000010	0.000010	0.000010	0.000010	0.000010	LD_0.9_14_1432
QG3878	0.000010	0.000010	0.000010	0.000010	0.825230	0.000010	0.000010	0.174650	0.000010	0.000010	0.000010	0.000010	0.000010	0.000010	LD_0.9_14_1432
QG3920	0.000010	0.000010	0.013572	0.000010	0.599822	0.000010	0.000010	0.386496	0.000010	0.000010	0.000010	0.000010	0.000010	0.000010	LD_0.9_14_1432
QG3921	0.000010	0.000010	0.000010	0.000010	0.631421	0.000010	0.000010	0.368459	0.000010	0.000010	0.000010	0.000010	0.000010	0.000010	LD_0.9_14_1432
QG3923	0.000011	0.000010	0.000010	0.000010	0.858326	0.000010	0.000010	0.141552	0.000010	0.000010	0.000010	0.000011	0.000010	0.000010	LD_0.9_14_1432
QG3924	0.000010	0.000010	0.036610	0.000010	0.102351	0.000010	0.000010	0.613418	0.000012	0.000012	0.247518	0.000010	0.000010	0.000010	LD_0.9_14_1432
QG3925	0.000010	0.000010	0.000010	0.000010	0.569259	0.000010	0.000010	0.430621	0.000010	0.000010	0.000010	0.000010	0.000010	0.000010	LD_0.9_14_1432
QG3926	0.000010	0.000011	0.000010	0.000010	0.608224	0.000010	0.000010	0.391655	0.000010	0.000010	0.000010	0.000010	0.000010	0.000010	LD_0.9_14_1432
QG3927	0.000010	0.000010	0.000010	0.000010	0.765635	0.000010	0.000010	0.234244	0.000010	0.000011	0.000010	0.000010	0.000010	0.000010	LD_0.9_14_1432
QG3931	0.000010	0.000010	0.000010	0.000010	0.267777	0.000010	0.000010	0.676303	0.000010	0.000010	0.055810	0.000010	0.000010	0.000010	LD_0.9_14_1432
QG3932	0.000010	0.000010	0.000010	0.000010	0.575430	0.000010	0.000010	0.288180	0.000010	0.000010	0.136280	0.000010	0.000010	0.000010	LD_0.9_14_1432
QG3933	0.000010	0.000010	0.000010	0.000010	0.885067	0.000010	0.000010	0.000010	0.000010	0.000010	0.114813	0.000010	0.000010	0.000010	LD_0.9_14_1432
QG4026	0.000010	0.000010	0.000010	0.000010	0.000010	0.000010	0.000010	0.000010	0.999867	0.000010	0.000010	0.000010	0.000013	0.000010	LD_0.9_14_1432
QG4028	0.000011	0.000010	0.000012	0.000010	0.000010	0.000010	0.000010	0.000010	0.999862	0.000010	0.000010	0.000010	0.000014	0.000010	LD_0.9_14_1432
QG4031	0.000011	0.000010	0.000010	0.000010	0.000010	0.000010	0.000010	0.000012	0.999867	0.000010	0.000010	0.000010	0.000010	0.000010	LD_0.9_14_1432
QG4063	0.000010	0.000010	0.000010	0.000010	0.000010	0.000010	0.000010	0.000010	0.999868	0.000010	0.000010	0.000012	0.000010	0.000010	LD_0.9_14_1432
QG4064	0.000010	0.000010	0.000010	0.000010	0.000010	0.000010	0.000010	0.000010	0.999870	0.000010	0.000010	0.000010	0.000010	0.000010	LD_0.9_14_1432
QG4067	0.000010	0.000010	0.000010	0.000010	0.000010	0.000010	0.000010	0.000010	0.999870	0.000010	0.000010	0.000010	0.000010	0.000010	LD_0.9_14_1432
QG4068	0.000010	0.000010	0.000010	0.000010	0.000010	0.000010	0.000010	0.000010	0.999869	0.000010	0.000010	0.000011	0.000010	0.000010	LD_0.9_14_1432
QG4070	0.000010	0.000010	0.000010	0.000010	0.375383	0.000010	0.000010	0.000010	0.000010	0.000010	0.624497	0.000010	0.000010	0.000010	LD_0.9_14_1432
QG4093	0.000010	0.000010	0.000010	0.000010	0.000010	0.000010	0.999870	0.000010	0.000010	0.000010	0.000010	0.000010	0.000010	0.000010	LD_0.9_14_1432
QG4094	0.000011	0.000010	0.000010	0.000010	0.000010	0.000010	0.362773	0.000010	0.637106	0.000010	0.000010	0.000010	0.000010	0.000010	LD_0.9_14_1432
QG4095	0.000010	0.000010	0.000010	0.000010	0.000010	0.000010	0.000010	0.000010	0.999870	0.000010	0.000010	0.000010	0.000010	0.000010	LD_0.9_14_1432
QG4096	0.000010	0.000010	0.000010	0.000010	0.000010	0.000010	0.000010	0.000010	0.999870	0.000010	0.000010	0.000010	0.000010	0.000010	LD_0.9_14_1432
QG4097	0.000010	0.000010	0.000010	0.000010	0.000010	0.000010	0.000010	0.000010	0.999870	0.000010	0.000010	0.000010	0.000010	0.000010	LD_0.9_14_1432
QG4104	0.000010	0.000010	0.000010	0.000010	0.000010	0.000010	0.000015	0.000010	0.999865	0.000010	0.000010	0.000010	0.000010	0.000010	LD_0.9_14_1432
QG4114	0.000010	0.000010	0.000010	0.000010	0.000010	0.000010	0.000010	0.000010	0.999870	0.000010	0.000010	0.000010	0.000010	0.000010	LD_0.9_14_1432
QG4131	0.000010	0.000011	0.000010	0.000010	0.000012	0.000010	0.000010	0.000010	0.999867	0.000010	0.000010	0.000010	0.000010	0.000010	LD_0.9_14_1432
QG4132	0.000010	0.000010	0.000010	0.000010	0.000010	0.000010	0.000010	0.000010	0.999870	0.000010	0.000010	0.000010	0.000010	0.000010	LD_0.9_14_1432
QG4208	0.000010	0.000010	0.000018	0.000014	0.000010	0.000010	0.999856	0.000010	0.000010	0.000010	0.000010	0.000010	0.000012	0.000010	LD_0.9_14_1432
QG4214	0.000010	0.000010	0.000010	0.000010	0.000010	0.000010	0.000010	0.000010	0.999870	0.000010	0.000010	0.000010	0.000010	0.000010	LD_0.9_14_1432
QG4225	0.000010	0.000010	0.000010	0.000010	0.000010	0.000010	0.000010	0.000010	0.999870	0.000010	0.000010	0.000010	0.000010	0.000010	LD_0.9_14_1432
QG4232	0.000011	0.000010	0.000010	0.000010	0.000010	0.000010	0.643807	0.000010	0.356070	0.000010	0.000010	0.000010	0.000012	0.000010	LD_0.9_14_1432
QG4233	0.000011	0.000010	0.000017	0.000010	0.000010	0.000010	0.277312	0.000010	0.722554	0.000010	0.000010	0.000014	0.000011	0.000010	LD_0.9_14_1432
QG4647	0.000010	0.000010	0.000010	0.000010	0.000010	0.000010	0.000010	0.000010	0.000010	0.000010	0.000010	0.000010	0.999870	0.000010	LD_0.9_14_1432
QG4648	0.000010	0.000010	0.000010	0.000010	0.000010	0.000010	0.000010	0.000010	0.000010	0.000010	0.999870	0.000010	0.000010	0.000010	LD_0.9_14_1432
QG4683	0.000010	0.000010	0.000010	0.000010	0.079882	0.000010	0.000010	0.000010	0.000010	0.000010	0.919998	0.000010	0.000010	0.000010	LD_0.9_14_1432
QG4701	0.000010	0.000010	0.000010	0.000010	0.000010	0.000010	0.000010	0.000010	0.000010	0.000010	0.438655	0.000010	0.561225	0.000010	LD_0.9_14_1432
QG4706	0.000010	0.000010	0.000010	0.000010	0.000010	0.000010	0.000010	0.000010	0.000010	0.000010	0.999870	0.000010	0.000010	0.000010	LD_0.9_14_1432
QG4718	0.000010	0.000010	0.000010	0.000010	0.000010	0.000010	0.000010	0.000010	0.000010	0.000010	0.999870	0.000010	0.000010	0.000010	LD_0.9_14_1432
QG4742	0.000010	0.000010	0.000010	0.000010	0.077537	0.000010	0.000011	0.000010	0.000010	0.000010	0.901955	0.000010	0.020396	0.000010	LD_0.9_14_1432
QG4805	0.000010	0.000010	0.000010	0.000010	0.000010	0.000010	0.000010	0.000010	0.000010	0.000010	0.000010	0.000010	0.999870	0.000010	LD_0.9_14_1432
QG4847	0.000010	0.000010	0.000010	0.000010	0.000010	0.000010	0.000010	0.000010	0.000010	0.000010	0.999870	0.000010	0.000010	0.000010	LD_0.9_14_1432
QG4966	0.000010	0.000010	0.000010	0.000010	0.000010	0.000010	0.000010	0.000010	0.000010	0.000010	0.999870	0.000010	0.000010	0.000010	LD_0.9_14_1432
QG5348	0.000010	0.000010	0.000010	0.000010	0.000010	0.000010	0.000010	0.000010	0.000010	0.000010	0.999870	0.000010	0.000010	0.000010	LD_0.9_14_1432
QG5406	0.000010	0.000010	0.000010	0.000010	0.068230	0.000010	0.000010	0.000010	0.000010	0.000010	0.931650	0.000010	0.000010	0.000010	LD_0.9_14_1432
QG547	0.000013	0.999862	0.000010	0.000010	0.000010	0.000010	0.000010	0.000010	0.000011	0.000010	0.000010	0.000013	0.000010	0.000010	LD_0.9_14_1432
QG5474	0.000010	0.000010	0.000010	0.000010	0.000010	0.000010	0.000010	0.000010	0.000010	0.000010	0.348749	0.000010	0.651131	0.000010	LD_0.9_14_1432
QG5488	0.000010	0.000010	0.000010	0.000010	0.000010	0.000010	0.000010	0.000010	0.000010	0.000010	0.999870	0.000010	0.000010	0.000010	LD_0.9_14_1432
QG550	0.000010	0.000010	0.000010	0.000010	0.096582	0.000010	0.000010	0.000010	0.000010	0.000010	0.223009	0.000010	0.058052	0.622256	LD_0.9_14_1432
QG5507	0.000010	0.000010	0.000010	0.000010	0.000010	0.000010	0.000010	0.000010	0.000010	0.000010	0.802313	0.000010	0.197567	0.000010	LD_0.9_14_1432
QG5525	0.000010	0.000010	0.000010	0.000010	0.059739	0.000010	0.000010	0.000010	0.000010	0.000010	0.940141	0.000010	0.000010	0.000010	LD_0.9_14_1432
QG5589	0.000010	0.000010	0.000010	0.000010	0.046212	0.000010	0.000010	0.000010	0.000010	0.000010	0.117115	0.000010	0.836563	0.000010	LD_0.9_14_1432
QG5603	0.000010	0.000010	0.000010	0.000010	0.000012	0.000010	0.000010	0.000010	0.000010	0.000010	0.335520	0.000010	0.664358	0.000010	LD_0.9_14_1432
QG5611	0.000010	0.000010	0.000010	0.000010	0.000010	0.000010	0.000010	0.009836	0.000010	0.000010	0.990044	0.000010	0.000010	0.000010	LD_0.9_14_1432
QG5612	0.000010	0.000012	0.000010	0.000010	0.325949	0.000010	0.000010	0.083266	0.000010	0.000010	0.590673	0.000010	0.000010	0.000010	LD_0.9_14_1432
QG5633	0.000010	0.000010	0.000010	0.000010	0.000010	0.000010	0.000010	0.000010	0.000010	0.000015	0.999865	0.000010	0.000010	0.000010	LD_0.9_14_1432
QG581	0.000010	0.999868	0.000010	0.000010	0.000010	0.000012	0.000010	0.000010	0.000010	0.000010	0.000010	0.000010	0.000010	0.000010	LD_0.9_14_1432
QG588	0.000010	0.999864	0.000012	0.000010	0.000010	0.000011	0.000010	0.000010	0.000010	0.000010	0.000010	0.000012	0.000010	0.000010	LD_0.9_14_1432
QG700	0.000010	0.000010	0.744046	0.000010	0.000010	0.000010	0.000010	0.255829	0.000010	0.000015	0.000010	0.000010	0.000010	0.000010	LD_0.9_14_1432
QG727	0.000010	0.000010	0.999869	0.000010	0.000010	0.000010	0.000010	0.000010	0.000010	0.000011	0.000010	0.000010	0.000010	0.000010	LD_0.9_14_1432
QG733	0.000010	0.000010	0.999867	0.000010	0.000010	0.000010	0.000010	0.000010	0.000011	0.000010	0.000012	0.000010	0.000010	0.000010	LD_0.9_14_1432
QG736	0.000010	0.000010	0.997926	0.000010	0.000010	0.000010	0.000010	0.001954	0.000010	0.000010	0.000010	0.000010	0.000010	0.000010	LD_0.9_14_1432
QG737	0.000010	0.000010	0.999870	0.000010	0.000010	0.000010	0.000010	0.000010	0.000010	0.000010	0.000010	0.000010	0.000010	0.000010	LD_0.9_14_1432
QG739	0.000011	0.000010	0.999867	0.000010	0.000010	0.000012	0.000010	0.000010	0.000010	0.000010	0.000010	0.000010	0.000010	0.000010	LD_0.9_14_1432
QG761	0.000010	0.000010	0.567384	0.000010	0.000013	0.000010	0.000010	0.432486	0.000010	0.000010	0.000017	0.000010	0.000010	0.000010	LD_0.9_14_1432
QG763	0.000010	0.000010	0.918397	0.000010	0.000010	0.000010	0.000012	0.081479	0.000010	0.000010	0.000010	0.000013	0.000010	0.000010	LD_0.9_14_1432
QG776	0.000010	0.000012	0.990340	0.000010	0.009535	0.000010	0.000010	0.000010	0.000010	0.000010	0.000010	0.000010	0.000014	0.000010	LD_0.9_14_1432
QG781	0.000010	0.000010	0.999862	0.000010	0.000010	0.000010	0.000010	0.000010	0.000010	0.000017	0.000010	0.000010	0.000010	0.000010	LD_0.9_14_1432
QG784	0.000010	0.000010	0.999870	0.000010	0.000010	0.000010	0.000010	0.000010	0.000010	0.000010	0.000010	0.000010	0.000010	0.000010	LD_0.9_14_1432
QG786	0.000010	0.000010	0.999869	0.000010	0.000010	0.000010	0.000010	0.000010	0.000010	0.000010	0.000011	0.000010	0.000010	0.000010	LD_0.9_14_1432
QG788	0.000010	0.000010	0.999867	0.000010	0.000010	0.000010	0.000010	0.000010	0.000010	0.000010	0.000010	0.000010	0.000013	0.000010	LD_0.9_14_1432
QG790	0.000010	0.000010	0.999870	0.000010	0.000010	0.000010	0.000010	0.000010	0.000010	0.000010	0.000010	0.000010	0.000010	0.000010	LD_0.9_14_1432
QG791	0.000012	0.000013	0.938364	0.000010	0.000011	0.000010	0.000010	0.000010	0.000010	0.000010	0.061510	0.000010	0.000010	0.000010	LD_0.9_14_1432
QG795	0.000010	0.000010	0.573166	0.000010	0.000010	0.000010	0.000010	0.426714	0.000010	0.000010	0.000010	0.000010	0.000010	0.000010	LD_0.9_14_1432
QG797	0.000010	0.000010	0.999870	0.000010	0.000010	0.000010	0.000010	0.000010	0.000010	0.000010	0.000010	0.000010	0.000010	0.000010	LD_0.9_14_1432
QG802	0.000010	0.000010	0.999870	0.000010	0.000010	0.000010	0.000010	0.000010	0.000010	0.000010	0.000010	0.000010	0.000010	0.000010	LD_0.9_14_1432
QG804	0.000010	0.000010	0.999843	0.000010	0.000017	0.000010	0.000010	0.000010	0.000010	0.000018	0.000018	0.000014	0.000010	0.000010	LD_0.9_14_1432
QG806	0.000010	0.000010	0.999865	0.000010	0.000010	0.000010	0.000010	0.000010	0.000010	0.000010	0.000010	0.000010	0.000015	0.000010	LD_0.9_14_1432
QG807	0.000010	0.000010	0.999861	0.000010	0.000010	0.000010	0.000010	0.000010	0.000010	0.000018	0.000010	0.000010	0.000010	0.000010	LD_0.9_14_1432
QG808	0.000010	0.000012	0.954769	0.000010	0.000010	0.000010	0.000011	0.000010	0.000010	0.000010	0.045108	0.000010	0.000010	0.000010	LD_0.9_14_1432
QG809	0.000010	0.000010	0.999869	0.000010	0.000010	0.000010	0.000010	0.000010	0.000010	0.000010	0.000010	0.000010	0.000011	0.000010	LD_0.9_14_1432
QG825	0.000010	0.000010	0.999866	0.000010	0.000010	0.000010	0.000010	0.000010	0.000010	0.000012	0.000010	0.000010	0.000012	0.000010	LD_0.9_14_1432
QG827	0.000010	0.000010	0.999869	0.000010	0.000010	0.000011	0.000010	0.000010	0.000010	0.000010	0.000010	0.000010	0.000010	0.000010	LD_0.9_14_1432
QG828	0.000010	0.000010	0.999861	0.000010	0.000010	0.000010	0.000010	0.000010	0.000010	0.000019	0.000010	0.000010	0.000010	0.000010	LD_0.9_14_1432
QG833	0.000010	0.000010	0.974820	0.000010	0.000010	0.000010	0.000010	0.000010	0.000012	0.000010	0.025054	0.000012	0.000013	0.000010	LD_0.9_14_1432
QG855	0.000010	0.000010	0.966190	0.000012	0.000010	0.000011	0.000010	0.000010	0.000010	0.000010	0.033688	0.000010	0.000010	0.000010	LD_0.9_14_1432
QG856	0.000010	0.000010	0.999868	0.000010	0.000010	0.000011	0.000010	0.000010	0.000011	0.000010	0.000010	0.000010	0.000010	0.000010	LD_0.9_14_1432
QG858	0.000010	0.000010	0.999870	0.000010	0.000010	0.000010	0.000010	0.000010	0.000010	0.000010	0.000010	0.000010	0.000010	0.000010	LD_0.9_14_1432
QG860	0.000010	0.000010	0.695523	0.000010	0.000010	0.000010	0.000010	0.304355	0.000010	0.000010	0.000010	0.000010	0.000012	0.000010	LD_0.9_14_1432
QG864	0.000010	0.000010	0.999864	0.000010	0.000010	0.000010	0.000010	0.000010	0.000010	0.000010	0.000010	0.000010	0.000016	0.000010	LD_0.9_14_1432
QG865	0.000010	0.000011	0.999869	0.000010	0.000010	0.000010	0.000010	0.000010	0.000010	0.000010	0.000010	0.000010	0.000010	0.000010	LD_0.9_14_1432
QG866	0.000010	0.000010	0.999870	0.000010	0.000010	0.000010	0.000010	0.000010	0.000010	0.000010	0.000010	0.000010	0.000010	0.000010	LD_0.9_14_1432
QG868	0.000010	0.000010	0.908321	0.000010	0.000010	0.000010	0.000010	0.091559	0.000010	0.000010	0.000010	0.000010	0.000010	0.000010	LD_0.9_14_1432
QG874	0.000010	0.000010	0.999863	0.000010	0.000010	0.000010	0.000012	0.000010	0.000010	0.000015	0.000010	0.000010	0.000010	0.000010	LD_0.9_14_1432
QG875	0.000010	0.000010	0.999862	0.000010	0.000010	0.000010	0.000010	0.000010	0.000010	0.000018	0.000010	0.000010	0.000010	0.000010	LD_0.9_14_1432
QG878	0.000010	0.000010	0.999870	0.000010	0.000010	0.000010	0.000010	0.000010	0.000010	0.000010	0.000010	0.000010	0.000010	0.000010	LD_0.9_14_1432
QG879	0.000010	0.000010	0.999870	0.000010	0.000010	0.000010	0.000010	0.000010	0.000010	0.000010	0.000010	0.000010	0.000010	0.000010	LD_0.9_14_1432
QG880	0.000010	0.000010	0.998445	0.000010	0.000010	0.000010	0.000010	0.001435	0.000010	0.000010	0.000010	0.000010	0.000010	0.000010	LD_0.9_14_1432
QG881	0.000010	0.000010	0.643316	0.000010	0.000010	0.000012	0.000010	0.356562	0.000010	0.000010	0.000010	0.000010	0.000010	0.000010	LD_0.9_14_1432
QG887	0.000010	0.000010	0.999870	0.000010	0.000010	0.000010	0.000010	0.000010	0.000010	0.000010	0.000010	0.000010	0.000010	0.000010	LD_0.9_14_1432
QG888	0.000010	0.000010	0.999865	0.000010	0.000012	0.000011	0.000010	0.000010	0.000010	0.000010	0.000011	0.000010	0.000010	0.000010	LD_0.9_14_1432
QG926	0.000010	0.000010	0.999865	0.000010	0.000010	0.000010	0.000010	0.000010	0.000011	0.000015	0.000010	0.000010	0.000010	0.000010	LD_0.9_14_1432
QG927	0.000010	0.000010	0.078723	0.000010	0.000010	0.000010	0.000010	0.000010	0.000010	0.000017	0.921151	0.000010	0.000010	0.000010	LD_0.9_14_1432
QG933	0.000010	0.000010	0.999865	0.000010	0.000010	0.000010	0.000013	0.000010	0.000010	0.000010	0.000010	0.000012	0.000010	0.000010	LD_0.9_14_1432
QG937	0.000010	0.000010	0.999863	0.000010	0.000011	0.000010	0.000010	0.000016	0.000010	0.000010	0.000010	0.000010	0.000010	0.000010	LD_0.9_14_1432
QG945	0.000010	0.000010	0.999868	0.000010	0.000010	0.000010	0.000010	0.000011	0.000010	0.000010	0.000011	0.000010	0.000010	0.000010	LD_0.9_14_1432
QG946	0.000010	0.000010	0.999868	0.000010	0.000010	0.000010	0.000010	0.000012	0.000010	0.000010	0.000010	0.000010	0.000010	0.000010	LD_0.9_14_1432
QG947	0.000019	0.000010	0.999861	0.000010	0.000010	0.000010	0.000010	0.000010	0.000010	0.000010	0.000010	0.000010	0.000010	0.000010	LD_0.9_14_1432
QG948	0.000010	0.000010	0.973030	0.000010	0.000010	0.000011	0.000010	0.000010	0.000010	0.000010	0.026849	0.000010	0.000010	0.000010	LD_0.9_14_1432
QG952	0.000010	0.000010	0.916542	0.000010	0.083329	0.000012	0.000010	0.000010	0.000010	0.000015	0.000012	0.000010	0.000010	0.000010	LD_0.9_14_1432
QG978	0.000010	0.000010	0.854444	0.000010	0.000010	0.000010	0.000010	0.128464	0.000010	0.000010	0.016982	0.000010	0.000010	0.000010	LD_0.9_14_1432
QG980	0.000010	0.000010	0.999867	0.000010	0.000010	0.000010	0.000010	0.000010	0.000010	0.000013	0.000010	0.000010	0.000010	0.000010	LD_0.9_14_1432
QG986	0.000010	0.000012	0.951360	0.000010	0.000010	0.000010	0.000010	0.000010	0.000010	0.000020	0.048503	0.000010	0.000015	0.000010	LD_0.9_14_1432
QG991	0.000010	0.000010	0.999870	0.000010	0.000010	0.000010	0.000010	0.000010	0.000010	0.000010	0.000010	0.000010	0.000010	0.000010	LD_0.9_14_1432
QG994	0.000010	0.000010	0.999867	0.000010	0.000011	0.000010	0.000010	0.000010	0.000010	0.000010	0.000011	0.000010	0.000010	0.000010	LD_0.9_14_1432
QG995	0.000010	0.000010	0.999870	0.000010	0.000010	0.000010	0.000010	0.000010	0.000010	0.000010	0.000010	0.000010	0.000010	0.000010	LD_0.9_14_1432
QG997	0.000010	0.000010	0.954156	0.000010	0.000010	0.000010	0.000010	0.045724	0.000010	0.000010	0.000010	0.000010	0.000010	0.000010	LD_0.9_14_1432
QG998	0.000010	0.000010	0.999868	0.000010	0.000010	0.000010	0.000010	0.000010	0.000010	0.000010	0.000011	0.000010	0.000010	0.000010	LD_0.9_14_1432
QR25	0.000010	0.229729	0.000010	0.000010	0.000010	0.000010	0.000010	0.000010	0.000012	0.766268	0.003891	0.000010	0.000010	0.000010	LD_0.9_14_1432
QX1410	0.000010	0.000011	0.000010	0.000010	0.999865	0.000010	0.000010	0.000010	0.000010	0.000014	0.000010	0.000010	0.000010	0.000010	LD_0.9_14_1432
QX1547	0.000010	0.999868	0.000010	0.000010	0.000010	0.000011	0.000010	0.000010	0.000010	0.000010	0.000010	0.000011	0.000010	0.000010	LD_0.9_14_1432
QX1795	0.000010	0.000010	0.000010	0.000010	0.110243	0.000010	0.000010	0.064968	0.000010	0.000010	0.824679	0.000010	0.000010	0.000010	LD_0.9_14_1432
QX1796	0.000010	0.000010	0.000010	0.000010	0.000010	0.000010	0.000010	0.000010	0.000010	0.000010	0.999870	0.000010	0.000010	0.000010	LD_0.9_14_1432
QX1798	0.999870	0.000010	0.000010	0.000010	0.000010	0.000010	0.000010	0.000010	0.000010	0.000010	0.000010	0.000010	0.000010	0.000010	LD_0.9_14_1432
QX1800	0.000010	0.000010	0.000010	0.000010	0.000010	0.000010	0.000010	0.000010	0.000010	0.000010	0.999870	0.000010	0.000010	0.000010	LD_0.9_14_1432
QX1801	0.000010	0.000010	0.000010	0.000010	0.038597	0.000010	0.000010	0.000010	0.000010	0.000010	0.961283	0.000010	0.000010	0.000010	LD_0.9_14_1432
QX1802	0.000010	0.000010	0.000010	0.000010	0.000010	0.000010	0.000010	0.000010	0.000010	0.000010	0.999870	0.000010	0.000010	0.000010	LD_0.9_14_1432
QX1803	0.000011	0.000010	0.000010	0.000010	0.000010	0.000010	0.000010	0.000010	0.000010	0.000010	0.999869	0.000010	0.000010	0.000010	LD_0.9_14_1432
QX1804	0.000010	0.000010	0.000011	0.000010	0.000010	0.000010	0.000010	0.000010	0.000010	0.000010	0.999868	0.000010	0.000010	0.000010	LD_0.9_14_1432
SOW18	0.000012	0.999858	0.000010	0.000010	0.000010	0.000018	0.000010	0.000010	0.000011	0.000010	0.000010	0.000011	0.000010	0.000010	LD_0.9_14_1432
SOW21	0.000010	0.999866	0.000010	0.000010	0.000012	0.000011	0.000010	0.000010	0.000011	0.000010	0.000010	0.000011	0.000010	0.000010	LD_0.9_14_1432
SOW22	0.000010	0.999868	0.000010	0.000010	0.000010	0.000011	0.000010	0.000010	0.000011	0.000010	0.000010	0.000010	0.000010	0.000010	LD_0.9_14_1432
TT3408	0.000010	0.000010	0.000010	0.000010	0.000010	0.000010	0.000010	0.000010	0.000010	0.000010	0.999870	0.000010	0.000010	0.000010	LD_0.9_14_1432
TT3411	0.000012	0.000010	0.000010	0.000010	0.000010	0.000010	0.000012	0.000010	0.000010	0.000010	0.999867	0.000010	0.000010	0.000010	LD_0.9_14_1432
TWN1772	0.999870	0.000010	0.000010	0.000010	0.000010	0.000010	0.000010	0.000010	0.000010	0.000010	0.000010	0.000010	0.000010	0.000010	LD_0.9_14_1432
TWN1824	0.000010	0.000010	0.000010	0.000010	0.000010	0.999870	0.000010	0.000010	0.000010	0.000010	0.000010	0.000010	0.000010	0.000010	LD_0.9_14_1432
TWN1899	0.000010	0.000010	0.000010	0.000010	0.000010	0.999866	0.000010	0.000010	0.000010	0.000014	0.000010	0.000010	0.000010	0.000010	LD_0.9_14_1432
TWN1907	0.999870	0.000010	0.000010	0.000010	0.000010	0.000010	0.000010	0.000010	0.000010	0.000010	0.000010	0.000010	0.000010	0.000010	LD_0.9_14_1432
TWN2919	0.999870	0.000010	0.000010	0.000010	0.000010	0.000010	0.000010	0.000010	0.000010	0.000010	0.000010	0.000010	0.000010	0.000010	LD_0.9_14_1432
TWN3077	0.999866	0.000010	0.000011	0.000010	0.000010	0.000010	0.000010	0.000010	0.000010	0.000013	0.000010	0.000010	0.000010	0.000010	LD_0.9_14_1432
UH1	0.999855	0.000010	0.000010	0.000010	0.000010	0.000014	0.000010	0.000010	0.000012	0.000011	0.000016	0.000010	0.000010	0.000010	LD_0.9_14_1432
VSL2201	0.000010	0.000010	0.000010	0.000010	0.295397	0.000010	0.000010	0.000010	0.000010	0.000010	0.000010	0.000010	0.000010	0.704483	LD_0.9_14_1432
VSL2207	0.000010	0.000010	0.000010	0.000010	0.000010	0.000010	0.000010	0.000010	0.000010	0.000010	0.000010	0.999870	0.000010	0.000010	LD_0.9_14_1432
VSL2209	0.000010	0.000013	0.000010	0.000010	0.000010	0.000011	0.000010	0.000010	0.000010	0.000010	0.000010	0.999865	0.000010	0.000010	LD_0.9_14_1432
VSL2210	0.000010	0.000010	0.000010	0.000010	0.999870	0.000010	0.000010	0.000010	0.000010	0.000010	0.000010	0.000010	0.000010	0.000010	LD_0.9_14_1432
VSL2212	0.000010	0.000010	0.000010	0.000010	0.999870	0.000010	0.000010	0.000010	0.000010	0.000010	0.000010	0.000010	0.000010	0.000010	LD_0.9_14_1432
VSL2213	0.000010	0.000010	0.000010	0.000010	0.000011	0.000010	0.000010	0.000010	0.000010	0.000018	0.000010	0.000010	0.000010	0.999861	LD_0.9_14_1432
VSL2215	0.000010	0.000010	0.000010	0.000010	0.075937	0.000010	0.000010	0.000010	0.000010	0.000010	0.000010	0.000010	0.000010	0.923943	LD_0.9_14_1432
VSL2216	0.000010	0.000010	0.000010	0.000010	0.000010	0.000010	0.000010	0.000010	0.000010	0.000010	0.000010	0.000010	0.000010	0.999870	LD_0.9_14_1432
VSL2217	0.000010	0.000010	0.000010	0.000010	0.000010	0.000010	0.000010	0.000010	0.000010	0.000010	0.000010	0.000010	0.999870	0.000010	LD_0.9_14_1432
VSL2219	0.000010	0.000010	0.000013	0.000010	0.602500	0.000010	0.000010	0.000010	0.000010	0.000010	0.397374	0.000012	0.000010	0.000010	LD_0.9_14_1432
VT847	0.000010	0.000010	0.000010	0.000010	0.220431	0.000010	0.000015	0.000010	0.000010	0.000010	0.779444	0.000010	0.000010	0.000010	LD_0.9_14_1432
VX34	0.000010	0.106049	0.000010	0.000010	0.000010	0.000010	0.000010	0.000010	0.000010	0.893831	0.000010	0.000010	0.000010	0.000010	LD_0.9_14_1432
XZ1204	0.000010	0.000010	0.000010	0.000010	0.486302	0.000010	0.000010	0.000010	0.000010	0.000010	0.031851	0.000010	0.000010	0.481737	LD_0.9_14_1432
XZ1205	0.000010	0.000010	0.000010	0.000010	0.000010	0.000010	0.000010	0.000010	0.000010	0.000010	0.000010	0.000010	0.000010	0.999870	LD_0.9_14_1432
XZ1206	0.000010	0.000010	0.000010	0.000010	0.000010	0.000010	0.000010	0.000010	0.000010	0.000010	0.000010	0.000010	0.000010	0.999870	LD_0.9_14_1432
XZ1207	0.000010	0.000010	0.000010	0.000010	0.719724	0.000010	0.000010	0.000010	0.000010	0.000010	0.280156	0.000010	0.000010	0.000010	LD_0.9_14_1432
XZ1210	0.000010	0.000010	0.000010	0.000010	0.971484	0.000010	0.000010	0.000010	0.000010	0.000010	0.028396	0.000010	0.000010	0.000010	LD_0.9_14_1432
XZ1212	0.000010	0.000010	0.000010	0.000010	0.732532	0.000010	0.000010	0.011099	0.000010	0.000010	0.256259	0.000010	0.000010	0.000010	LD_0.9_14_1432
XZ1213	0.000010	0.000010	0.000010	0.000010	0.999870	0.000010	0.000010	0.000010	0.000010	0.000010	0.000010	0.000010	0.000010	0.000010	LD_0.9_14_1432
XZ1731	0.000010	0.000010	0.000010	0.000010	0.841845	0.000010	0.000010	0.000010	0.000010	0.000010	0.158035	0.000010	0.000010	0.000010	LD_0.9_14_1432
XZ1732	0.000010	0.000010	0.000010	0.000010	0.999870	0.000010	0.000010	0.000010	0.000010	0.000010	0.000010	0.000010	0.000010	0.000010	LD_0.9_14_1432
ZZY0992	0.000010	0.000010	0.000010	0.000010	0.000010	0.000010	0.000010	0.000010	0.000010	0.000010	0.000010	0.000010	0.999870	0.000010	LD_0.9_14_1432
ZZY1034	0.000010	0.000010	0.000010	0.000010	0.000010	0.000010	0.000010	0.000010	0.000010	0.000010	0.999870	0.000010	0.000010	0.000010	LD_0.9_14_1432
ZZY1075	0.000010	0.000010	0.000011	0.000010	0.000017	0.000012	0.000010	0.000010	0.000010	0.000010	0.999859	0.000011	0.000010	0.000010	LD_0.9_14_1432
ZZY1123	0.000010	0.000010	0.000010	0.000010	0.000010	0.000010	0.000010	0.000010	0.000010	0.000016	0.000010	0.000010	0.999864	0.000010	LD_0.9_14_1432
ZZY1130	0.000010	0.000010	0.000010	0.000010	0.000010	0.000010	0.000010	0.000010	0.000010	0.000010	0.999870	0.000010	0.000010	0.000010	LD_0.9_14_1432
ZZY405	0.000010	0.000010	0.000010	0.000010	0.000010	0.000010	0.000010	0.000010	0.000010	0.000010	0.999870	0.000010	0.000010	0.000010	LD_0.9_14_1432
AF16	0.000010	0.000010	0.000010	0.000010	0.000010	0.000010	0.000010	0.000010	0.000010	0.000010	0.000010	0.999870	0.000010	0.000010	LD_0.9_14_1468
BRC20069	0.000015	0.000012	0.000010	0.000010	0.000014	0.000011	0.000010	0.000010	0.000010	0.000010	0.000010	0.999859	0.000010	0.000010	LD_0.9_14_1468
BRC20073	0.000010	0.000010	0.000010	0.000010	0.000010	0.000010	0.000010	0.000010	0.000010	0.000010	0.000010	0.999870	0.000010	0.000010	LD_0.9_14_1468
BRC20075	0.000010	0.000010	0.000010	0.999869	0.000010	0.000010	0.000011	0.000010	0.000010	0.000010	0.000010	0.000010	0.000010	0.000010	LD_0.9_14_1468
BRC20077	0.000010	0.000010	0.004148	0.000010	0.000010	0.000010	0.000010	0.000010	0.000010	0.000010	0.000010	0.995732	0.000010	0.000010	LD_0.9_14_1468
BRC20081	0.000010	0.000010	0.000010	0.000010	0.000010	0.000010	0.000010	0.000010	0.999870	0.000010	0.000010	0.000010	0.000010	0.000010	LD_0.9_14_1468
BRC20085	0.058523	0.522798	0.001049	0.000012	0.115889	0.000010	0.000010	0.000010	0.000010	0.000013	0.000010	0.301646	0.000010	0.000010	LD_0.9_14_1468
BRC20088	0.000010	0.000010	0.000019	0.000010	0.000010	0.000010	0.000010	0.000010	0.999861	0.000010	0.000010	0.000010	0.000010	0.000010	LD_0.9_14_1468
BRC20089	0.000011	0.000011	0.000010	0.000010	0.000010	0.000010	0.000010	0.000010	0.000010	0.000010	0.000010	0.999868	0.000010	0.000010	LD_0.9_14_1468
BRC20090	0.002086	0.015696	0.000010	0.000014	0.046016	0.000010	0.000010	0.000012	0.000010	0.000010	0.000010	0.936095	0.000010	0.000010	LD_0.9_14_1468
BRC20092	0.067460	0.660458	0.000010	0.000010	0.007459	0.000013	0.000010	0.000010	0.000010	0.058293	0.000010	0.206237	0.000010	0.000010	LD_0.9_14_1468
BRC20093	0.000014	0.000017	0.000010	0.000010	0.000010	0.000010	0.000010	0.000010	0.000010	0.000010	0.000010	0.999859	0.000010	0.000010	LD_0.9_14_1468
BRC20094	0.022653	0.651367	0.000018	0.000010	0.054528	0.000010	0.000010	0.000013	0.000010	0.064617	0.000010	0.206729	0.000014	0.000010	LD_0.9_14_1468
BRC20095	0.000010	0.000010	0.001342	0.000010	0.000010	0.000010	0.000010	0.000010	0.000010	0.000010	0.000010	0.998538	0.000010	0.000010	LD_0.9_14_1468
BRC20096	0.000010	0.000010	0.000010	0.000010	0.000010	0.000010	0.000010	0.000010	0.000010	0.000012	0.000010	0.999868	0.000010	0.000010	LD_0.9_14_1468
BRC20098	0.000010	0.000010	0.000010	0.000010	0.000010	0.000010	0.000010	0.000010	0.000010	0.000010	0.000010	0.999870	0.000010	0.000010	LD_0.9_14_1468
BRC20099	0.000010	0.000010	0.017016	0.000010	0.000010	0.000010	0.000010	0.000010	0.000010	0.000010	0.000010	0.982864	0.000010	0.000010	LD_0.9_14_1468
BRC20100	0.000010	0.000010	0.000010	0.000010	0.000010	0.000010	0.000010	0.000010	0.000010	0.000010	0.000010	0.999870	0.000010	0.000010	LD_0.9_14_1468
BRC20102	0.000010	0.000010	0.000010	0.000010	0.000011	0.000010	0.000010	0.000010	0.000010	0.000015	0.000010	0.999864	0.000010	0.000010	LD_0.9_14_1468
BRC20103	0.000010	0.000010	0.000010	0.000010	0.000010	0.000010	0.000010	0.000010	0.000015	0.000010	0.000010	0.999865	0.000010	0.000010	LD_0.9_14_1468
BRC20105	0.036426	0.648565	0.000010	0.000010	0.118289	0.000010	0.000010	0.000010	0.000010	0.000010	0.000010	0.196621	0.000010	0.000010	LD_0.9_14_1468
BRC20107	0.019766	0.630762	0.000010	0.000010	0.115338	0.000010	0.000010	0.000010	0.000010	0.035088	0.000010	0.198956	0.000010	0.000010	LD_0.9_14_1468
BRC20115	0.000010	0.000010	0.000010	0.000010	0.000010	0.999870	0.000010	0.000010	0.000010	0.000010	0.000010	0.000010	0.000010	0.000010	LD_0.9_14_1468
BRC20119	0.000010	0.000010	0.000010	0.000010	0.718452	0.000010	0.000010	0.000012	0.000010	0.000012	0.000010	0.281424	0.000010	0.000010	LD_0.9_14_1468
BRC20228	0.000013	0.000010	0.000010	0.000010	0.000010	0.000010	0.000011	0.000010	0.000010	0.000010	0.000010	0.999867	0.000010	0.000010	LD_0.9_14_1468
BRC20229	0.000010	0.000010	0.000010	0.999870	0.000010	0.000010	0.000010	0.000010	0.000010	0.000010	0.000010	0.000010	0.000010	0.000010	LD_0.9_14_1468
BRC20230	0.000010	0.000010	0.000010	0.000011	0.000010	0.000017	0.000010	0.000010	0.999861	0.000010	0.000010	0.000010	0.000010	0.000010	LD_0.9_14_1468
BRC20232	0.000010	0.000010	0.000010	0.999870	0.000010	0.000010	0.000010	0.000010	0.000010	0.000010	0.000010	0.000010	0.000010	0.000010	LD_0.9_14_1468
BRC20238	0.000010	0.000010	0.000010	0.000010	0.000010	0.000017	0.000010	0.000010	0.999863	0.000010	0.000010	0.000010	0.000010	0.000010	LD_0.9_14_1468
BRC20239	0.000010	0.000011	0.000010	0.999868	0.000010	0.000010	0.000010	0.000010	0.000010	0.000010	0.000010	0.000010	0.000011	0.000010	LD_0.9_14_1468
BRC20241	0.000010	0.000010	0.000019	0.000010	0.069672	0.000010	0.000010	0.000012	0.000010	0.000010	0.000015	0.930191	0.000010	0.000010	LD_0.9_14_1468
BRC20242	0.000010	0.000016	0.000010	0.000010	0.000010	0.000010	0.000010	0.000010	0.000010	0.000010	0.000010	0.999864	0.000010	0.000010	LD_0.9_14_1468
BRC20244	0.000010	0.000010	0.000010	0.000010	0.000010	0.000010	0.000010	0.000010	0.999861	0.000011	0.000010	0.000018	0.000010	0.000010	LD_0.9_14_1468
BRC20246	0.000010	0.000010	0.000010	0.000010	0.000010	0.000010	0.000010	0.000010	0.999869	0.000010	0.000010	0.000010	0.000011	0.000010	LD_0.9_14_1468
BRC20257	0.000020	0.000010	0.000010	0.000010	0.999854	0.000010	0.000010	0.000010	0.000012	0.000011	0.000010	0.000013	0.000010	0.000010	LD_0.9_14_1468
BRC20260	0.000010	0.000010	0.000010	0.000010	0.000010	0.000010	0.000010	0.000010	0.000010	0.000010	0.000010	0.999870	0.000010	0.000010	LD_0.9_14_1468
BRC20270	0.000010	0.000010	0.000010	0.000010	0.000012	0.000010	0.000012	0.000016	0.999859	0.000010	0.000010	0.000010	0.000010	0.000010	LD_0.9_14_1468
BRC20272	0.000010	0.000010	0.000010	0.000010	0.000010	0.000010	0.000010	0.000010	0.999870	0.000010	0.000010	0.000010	0.000010	0.000010	LD_0.9_14_1468
BRC20289	0.000010	0.000010	0.000010	0.000010	0.000010	0.000010	0.000010	0.000010	0.999869	0.000010	0.000010	0.000011	0.000010	0.000010	LD_0.9_14_1468
BRC20290	0.000012	0.000010	0.000010	0.000011	0.000011	0.000010	0.000012	0.000011	0.999854	0.000017	0.000010	0.000011	0.000010	0.000010	LD_0.9_14_1468
BRC20294	0.000010	0.000010	0.000010	0.000010	0.000010	0.000010	0.000010	0.000010	0.000010	0.000010	0.000010	0.999870	0.000010	0.000010	LD_0.9_14_1468
BRC20308	0.000010	0.000010	0.000010	0.000010	0.000010	0.000010	0.000010	0.000010	0.999866	0.000014	0.000010	0.000010	0.000010	0.000010	LD_0.9_14_1468
BRC20309	0.000010	0.000010	0.000010	0.000010	0.000010	0.000010	0.000010	0.000010	0.999868	0.000010	0.000010	0.000011	0.000010	0.000010	LD_0.9_14_1468
BRC20311	0.000012	0.000010	0.000010	0.000010	0.000010	0.000012	0.000010	0.000010	0.999866	0.000010	0.000010	0.000010	0.000010	0.000010	LD_0.9_14_1468
BRC20312	0.000010	0.000010	0.000010	0.000012	0.000010	0.000010	0.000010	0.000010	0.999868	0.000010	0.000010	0.000010	0.000010	0.000010	LD_0.9_14_1468
BRC20315	0.000010	0.000013	0.000010	0.000010	0.000011	0.000010	0.000011	0.000018	0.999849	0.000015	0.000010	0.000010	0.000013	0.000010	LD_0.9_14_1468
BRC20320	0.000010	0.000010	0.000010	0.000010	0.000011	0.000010	0.000012	0.000010	0.999860	0.000017	0.000010	0.000010	0.000010	0.000010	LD_0.9_14_1468
BRC20324	0.000010	0.000010	0.000010	0.642408	0.000010	0.000010	0.000010	0.000010	0.000010	0.000010	0.000010	0.357472	0.000010	0.000010	LD_0.9_14_1468
BRC20331	0.000011	0.000010	0.000011	0.000010	0.000010	0.000010	0.000010	0.000010	0.999862	0.000010	0.000013	0.000012	0.000010	0.000010	LD_0.9_14_1468
BRC20333	0.000010	0.000010	0.000010	0.000010	0.000010	0.000010	0.000010	0.000010	0.999870	0.000010	0.000010	0.000010	0.000010	0.000010	LD_0.9_14_1468
BRC20334	0.000016	0.000011	0.000012	0.000010	0.000010	0.000019	0.000010	0.000010	0.999843	0.000010	0.000010	0.000010	0.000019	0.000010	LD_0.9_14_1468
BRC20339	0.000010	0.000010	0.000010	0.000010	0.000015	0.000011	0.000010	0.000010	0.999859	0.000010	0.000015	0.000010	0.000010	0.000010	LD_0.9_14_1468
BRC20341	0.000020	0.000010	0.000010	0.000010	0.000010	0.000010	0.000010	0.000010	0.999859	0.000010	0.000011	0.000010	0.000010	0.000010	LD_0.9_14_1468
BRC20343	0.000010	0.000010	0.000010	0.999861	0.000010	0.000019	0.000010	0.000010	0.000010	0.000010	0.000010	0.000010	0.000010	0.000010	LD_0.9_14_1468
BRC20346	0.000011	0.000010	0.000010	0.000010	0.000012	0.000010	0.000010	0.000010	0.999863	0.000010	0.000012	0.000012	0.000010	0.000010	LD_0.9_14_1468
BRC20347	0.000010	0.000012	0.000011	0.999866	0.000010	0.000010	0.000010	0.000010	0.000010	0.000010	0.000010	0.000010	0.000010	0.000010	LD_0.9_14_1468
BRC20348	0.000010	0.000010	0.000010	0.000011	0.000010	0.000010	0.000010	0.000010	0.999869	0.000010	0.000010	0.000010	0.000010	0.000010	LD_0.9_14_1468
BRC20353	0.000010	0.999870	0.000010	0.000010	0.000010	0.000010	0.000010	0.000010	0.000010	0.000010	0.000010	0.000010	0.000010	0.000010	LD_0.9_14_1468
BRC20360	0.000010	0.999869	0.000010	0.000010	0.000010	0.000010	0.000010	0.000010	0.000010	0.000010	0.000011	0.000010	0.000010	0.000010	LD_0.9_14_1468
BRC20361	0.000010	0.999870	0.000010	0.000010	0.000010	0.000010	0.000010	0.000010	0.000010	0.000010	0.000010	0.000010	0.000010	0.000010	LD_0.9_14_1468
BRC20362	0.000010	0.999870	0.000010	0.000010	0.000010	0.000010	0.000010	0.000010	0.000010	0.000010	0.000010	0.000010	0.000010	0.000010	LD_0.9_14_1468
BRC20366	0.000010	0.000010	0.000010	0.000010	0.000011	0.000010	0.000011	0.000010	0.999867	0.000010	0.000011	0.000010	0.000010	0.000010	LD_0.9_14_1468
BRC20367	0.000010	0.000010	0.000010	0.000011	0.000010	0.000010	0.000014	0.000010	0.999859	0.000013	0.000010	0.000011	0.000012	0.000010	LD_0.9_14_1468
BRC20369	0.000010	0.000010	0.000016	0.000010	0.000010	0.000017	0.000011	0.000010	0.000010	0.000010	0.000010	0.999856	0.000010	0.000010	LD_0.9_14_1468
BRC20370	0.000012	0.000012	0.000010	0.000010	0.000010	0.000010	0.000010	0.000010	0.999865	0.000010	0.000010	0.000011	0.000010	0.000010	LD_0.9_14_1468
BRC20388	0.000010	0.000010	0.000015	0.000010	0.000010	0.000011	0.000010	0.000010	0.000010	0.000010	0.000012	0.000010	0.999862	0.000010	LD_0.9_14_1468
BRC20390	0.000010	0.000010	0.000010	0.000013	0.000010	0.000010	0.000015	0.000010	0.999854	0.000017	0.000010	0.000010	0.000010	0.000010	LD_0.9_14_1468
BRC20401	0.000010	0.000010	0.000010	0.000010	0.000010	0.000010	0.000010	0.000010	0.000010	0.000010	0.000010	0.999870	0.000010	0.000010	LD_0.9_14_1468
BRC20463	0.000010	0.000010	0.000010	0.000010	0.000010	0.000010	0.000010	0.000010	0.999870	0.000010	0.000010	0.000010	0.000010	0.000010	LD_0.9_14_1468
BRC20492	0.000010	0.000010	0.000010	0.000010	0.000010	0.999870	0.000010	0.000010	0.000010	0.000010	0.000010	0.000010	0.000010	0.000010	LD_0.9_14_1468
BRC20498	0.000010	0.000010	0.000010	0.000010	0.000010	0.000010	0.000010	0.000010	0.000010	0.000010	0.000010	0.999870	0.000010	0.000010	LD_0.9_14_1468
BRC20499	0.000010	0.000019	0.000010	0.000010	0.000013	0.000010	0.000010	0.000015	0.999849	0.000012	0.000010	0.000011	0.000010	0.000010	LD_0.9_14_1468
BRC20501	0.000010	0.000010	0.000010	0.000010	0.000010	0.000010	0.000010	0.000011	0.999869	0.000010	0.000010	0.000010	0.000010	0.000010	LD_0.9_14_1468
BRC20502	0.000010	0.000010	0.000010	0.000010	0.000010	0.000010	0.000010	0.000010	0.000010	0.000010	0.999870	0.000010	0.000010	0.000010	LD_0.9_14_1468
BRC20503	0.000010	0.000010	0.000010	0.000010	0.000010	0.000010	0.000010	0.000010	0.000010	0.000010	0.999870	0.000010	0.000010	0.000010	LD_0.9_14_1468
BRC20519	0.000010	0.000010	0.000010	0.000010	0.000010	0.999870	0.000010	0.000010	0.000010	0.000010	0.000010	0.000010	0.000010	0.000010	LD_0.9_14_1468
BRC20520	0.000010	0.000012	0.000010	0.000010	0.000010	0.999863	0.000010	0.000010	0.000010	0.000015	0.000010	0.000010	0.000010	0.000010	LD_0.9_14_1468
BRC20522	0.000010	0.000010	0.000010	0.999870	0.000010	0.000010	0.000010	0.000010	0.000010	0.000010	0.000010	0.000010	0.000010	0.000010	LD_0.9_14_1468
BRC20524	0.000010	0.000010	0.000010	0.999870	0.000010	0.000010	0.000010	0.000010	0.000010	0.000010	0.000010	0.000010	0.000010	0.000010	LD_0.9_14_1468
BRC20529	0.000010	0.000010	0.000010	0.000010	0.000010	0.000010	0.000010	0.000010	0.999870	0.000010	0.000010	0.000010	0.000010	0.000010	LD_0.9_14_1468
BRC20530	0.000010	0.000010	0.000010	0.999870	0.000010	0.000010	0.000010	0.000010	0.000010	0.000010	0.000010	0.000010	0.000010	0.000010	LD_0.9_14_1468
BRC20531	0.000010	0.000010	0.000010	0.999865	0.000010	0.000010	0.000010	0.000010	0.000015	0.000010	0.000010	0.000010	0.000010	0.000010	LD_0.9_14_1468
BRC20532	0.000010	0.000010	0.000010	0.000010	0.000010	0.000010	0.000010	0.000010	0.999870	0.000010	0.000010	0.000010	0.000010	0.000010	LD_0.9_14_1468
BRC20533	0.000010	0.000010	0.000010	0.000016	0.000013	0.000011	0.000010	0.000010	0.999856	0.000012	0.000012	0.000010	0.000010	0.000010	LD_0.9_14_1468
BRC20534	0.000010	0.000014	0.000010	0.000010	0.000010	0.000010	0.000010	0.000010	0.999866	0.000010	0.000010	0.000010	0.000010	0.000010	LD_0.9_14_1468
BRC20535	0.000012	0.000010	0.000013	0.000010	0.000010	0.000010	0.000010	0.000010	0.999861	0.000012	0.000012	0.000010	0.000010	0.000010	LD_0.9_14_1468
BRC20536	0.000010	0.000010	0.000010	0.000010	0.000010	0.000010	0.000010	0.000010	0.999870	0.000010	0.000010	0.000010	0.000010	0.000010	LD_0.9_14_1468
BRC20537	0.000010	0.000010	0.000010	0.000010	0.000010	0.000010	0.000010	0.000010	0.999870	0.000010	0.000010	0.000010	0.000010	0.000010	LD_0.9_14_1468
BRC20541	0.000010	0.000010	0.000010	0.000010	0.000010	0.999870	0.000010	0.000010	0.000010	0.000010	0.000010	0.000010	0.000010	0.000010	LD_0.9_14_1468
BRC20543	0.000010	0.000010	0.000010	0.000010	0.000010	0.000010	0.000010	0.000010	0.999870	0.000010	0.000010	0.000010	0.000010	0.000010	LD_0.9_14_1468
BRC20544	0.000010	0.000010	0.000010	0.000010	0.000010	0.000010	0.000010	0.000010	0.999870	0.000010	0.000010	0.000010	0.000010	0.000010	LD_0.9_14_1468
BRC20545	0.000011	0.000012	0.000010	0.000012	0.000011	0.000010	0.000010	0.000010	0.999864	0.000010	0.000010	0.000010	0.000010	0.000010	LD_0.9_14_1468
BRC20556	0.000010	0.000010	0.000010	0.000010	0.000010	0.000010	0.000010	0.000010	0.000010	0.000013	0.000010	0.999867	0.000010	0.000010	LD_0.9_14_1468
BRC20557	0.000010	0.000010	0.000010	0.000010	0.000010	0.000010	0.000010	0.000010	0.999870	0.000010	0.000010	0.000010	0.000010	0.000010	LD_0.9_14_1468
BRC20565	0.000011	0.000010	0.000010	0.000010	0.000010	0.000010	0.000010	0.000010	0.000010	0.000010	0.000010	0.999867	0.000012	0.000010	LD_0.9_14_1468
BRC20571	0.000010	0.015904	0.022855	0.000010	0.030729	0.000010	0.000010	0.000010	0.000015	0.000010	0.000010	0.930406	0.000010	0.000010	LD_0.9_14_1468
BRC20574	0.000010	0.000010	0.000010	0.000010	0.000010	0.000010	0.000010	0.000010	0.000010	0.000010	0.000010	0.999870	0.000010	0.000010	LD_0.9_14_1468
BW287	0.000010	0.000010	0.000013	0.000010	0.000010	0.000010	0.000010	0.000010	0.000010	0.000010	0.000010	0.000013	0.999864	0.000010	LD_0.9_14_1468
DF5100	0.000010	0.000010	0.079188	0.000010	0.000017	0.000010	0.000010	0.000010	0.000010	0.578829	0.000010	0.341866	0.000010	0.000010	LD_0.9_14_1468
ECA1129	0.000010	0.000010	0.000011	0.000013	0.000010	0.000010	0.000010	0.000014	0.000010	0.000010	0.000014	0.999857	0.000010	0.000010	LD_0.9_14_1468
ECA1143	0.000010	0.000010	0.289043	0.000010	0.000010	0.000010	0.000010	0.000010	0.000010	0.000017	0.000010	0.710830	0.000010	0.000010	LD_0.9_14_1468
ECA1147	0.000010	0.000010	0.000010	0.000010	0.000010	0.000010	0.000014	0.000010	0.000010	0.000010	0.000010	0.999866	0.000010	0.000010	LD_0.9_14_1468
ECA1149	0.000010	0.000010	0.000018	0.000010	0.000010	0.000010	0.000010	0.000010	0.041809	0.000010	0.000012	0.958061	0.000010	0.000010	LD_0.9_14_1468
ECA1160	0.000010	0.000010	0.000010	0.000010	0.000010	0.000010	0.000010	0.000010	0.000010	0.000010	0.000010	0.999870	0.000010	0.000010	LD_0.9_14_1468
ECA1164	0.000010	0.000010	0.000010	0.000015	0.000010	0.000010	0.000010	0.000010	0.000010	0.000010	0.000010	0.999865	0.000010	0.000010	LD_0.9_14_1468
ECA1170	0.000010	0.000010	0.000010	0.000012	0.000010	0.000010	0.000010	0.000010	0.999868	0.000010	0.000010	0.000010	0.000010	0.000010	LD_0.9_14_1468
ECA1174	0.000010	0.000010	0.000010	0.000010	0.000010	0.000010	0.000010	0.000010	0.000010	0.000010	0.000010	0.999870	0.000010	0.000010	LD_0.9_14_1468
ECA1383	0.000010	0.000010	0.000012	0.000010	0.000010	0.000010	0.000010	0.000011	0.999867	0.000010	0.000010	0.000010	0.000010	0.000010	LD_0.9_14_1468
ECA1411	0.000012	0.000010	0.000010	0.000010	0.000014	0.000010	0.000010	0.000010	0.000010	0.000010	0.000010	0.999864	0.000010	0.000010	LD_0.9_14_1468
ECA1423	0.000010	0.000010	0.015107	0.000010	0.000010	0.000010	0.000010	0.000010	0.000010	0.000010	0.000010	0.984773	0.000010	0.000010	LD_0.9_14_1468
ECA1429	0.000017	0.000010	0.000010	0.000011	0.000014	0.000010	0.000010	0.000010	0.000010	0.000010	0.000010	0.999858	0.000010	0.000010	LD_0.9_14_1468
ECA1431	0.000010	0.000010	0.000014	0.000014	0.000010	0.000010	0.000010	0.000010	0.000010	0.000010	0.000010	0.999862	0.000010	0.000010	LD_0.9_14_1468
ECA1437	0.000012	0.000010	0.000013	0.000010	0.000010	0.000010	0.000010	0.000010	0.000010	0.000015	0.000010	0.999859	0.000010	0.000010	LD_0.9_14_1468
ECA1439	0.000010	0.000010	0.000010	0.000010	0.000015	0.000010	0.000010	0.000010	0.000010	0.263480	0.000010	0.736394	0.000010	0.000010	LD_0.9_14_1468
ECA1443	0.000010	0.000010	0.000014	0.000011	0.000010	0.000010	0.000010	0.000010	0.939930	0.000012	0.000011	0.059942	0.000010	0.000010	LD_0.9_14_1468
ECA1471	0.000010	0.000010	0.000010	0.000010	0.000013	0.000010	0.000010	0.000010	0.000010	0.000010	0.000010	0.999867	0.000010	0.000010	LD_0.9_14_1468
ECA1489	0.000010	0.000010	0.336439	0.000010	0.000010	0.000010	0.000010	0.000010	0.000010	0.000010	0.000010	0.663441	0.000010	0.000010	LD_0.9_14_1468
ECA1507	0.000014	0.000010	0.000013	0.000010	0.000010	0.000010	0.000010	0.000013	0.000010	0.000010	0.000010	0.999861	0.000010	0.000010	LD_0.9_14_1468
ECA1509	0.000010	0.000018	0.000013	0.000010	0.000010	0.000013	0.000010	0.000010	0.000010	0.000010	0.000010	0.999856	0.000010	0.000010	LD_0.9_14_1468
ECA1517	0.000010	0.000010	0.045875	0.000010	0.000010	0.000010	0.000010	0.000010	0.000010	0.000010	0.000010	0.954005	0.000010	0.000010	LD_0.9_14_1468
ECA1521	0.000010	0.000010	0.000010	0.000014	0.000010	0.000010	0.000010	0.000010	0.000013	0.057453	0.000013	0.942414	0.000013	0.000010	LD_0.9_14_1468
ECA1555	0.000010	0.000010	0.000010	0.000011	0.000010	0.000010	0.000010	0.000010	0.000010	0.000010	0.000010	0.999869	0.000010	0.000010	LD_0.9_14_1468
ECA1559	0.000010	0.000010	0.000010	0.000010	0.000010	0.000010	0.000014	0.000010	0.999866	0.000010	0.000010	0.000010	0.000010	0.000010	LD_0.9_14_1468
ECA1563	0.000010	0.000010	0.000010	0.000010	0.000010	0.000010	0.000010	0.000010	0.000010	0.000010	0.000010	0.999870	0.000010	0.000010	LD_0.9_14_1468
ECA1571	0.000010	0.000010	0.321889	0.000010	0.000010	0.000010	0.000010	0.000010	0.000010	0.000010	0.000010	0.677991	0.000010	0.000010	LD_0.9_14_1468
ECA1587	0.000010	0.000010	0.000010	0.000010	0.000010	0.000010	0.000010	0.000010	0.000010	0.000010	0.000010	0.999870	0.000010	0.000010	LD_0.9_14_1468
ECA1605	0.000010	0.000010	0.078067	0.000010	0.007605	0.000010	0.000010	0.000010	0.873382	0.000010	0.000010	0.040846	0.000010	0.000010	LD_0.9_14_1468
ECA1609	0.000010	0.000010	0.000010	0.000010	0.000010	0.000010	0.000010	0.000010	0.000010	0.000010	0.000011	0.999869	0.000010	0.000010	LD_0.9_14_1468
ECA161	0.000010	0.000010	0.000010	0.000010	0.000010	0.000010	0.000010	0.000010	0.000010	0.000010	0.000010	0.999870	0.000010	0.000010	LD_0.9_14_1468
ECA1611	0.000010	0.000020	0.000015	0.000010	0.000010	0.000010	0.000010	0.000010	0.000010	0.000010	0.000010	0.999856	0.000010	0.000010	LD_0.9_14_1468
ECA1615	0.000010	0.000010	0.000014	0.000015	0.000010	0.000011	0.000010	0.000010	0.000010	0.000010	0.000010	0.999859	0.000010	0.000010	LD_0.9_14_1468
ECA162	0.000010	0.000010	0.000010	0.000010	0.000010	0.000010	0.000010	0.000010	0.000010	0.000010	0.000010	0.999870	0.000010	0.000010	LD_0.9_14_1468
ECA1621	0.000010	0.000010	0.000010	0.000010	0.000014	0.000010	0.000010	0.000010	0.000010	0.000010	0.000010	0.999866	0.000010	0.000010	LD_0.9_14_1468
ECA163	0.000010	0.000010	0.000010	0.000010	0.000010	0.000010	0.999870	0.000010	0.000010	0.000010	0.000010	0.000010	0.000010	0.000010	LD_0.9_14_1468
ECA1637	0.000010	0.000010	0.000010	0.000010	0.000010	0.000010	0.000010	0.000013	0.000010	0.000010	0.000010	0.999867	0.000010	0.000010	LD_0.9_14_1468
ECA1657	0.000010	0.000010	0.000010	0.000010	0.000010	0.000010	0.000010	0.000010	0.000010	0.059588	0.000010	0.940292	0.000010	0.000010	LD_0.9_14_1468
ECA1701	0.020882	0.017465	0.000010	0.000010	0.000010	0.000010	0.000010	0.000010	0.000010	0.000010	0.000010	0.961543	0.000010	0.000010	LD_0.9_14_1468
ECA175	0.000014	0.000010	0.000010	0.000010	0.000012	0.000010	0.000011	0.000012	0.000010	0.000010	0.000012	0.999858	0.000010	0.000010	LD_0.9_14_1468
ECA176	0.000010	0.000020	0.023060	0.000011	0.000010	0.000011	0.000010	0.000010	0.000017	0.000010	0.000014	0.976797	0.000010	0.000010	LD_0.9_14_1468
ECA177	0.000010	0.000010	0.000013	0.000010	0.000020	0.000010	0.000010	0.000010	0.000010	0.000015	0.000010	0.999851	0.000012	0.000010	LD_0.9_14_1468
ECA180	0.000010	0.000010	0.000016	0.000010	0.000010	0.000010	0.000010	0.000010	0.000012	0.000010	0.000010	0.999860	0.000012	0.000010	LD_0.9_14_1468
ECA182	0.000010	0.000010	0.000010	0.000015	0.000010	0.000010	0.000010	0.000010	0.000010	0.000010	0.000010	0.999865	0.000010	0.000010	LD_0.9_14_1468
ECA183	0.000010	0.000010	0.000010	0.000010	0.000010	0.000010	0.000010	0.000010	0.000010	0.000010	0.000010	0.999870	0.000010	0.000010	LD_0.9_14_1468
ECA185	0.000010	0.000010	0.021781	0.000010	0.000017	0.000017	0.000010	0.000013	0.000010	0.016664	0.000010	0.961428	0.000010	0.000010	LD_0.9_14_1468
ECA186	0.000010	0.000010	0.000010	0.000010	0.000010	0.000010	0.000010	0.000010	0.000010	0.161536	0.000010	0.838344	0.000010	0.000010	LD_0.9_14_1468
ECA2083	0.000010	0.000017	0.000010	0.000010	0.000010	0.000010	0.000012	0.000011	0.000010	0.042063	0.000010	0.957808	0.000010	0.000010	LD_0.9_14_1468
ECA2093	0.000010	0.000010	0.000010	0.000010	0.000010	0.000010	0.000010	0.000010	0.000010	0.000010	0.000010	0.999870	0.000010	0.000010	LD_0.9_14_1468
ECA2115	0.000010	0.000010	0.000010	0.000010	0.000010	0.000010	0.000010	0.000010	0.000010	0.000010	0.000014	0.999866	0.000010	0.000010	LD_0.9_14_1468
ECA2299	0.000010	0.000010	0.000012	0.000010	0.000010	0.000010	0.000012	0.000014	0.999861	0.000010	0.000010	0.000010	0.000011	0.000010	LD_0.9_14_1468
ECA2373	0.041953	0.004375	0.000010	0.000010	0.000010	0.000010	0.000010	0.000010	0.000010	0.000018	0.000010	0.953555	0.000010	0.000010	LD_0.9_14_1468
ECA2385	0.000010	0.000010	0.000010	0.000010	0.000010	0.000010	0.000010	0.000010	0.999870	0.000010	0.000010	0.000010	0.000010	0.000010	LD_0.9_14_1468
ECA2425	0.000010	0.000010	0.000010	0.000010	0.000010	0.000010	0.000010	0.000010	0.000010	0.000010	0.000010	0.999870	0.000010	0.000010	LD_0.9_14_1468
ECA2617	0.000010	0.000010	0.000010	0.000011	0.000015	0.000010	0.000010	0.999863	0.000010	0.000010	0.000011	0.000010	0.000010	0.000010	LD_0.9_14_1468
ECA2618	0.000010	0.000010	0.000010	0.000010	0.000010	0.000010	0.000010	0.999870	0.000010	0.000010	0.000010	0.000010	0.000010	0.000010	LD_0.9_14_1468
ECA2621	0.000013	0.000010	0.000010	0.000010	0.000010	0.000010	0.000010	0.999866	0.000010	0.000010	0.000011	0.000010	0.000010	0.000010	LD_0.9_14_1468
ECA2623	0.000010	0.000013	0.000018	0.000010	0.000010	0.000010	0.000010	0.000010	0.000010	0.999860	0.000010	0.000010	0.000010	0.000010	LD_0.9_14_1468
ECA2625	0.000010	0.000010	0.000010	0.000010	0.000010	0.000010	0.000010	0.000010	0.000010	0.000014	0.000010	0.999866	0.000010	0.000010	LD_0.9_14_1468
ECA2626	0.000010	0.000010	0.000013	0.000010	0.000012	0.000010	0.000010	0.000010	0.000010	0.000010	0.000010	0.999865	0.000010	0.000010	LD_0.9_14_1468
ECA2636	0.000010	0.000010	0.000010	0.000010	0.000010	0.000010	0.000010	0.000010	0.000010	0.000010	0.000010	0.999870	0.000010	0.000010	LD_0.9_14_1468
ECA2637	0.000010	0.000010	0.000010	0.000010	0.000010	0.000010	0.000010	0.000010	0.000010	0.090651	0.000010	0.909229	0.000010	0.000010	LD_0.9_14_1468
ECA2639	0.000012	0.000010	0.000010	0.000010	0.000010	0.000010	0.000010	0.999866	0.000010	0.000010	0.000011	0.000010	0.000010	0.000010	LD_0.9_14_1468
ECA2645	0.000010	0.000010	0.000010	0.000010	0.000010	0.000010	0.000010	0.000010	0.000010	0.000010	0.000010	0.999870	0.000010	0.000010	LD_0.9_14_1468
ECA2647	0.000010	0.000010	0.000010	0.000010	0.000010	0.000010	0.000010	0.999870	0.000010	0.000010	0.000010	0.000010	0.000010	0.000010	LD_0.9_14_1468
ECA2663	0.000010	0.000010	0.000010	0.000010	0.000010	0.000010	0.000010	0.000010	0.000010	0.000010	0.000010	0.999870	0.000010	0.000010	LD_0.9_14_1468
ECA2664	0.000010	0.000010	0.047514	0.000010	0.000010	0.000010	0.000010	0.000010	0.000010	0.952366	0.000010	0.000010	0.000010	0.000010	LD_0.9_14_1468
ECA2666	0.000010	0.000010	0.000010	0.000010	0.000010	0.000010	0.000010	0.999870	0.000010	0.000010	0.000010	0.000010	0.000010	0.000010	LD_0.9_14_1468
ECA2667	0.000010	0.000010	0.000010	0.000010	0.000010	0.000010	0.000010	0.000010	0.000010	0.000010	0.000010	0.999870	0.000010	0.000010	LD_0.9_14_1468
ECA2670	0.000010	0.000010	0.000010	0.000015	0.000015	0.000011	0.000010	0.999856	0.000013	0.000010	0.000010	0.000010	0.000010	0.000010	LD_0.9_14_1468
ECA276	0.000010	0.000010	0.000012	0.000010	0.000010	0.000010	0.999868	0.000010	0.000010	0.000010	0.000010	0.000010	0.000010	0.000010	LD_0.9_14_1468
ECA278	0.000010	0.000010	0.000010	0.000010	0.000010	0.000010	0.000010	0.000010	0.000010	0.000010	0.000010	0.000010	0.999870	0.000010	LD_0.9_14_1468
ECA2808	0.000010	0.000010	0.000010	0.000010	0.000011	0.000010	0.000010	0.000010	0.000011	0.220758	0.000010	0.779120	0.000011	0.000010	LD_0.9_14_1468
ECA287	0.000010	0.000010	0.000012	0.000010	0.000010	0.000010	0.000010	0.000010	0.988169	0.000016	0.000010	0.011703	0.000010	0.000010	LD_0.9_14_1468
ECA288	0.000010	0.000010	0.000010	0.000010	0.000011	0.000010	0.000010	0.000010	0.096260	0.903620	0.000010	0.000010	0.000010	0.000010	LD_0.9_14_1468
ECA2883	0.000010	0.000010	0.000016	0.000010	0.000010	0.000010	0.000010	0.000010	0.000010	0.000010	0.000010	0.999864	0.000010	0.000010	LD_0.9_14_1468
ECA2890	0.000010	0.000010	0.000010	0.000010	0.000010	0.000010	0.000010	0.000010	0.000010	0.000010	0.000010	0.999870	0.000010	0.000010	LD_0.9_14_1468
ECA2894	0.000010	0.000010	0.010761	0.000010	0.000010	0.000010	0.000010	0.000010	0.000010	0.139450	0.000011	0.849678	0.000010	0.000010	LD_0.9_14_1468
ECA2975	0.000010	0.000010	0.000010	0.000010	0.000010	0.000012	0.000010	0.000010	0.000010	0.000010	0.000010	0.999868	0.000010	0.000010	LD_0.9_14_1468
ECA3091	0.000010	0.000010	0.000015	0.000010	0.000011	0.000010	0.000010	0.000010	0.000010	0.000010	0.000010	0.999864	0.000010	0.000010	LD_0.9_14_1468
ECA343	0.000010	0.000013	0.000016	0.000010	0.000010	0.000010	0.000010	0.000010	0.000010	0.000010	0.000010	0.999861	0.000010	0.000010	LD_0.9_14_1468
ECA346	0.000010	0.000010	0.000010	0.000010	0.000010	0.000010	0.000010	0.000012	0.000010	0.503609	0.000010	0.496270	0.000010	0.000010	LD_0.9_14_1468
ECA3502	0.000010	0.000010	0.000010	0.000010	0.000010	0.000010	0.000010	0.000010	0.999870	0.000010	0.000010	0.000010	0.000010	0.000010	LD_0.9_14_1468
ECA3503	0.000010	0.000010	0.000010	0.000010	0.000010	0.000010	0.000010	0.000010	0.000010	0.000010	0.000010	0.999870	0.000010	0.000010	LD_0.9_14_1468
ECA3509	0.000010	0.000016	0.000010	0.000010	0.000015	0.000010	0.000010	0.000010	0.000010	0.000010	0.000010	0.999859	0.000010	0.000010	LD_0.9_14_1468
ECA3708	0.000010	0.000010	0.000015	0.000010	0.000016	0.000012	0.000010	0.000010	0.000010	0.019064	0.000010	0.980803	0.000010	0.000010	LD_0.9_14_1468
ECA371	0.000010	0.000010	0.023525	0.000010	0.000012	0.000012	0.000010	0.000010	0.000010	0.000010	0.000010	0.976352	0.000010	0.000010	LD_0.9_14_1468
ECA3712	0.000010	0.000010	0.000010	0.000010	0.000010	0.000010	0.000010	0.000010	0.000010	0.000010	0.000011	0.999869	0.000010	0.000010	LD_0.9_14_1468
ECA3713	0.000010	0.000010	0.000010	0.000010	0.000010	0.000010	0.000010	0.000010	0.000010	0.052561	0.000010	0.947319	0.000010	0.000010	LD_0.9_14_1468
ECA3899	0.000010	0.000010	0.000010	0.000012	0.000010	0.000010	0.000010	0.000010	0.000010	0.000010	0.000010	0.999868	0.000010	0.000010	LD_0.9_14_1468
ECA569	0.000010	0.000010	0.000010	0.000010	0.000010	0.000010	0.000014	0.000010	0.000010	0.000010	0.000010	0.000010	0.999865	0.000010	LD_0.9_14_1468
ED3032	0.000010	0.000010	0.000010	0.000010	0.000010	0.000010	0.000010	0.000010	0.000010	0.000010	0.000010	0.999870	0.000010	0.000010	LD_0.9_14_1468
ED3037	0.000010	0.000010	0.000010	0.000010	0.000010	0.000010	0.000010	0.000010	0.000010	0.000010	0.000010	0.999870	0.000010	0.000010	LD_0.9_14_1468
ED3088	0.000010	0.000010	0.000010	0.000010	0.000010	0.000010	0.000010	0.000011	0.000010	0.633903	0.000010	0.365976	0.000010	0.000010	LD_0.9_14_1468
ED3102	0.000010	0.000010	0.000019	0.000010	0.000010	0.000010	0.999859	0.000010	0.000013	0.000010	0.000010	0.000010	0.000010	0.000010	LD_0.9_14_1468
EG4360	0.000010	0.000010	0.000010	0.000011	0.000010	0.000010	0.000020	0.000010	0.000010	0.000010	0.000020	0.000010	0.999849	0.000010	LD_0.9_14_1468
EG5612	0.000010	0.999863	0.000010	0.000010	0.000010	0.000010	0.000010	0.000010	0.000010	0.000017	0.000010	0.000010	0.000010	0.000010	LD_0.9_14_1468
EG5613	0.000010	0.006077	0.000010	0.000010	0.040072	0.000010	0.000010	0.000010	0.000010	0.953741	0.000010	0.000010	0.000010	0.000010	LD_0.9_14_1468
EG6179	0.000010	0.037520	0.010755	0.000010	0.008179	0.000010	0.000010	0.000011	0.000010	0.126689	0.000010	0.816767	0.000010	0.000010	LD_0.9_14_1468
EG6260	0.000010	0.000010	0.067353	0.000010	0.000010	0.000010	0.000010	0.000010	0.000010	0.932527	0.000010	0.000010	0.000010	0.000010	LD_0.9_14_1468
EG6261	0.000010	0.000010	0.000010	0.000010	0.000010	0.000010	0.000010	0.000010	0.000010	0.873742	0.000010	0.126138	0.000010	0.000010	LD_0.9_14_1468
EG6265	0.016329	0.000010	0.000012	0.000010	0.000010	0.000010	0.000010	0.000010	0.983549	0.000010	0.000010	0.000010	0.000010	0.000010	LD_0.9_14_1468
EG6267	0.000010	0.000010	0.000010	0.000010	0.000010	0.000010	0.000010	0.000010	0.000010	0.706109	0.000010	0.293771	0.000010	0.000010	LD_0.9_14_1468
EG6268	0.000010	0.000010	0.000010	0.000010	0.000010	0.000010	0.000010	0.000010	0.999870	0.000010	0.000010	0.000010	0.000010	0.000010	LD_0.9_14_1468
EG6271	0.000016	0.000010	0.119459	0.000010	0.000010	0.000010	0.000010	0.000010	0.000010	0.880414	0.000010	0.000010	0.000010	0.000010	LD_0.9_14_1468
EG6272	0.000010	0.000010	0.071565	0.000010	0.000015	0.000010	0.000010	0.000010	0.000010	0.713310	0.000010	0.215009	0.000012	0.000010	LD_0.9_14_1468
EG6274	0.000019	0.000010	0.000014	0.000010	0.000010	0.000010	0.000010	0.000010	0.000010	0.955601	0.000010	0.044266	0.000010	0.000010	LD_0.9_14_1468
EG6275	0.000020	0.000010	0.000014	0.000010	0.000010	0.000010	0.000010	0.000010	0.000010	0.911467	0.000010	0.088396	0.000013	0.000010	LD_0.9_14_1468
EG6276	0.000011	0.000010	0.000010	0.000010	0.000010	0.000010	0.000010	0.000010	0.000010	0.840244	0.000010	0.159634	0.000010	0.000010	LD_0.9_14_1468
EG6329	0.000010	0.000010	0.303714	0.000010	0.000010	0.000011	0.000010	0.000010	0.000010	0.696164	0.000011	0.000010	0.000010	0.000010	LD_0.9_14_1468
GUN124	0.000010	0.000010	0.000010	0.000012	0.000010	0.000010	0.000010	0.000010	0.000010	0.000010	0.000010	0.000010	0.999868	0.000010	LD_0.9_14_1468
GXW22	0.000010	0.000010	0.000010	0.000010	0.000010	0.000010	0.000010	0.000010	0.000010	0.000010	0.000010	0.999870	0.000010	0.000010	LD_0.9_14_1468
GXW23	0.000016	0.808983	0.000010	0.000011	0.000010	0.000010	0.000010	0.000010	0.000010	0.000010	0.000010	0.190890	0.000010	0.000010	LD_0.9_14_1468
HK104	0.000010	0.000010	0.000010	0.000010	0.000010	0.000010	0.000010	0.000010	0.000010	0.000010	0.000010	0.000010	0.999870	0.000010	LD_0.9_14_1468
HPT11	0.000010	0.000010	0.000010	0.000010	0.000010	0.000010	0.000010	0.000010	0.000010	0.000010	0.999870	0.000010	0.000010	0.000010	LD_0.9_14_1468
HPT16	0.000011	0.333369	0.107196	0.000010	0.000010	0.000010	0.000012	0.000010	0.000010	0.029514	0.000014	0.529810	0.000015	0.000010	LD_0.9_14_1468
HPT18	0.000010	0.000010	0.000014	0.000010	0.000010	0.000013	0.000010	0.000010	0.000010	0.000010	0.999861	0.000012	0.000010	0.000010	LD_0.9_14_1468
HPT19	0.000010	0.344683	0.105611	0.000010	0.000010	0.000010	0.000010	0.000010	0.000010	0.000010	0.000010	0.549596	0.000010	0.000010	LD_0.9_14_1468
HPT2	0.000010	0.400704	0.113976	0.000010	0.000010	0.000010	0.000010	0.000010	0.000010	0.000010	0.000010	0.485209	0.000010	0.000010	LD_0.9_14_1468
HPT21	0.006249	0.000010	0.000010	0.000010	0.000010	0.000010	0.000010	0.000010	0.000010	0.004103	0.000010	0.989538	0.000010	0.000010	LD_0.9_14_1468
HPT24	0.000010	0.000010	0.000012	0.000010	0.000010	0.000010	0.000010	0.000010	0.000010	0.000010	0.999868	0.000010	0.000010	0.000010	LD_0.9_14_1468
HPT34	0.000010	0.362156	0.113970	0.000014	0.000010	0.000010	0.000011	0.000010	0.000010	0.007019	0.000010	0.516750	0.000010	0.000010	LD_0.9_14_1468
HPT37	0.034992	0.317442	0.055123	0.000010	0.000010	0.000016	0.000010	0.000011	0.000010	0.046127	0.000010	0.546220	0.000010	0.000010	LD_0.9_14_1468
HPT4	0.000010	0.365914	0.115902	0.000010	0.000010	0.000010	0.000010	0.000010	0.000010	0.021533	0.000010	0.496551	0.000010	0.000010	LD_0.9_14_1468
HPT42	0.000010	0.311963	0.101845	0.000010	0.000010	0.000010	0.000010	0.000010	0.000010	0.000010	0.000010	0.586083	0.000010	0.000010	LD_0.9_14_1468
HPT52	0.000010	0.000010	0.000010	0.000010	0.433404	0.000010	0.000010	0.000010	0.000010	0.000010	0.000010	0.566476	0.000010	0.000010	LD_0.9_14_1468
HPT53	0.000010	0.000010	0.000010	0.000010	0.000010	0.000010	0.000010	0.000010	0.000010	0.000010	0.000010	0.999870	0.000010	0.000010	LD_0.9_14_1468
HPT54	0.000010	0.000010	0.000010	0.000010	0.000010	0.000010	0.000010	0.000010	0.000010	0.000010	0.000010	0.999870	0.000010	0.000010	LD_0.9_14_1468
HPT55	0.000010	0.000010	0.000010	0.000010	0.000010	0.000010	0.000010	0.000010	0.000010	0.000010	0.000010	0.999870	0.000010	0.000010	LD_0.9_14_1468
HPT59	0.000010	0.000010	0.000010	0.000010	0.000010	0.000010	0.000010	0.000010	0.000010	0.000010	0.000010	0.999866	0.000014	0.000010	LD_0.9_14_1468
HPT60	0.000010	0.000014	0.000010	0.000010	0.000010	0.000010	0.000010	0.000011	0.000010	0.000013	0.000010	0.999862	0.000010	0.000010	LD_0.9_14_1468
HPT62	0.000010	0.000010	0.000013	0.000010	0.999867	0.000010	0.000010	0.000010	0.000010	0.000010	0.000010	0.000010	0.000010	0.000010	LD_0.9_14_1468
HPT63	0.000010	0.019198	0.000010	0.000010	0.000010	0.000010	0.000010	0.000010	0.000010	0.000010	0.000010	0.980682	0.000010	0.000010	LD_0.9_14_1468
HPT7	0.000010	0.360489	0.148767	0.000010	0.000010	0.000010	0.000010	0.000010	0.000010	0.000010	0.000010	0.490635	0.000010	0.000010	LD_0.9_14_1468
HPT8	0.000014	0.362504	0.113354	0.000010	0.000010	0.000010	0.000012	0.000010	0.000010	0.005429	0.000010	0.518607	0.000010	0.000010	LD_0.9_14_1468
HPT9	0.000010	0.886798	0.000010	0.000019	0.000010	0.000010	0.000010	0.000010	0.000010	0.000010	0.000010	0.113072	0.000010	0.000010	LD_0.9_14_1468
JU1257	0.000010	0.000010	0.000010	0.000010	0.000010	0.000010	0.000010	0.000010	0.000010	0.000010	0.000010	0.000010	0.999870	0.000010	LD_0.9_14_1468
JU1337	0.000010	0.000010	0.000010	0.000010	0.040010	0.000010	0.000010	0.000010	0.000010	0.706192	0.000010	0.253688	0.000010	0.000010	LD_0.9_14_1468
JU1338	0.000010	0.999867	0.000010	0.000010	0.000013	0.000010	0.000010	0.000010	0.000010	0.000010	0.000010	0.000010	0.000010	0.000010	LD_0.9_14_1468
JU1341	0.000010	0.000010	0.000010	0.000014	0.000010	0.000010	0.000010	0.000010	0.000010	0.000010	0.000010	0.000015	0.000010	0.999861	LD_0.9_14_1468
JU1344	0.000010	0.365482	0.000010	0.000010	0.000010	0.000019	0.000010	0.000010	0.000010	0.000010	0.000010	0.634389	0.000010	0.000010	LD_0.9_14_1468
JU1346	0.000010	0.999861	0.000010	0.000010	0.000010	0.000011	0.000010	0.000010	0.000010	0.000010	0.000018	0.000010	0.000010	0.000010	LD_0.9_14_1468
JU1347	0.000010	0.000012	0.000012	0.000010	0.000010	0.000010	0.000010	0.000010	0.000010	0.860858	0.000010	0.139018	0.000010	0.000010	LD_0.9_14_1468
JU1348	0.000010	0.000010	0.000010	0.000010	0.000010	0.000010	0.000010	0.000010	0.000010	0.000010	0.000010	0.000010	0.000010	0.999870	LD_0.9_14_1468
JU1375	0.000010	0.000010	0.000010	0.000010	0.000010	0.000010	0.000010	0.000010	0.000010	0.833430	0.000012	0.166449	0.000010	0.000010	LD_0.9_14_1468
JU1377	0.000010	0.000010	0.000010	0.000010	0.000010	0.000010	0.000010	0.000010	0.000010	0.960927	0.000011	0.038953	0.000010	0.000010	LD_0.9_14_1468
JU1378	0.000010	0.000010	0.000010	0.000010	0.000010	0.000012	0.000012	0.000014	0.000010	0.912851	0.000010	0.087021	0.000010	0.000010	LD_0.9_14_1468
JU1392	0.000010	0.000012	0.000010	0.000010	0.000010	0.000010	0.000010	0.000010	0.000010	0.986220	0.000010	0.013658	0.000010	0.000010	LD_0.9_14_1468
JU1399	0.036054	0.000010	0.612512	0.000010	0.000010	0.000010	0.000010	0.000010	0.000010	0.145261	0.000010	0.206073	0.000010	0.000010	LD_0.9_14_1468
JU1424	0.000010	0.999870	0.000010	0.000010	0.000010	0.000010	0.000010	0.000010	0.000010	0.000010	0.000010	0.000010	0.000010	0.000010	LD_0.9_14_1468
JU1435	0.000010	0.000010	0.000010	0.000010	0.000010	0.000010	0.000010	0.000010	0.000010	0.999870	0.000010	0.000010	0.000010	0.000010	LD_0.9_14_1468
JU1564	0.000010	0.000010	0.000010	0.000014	0.000010	0.000010	0.000013	0.000010	0.000012	0.000010	0.000010	0.000010	0.999861	0.000010	LD_0.9_14_1468
JU1637	0.000010	0.000010	0.000010	0.000010	0.000010	0.000010	0.000010	0.000010	0.000010	0.843933	0.000010	0.155947	0.000010	0.000010	LD_0.9_14_1468
JU1638	0.000010	0.000010	0.000010	0.000010	0.000010	0.000010	0.000010	0.000010	0.000010	0.861327	0.000010	0.138553	0.000010	0.000010	LD_0.9_14_1468
JU1794	0.000010	0.051131	0.000010	0.000010	0.020572	0.000010	0.000010	0.000010	0.000010	0.165220	0.000010	0.762975	0.000012	0.000010	LD_0.9_14_1468
JU1795	0.000010	0.000010	0.005950	0.000010	0.000016	0.000010	0.000010	0.000010	0.000010	0.259161	0.000010	0.734773	0.000010	0.000010	LD_0.9_14_1468
JU1799	0.000010	0.000010	0.000010	0.000010	0.000010	0.000010	0.000010	0.000010	0.000010	0.965809	0.000010	0.034071	0.000010	0.000010	LD_0.9_14_1468
JU1802	0.000012	0.000010	0.000010	0.000010	0.000010	0.000011	0.000010	0.000010	0.000010	0.837741	0.000010	0.162135	0.000010	0.000010	LD_0.9_14_1468
JU1814	0.000010	0.000010	0.406269	0.000010	0.000010	0.000010	0.000010	0.000010	0.000010	0.593611	0.000010	0.000010	0.000010	0.000010	LD_0.9_14_1468
JU1884	0.000010	0.000010	0.000010	0.000010	0.000010	0.000014	0.000010	0.000010	0.000010	0.118838	0.000010	0.881038	0.000010	0.000010	LD_0.9_14_1468
JU1885	0.000010	0.000010	0.000010	0.000010	0.056142	0.000010	0.000010	0.000010	0.000010	0.827729	0.000010	0.116019	0.000010	0.000010	LD_0.9_14_1468
JU1907	0.000016	0.000014	0.039618	0.000010	0.000010	0.000010	0.000010	0.000010	0.000010	0.000010	0.000010	0.960252	0.000010	0.000010	LD_0.9_14_1468
JU1908	0.000016	0.000013	0.049744	0.000010	0.000010	0.000010	0.000010	0.000010	0.000010	0.000010	0.000010	0.950127	0.000010	0.000010	LD_0.9_14_1468
JU1909	0.000010	0.000010	0.000013	0.000010	0.000010	0.000010	0.000010	0.000010	0.000010	0.000010	0.000010	0.999867	0.000010	0.000010	LD_0.9_14_1468
JU1913	0.000010	0.000010	0.000010	0.000010	0.416505	0.000010	0.000010	0.000010	0.000010	0.124762	0.000010	0.458624	0.000010	0.000010	LD_0.9_14_1468
JU2053	0.000010	0.000010	0.000010	0.000010	0.000010	0.000014	0.000010	0.000011	0.000010	0.184763	0.000010	0.815111	0.000010	0.000010	LD_0.9_14_1468
JU2054	0.000018	0.000010	0.000018	0.000010	0.000017	0.000010	0.000010	0.000010	0.000011	0.000010	0.000010	0.999846	0.000010	0.000010	LD_0.9_14_1468
JU2056	0.000010	0.000010	0.000010	0.000010	0.000010	0.000010	0.000010	0.000010	0.000010	0.000010	0.000010	0.999870	0.000010	0.000010	LD_0.9_14_1468
JU2057	0.000010	0.000010	0.000010	0.000010	0.999869	0.000011	0.000010	0.000010	0.000010	0.000010	0.000010	0.000010	0.000010	0.000010	LD_0.9_14_1468
JU2160	0.000010	0.000010	0.000010	0.000010	0.999861	0.000011	0.000017	0.000010	0.000011	0.000010	0.000010	0.000010	0.000010	0.000010	LD_0.9_14_1468
JU2162	0.000010	0.000010	0.000010	0.000010	0.999864	0.000010	0.000010	0.000010	0.000010	0.000010	0.000015	0.000010	0.000010	0.000010	LD_0.9_14_1468
JU2214	0.190018	0.000010	0.072900	0.000010	0.000017	0.000010	0.000010	0.000010	0.000010	0.326436	0.000010	0.410539	0.000010	0.000010	LD_0.9_14_1468
JU2216	0.000010	0.000010	0.000011	0.000010	0.000019	0.000010	0.000020	0.000010	0.999847	0.000010	0.000012	0.000012	0.000010	0.000010	LD_0.9_14_1468
JU2457	0.000010	0.000010	0.218764	0.000010	0.000010	0.000010	0.000010	0.000010	0.000010	0.000010	0.000010	0.291661	0.489465	0.000010	LD_0.9_14_1468
JU2470	0.000010	0.000010	0.000010	0.000013	0.999867	0.000010	0.000010	0.000010	0.000010	0.000010	0.000010	0.000010	0.000010	0.000010	LD_0.9_14_1468
JU2472	0.000010	0.000010	0.076699	0.000010	0.000010	0.000011	0.000010	0.000010	0.000011	0.832793	0.000010	0.090396	0.000010	0.000010	LD_0.9_14_1468
JU2506	0.000010	0.013532	0.000010	0.000010	0.000010	0.000010	0.000010	0.000010	0.000010	0.000015	0.000010	0.986340	0.000013	0.000010	LD_0.9_14_1468
JU2507	0.000010	0.000010	0.000010	0.000010	0.999870	0.000010	0.000010	0.000010	0.000010	0.000010	0.000010	0.000010	0.000010	0.000010	LD_0.9_14_1468
JU2518	0.000014	0.000010	0.999856	0.000010	0.000010	0.000010	0.000010	0.000010	0.000011	0.000019	0.000010	0.000010	0.000010	0.000010	LD_0.9_14_1468
JU2536	0.000010	0.000010	0.000010	0.000010	0.000010	0.000010	0.000014	0.000010	0.000010	0.000010	0.000010	0.000010	0.999866	0.000010	LD_0.9_14_1468
JU2597	0.382552	0.000017	0.485365	0.000010	0.000010	0.000010	0.000010	0.000010	0.000010	0.131967	0.000010	0.000010	0.000010	0.000010	LD_0.9_14_1468
JU2747	0.017991	0.066582	0.000010	0.000010	0.048235	0.000010	0.000010	0.000010	0.000010	0.747350	0.000010	0.119752	0.000010	0.000010	LD_0.9_14_1468
JU2767	0.000010	0.000010	0.000010	0.000010	0.000010	0.000010	0.999870	0.000010	0.000010	0.000010	0.000010	0.000010	0.000010	0.000010	LD_0.9_14_1468
JU2799	0.000010	0.000010	0.000010	0.000012	0.000012	0.000010	0.000010	0.000010	0.000010	0.544133	0.000010	0.455743	0.000010	0.000010	LD_0.9_14_1468
JU2801	0.000013	0.000010	0.000010	0.000010	0.000012	0.000010	0.000010	0.000010	0.000010	0.000012	0.000011	0.000010	0.000010	0.999863	LD_0.9_14_1468
JU2836	0.226492	0.000010	0.020613	0.000010	0.000010	0.000010	0.000010	0.000010	0.000010	0.317739	0.000010	0.435055	0.000010	0.000010	LD_0.9_14_1468
JU2849	0.000010	0.999862	0.000010	0.000010	0.000010	0.000010	0.000010	0.000010	0.000018	0.000010	0.000010	0.000010	0.000010	0.000010	LD_0.9_14_1468
JU2861	0.000010	0.000010	0.000010	0.000010	0.000010	0.000010	0.000010	0.000010	0.000010	0.220720	0.000010	0.779160	0.000010	0.000010	LD_0.9_14_1468
JU2868	0.000010	0.000010	0.000010	0.000010	0.000011	0.000010	0.000010	0.000010	0.000010	0.000010	0.000010	0.999869	0.000010	0.000010	LD_0.9_14_1468
JU2872	0.000010	0.000014	0.000010	0.000010	0.000010	0.000010	0.000017	0.000010	0.000010	0.000010	0.000010	0.000010	0.999859	0.000010	LD_0.9_14_1468
JU3171	0.000010	0.000011	0.000010	0.000010	0.000010	0.000010	0.000010	0.000012	0.000013	0.711326	0.000010	0.288548	0.000010	0.000010	LD_0.9_14_1468
JU3200	0.000010	0.000010	0.000010	0.000010	0.000010	0.000010	0.000010	0.000014	0.000011	0.000010	0.000010	0.000010	0.000010	0.999864	LD_0.9_14_1468
JU3201	0.000012	0.000010	0.000010	0.000010	0.000010	0.000010	0.000010	0.000010	0.000010	0.000010	0.000011	0.000010	0.000010	0.999867	LD_0.9_14_1468
JU3202	0.000011	0.000010	0.000010	0.000010	0.000018	0.000010	0.000010	0.000011	0.000010	0.000010	0.000010	0.000011	0.000010	0.999858	LD_0.9_14_1468
JU3203	0.000013	0.000010	0.000010	0.000010	0.000011	0.000010	0.000010	0.000010	0.000010	0.000010	0.000011	0.000011	0.000010	0.999864	LD_0.9_14_1468
JU3206	0.000010	0.000010	0.000010	0.000010	0.000018	0.000010	0.000010	0.000010	0.000010	0.000010	0.000010	0.000011	0.000010	0.999861	LD_0.9_14_1468
JU3207	0.000010	0.000010	0.000010	0.000010	0.000014	0.000010	0.000010	0.000010	0.000010	0.239486	0.000010	0.760390	0.000010	0.000010	LD_0.9_14_1468
JU3237	0.000010	0.000010	0.000010	0.000010	0.999870	0.000010	0.000010	0.000010	0.000010	0.000010	0.000010	0.000010	0.000010	0.000010	LD_0.9_14_1468
JU3272	0.000010	0.000010	0.000012	0.000011	0.000010	0.000010	0.000010	0.000010	0.000010	0.000010	0.000010	0.000010	0.999866	0.000010	LD_0.9_14_1468
JU3281	0.000010	0.000010	0.000016	0.000010	0.000010	0.000010	0.000010	0.000010	0.000010	0.000010	0.000010	0.999864	0.000010	0.000010	LD_0.9_14_1468
JU3319	0.000010	0.835691	0.000010	0.000010	0.000010	0.000010	0.000010	0.000010	0.000010	0.000010	0.000010	0.164189	0.000010	0.000010	LD_0.9_14_1468
JU3321	0.000010	0.000010	0.000010	0.000010	0.000010	0.000010	0.000010	0.000010	0.000010	0.000010	0.000010	0.999870	0.000010	0.000010	LD_0.9_14_1468
JU3326	0.000010	0.000010	0.000010	0.000010	0.000010	0.000010	0.000010	0.000010	0.000010	0.000010	0.890876	0.000010	0.109004	0.000010	LD_0.9_14_1468
JU3327	0.000010	0.084134	0.000010	0.000013	0.000016	0.000010	0.000010	0.000011	0.000015	0.000010	0.000010	0.915730	0.000010	0.000010	LD_0.9_14_1468
JU3416	0.000010	0.000010	0.000010	0.000010	0.000010	0.000010	0.000014	0.000010	0.031444	0.000011	0.000010	0.068641	0.899800	0.000010	LD_0.9_14_1468
JU4042	0.000010	0.000010	0.000010	0.000010	0.000010	0.000010	0.000010	0.000010	0.000010	0.000010	0.000010	0.999870	0.000010	0.000010	LD_0.9_14_1468
JU4051	0.000010	0.999848	0.000020	0.000010	0.000014	0.000010	0.000010	0.000016	0.000010	0.000010	0.000012	0.000010	0.000010	0.000010	LD_0.9_14_1468
JU4058	0.000010	0.999870	0.000010	0.000010	0.000010	0.000010	0.000010	0.000010	0.000010	0.000010	0.000010	0.000010	0.000010	0.000010	LD_0.9_14_1468
JU4060	0.000010	0.999870	0.000010	0.000010	0.000010	0.000010	0.000010	0.000010	0.000010	0.000010	0.000010	0.000010	0.000010	0.000010	LD_0.9_14_1468
JU4062	0.000010	0.999870	0.000010	0.000010	0.000010	0.000010	0.000010	0.000010	0.000010	0.000010	0.000010	0.000010	0.000010	0.000010	LD_0.9_14_1468
JU4064	0.000010	0.999870	0.000010	0.000010	0.000010	0.000010	0.000010	0.000010	0.000010	0.000010	0.000010	0.000010	0.000010	0.000010	LD_0.9_14_1468
JU4080	0.000010	0.000010	0.000010	0.000010	0.000010	0.000010	0.000010	0.000010	0.000010	0.000010	0.000010	0.999870	0.000010	0.000010	LD_0.9_14_1468
JU4084	0.000010	0.999870	0.000010	0.000010	0.000010	0.000010	0.000010	0.000010	0.000010	0.000010	0.000010	0.000010	0.000010	0.000010	LD_0.9_14_1468
JU4097	0.000010	0.999864	0.000010	0.000011	0.000010	0.000010	0.000010	0.000010	0.000011	0.000012	0.000010	0.000011	0.000010	0.000010	LD_0.9_14_1468
JU725	0.000010	0.768787	0.000010	0.000010	0.000010	0.000010	0.000010	0.000010	0.000010	0.000010	0.000010	0.231093	0.000010	0.000010	LD_0.9_14_1468
MY2716	0.000010	0.000010	0.000017	0.000010	0.000010	0.000010	0.000010	0.000010	0.000010	0.100449	0.000010	0.899424	0.000010	0.000010	LD_0.9_14_1468
MY539	0.000010	0.000010	0.000010	0.000010	0.000010	0.000010	0.000010	0.000010	0.000010	0.177942	0.000010	0.821938	0.000010	0.000010	LD_0.9_14_1468
NIC1050	0.213293	0.000010	0.719041	0.000010	0.000010	0.000010	0.000010	0.000010	0.000010	0.067556	0.000010	0.000010	0.000010	0.000010	LD_0.9_14_1468
NIC1052	0.288519	0.000010	0.611565	0.000010	0.000010	0.000011	0.000017	0.000010	0.000010	0.099795	0.000013	0.000010	0.000010	0.000010	LD_0.9_14_1468
NIC1054	0.108683	0.000018	0.832848	0.000010	0.000014	0.000010	0.000010	0.000010	0.000011	0.058342	0.000014	0.000010	0.000010	0.000010	LD_0.9_14_1468
NIC1055	0.259173	0.000010	0.740707	0.000010	0.000010	0.000010	0.000010	0.000010	0.000010	0.000010	0.000010	0.000010	0.000010	0.000010	LD_0.9_14_1468
NIC1057	0.258937	0.000010	0.694114	0.000010	0.000015	0.000010	0.000010	0.000010	0.000010	0.046829	0.000014	0.000010	0.000010	0.000010	LD_0.9_14_1468
NIC1058	0.222245	0.000010	0.777634	0.000010	0.000010	0.000010	0.000010	0.000010	0.000010	0.000010	0.000011	0.000010	0.000010	0.000010	LD_0.9_14_1468
NIC1059	0.136831	0.000010	0.863043	0.000010	0.000010	0.000010	0.000010	0.000010	0.000010	0.000012	0.000010	0.000015	0.000010	0.000010	LD_0.9_14_1468
NIC1060	0.041326	0.000010	0.958546	0.000010	0.000010	0.000010	0.000010	0.000010	0.000010	0.000010	0.000010	0.000018	0.000010	0.000010	LD_0.9_14_1468
NIC1062	0.190877	0.000010	0.113973	0.000010	0.000010	0.000010	0.000010	0.000010	0.000010	0.695040	0.000010	0.000010	0.000010	0.000010	LD_0.9_14_1468
NIC1069	0.000010	0.000010	0.136362	0.000010	0.000010	0.000010	0.000010	0.000010	0.000010	0.728893	0.000010	0.134635	0.000010	0.000010	LD_0.9_14_1468
NIC1103	0.236159	0.000010	0.713195	0.000010	0.000010	0.000011	0.000010	0.000010	0.000010	0.000010	0.000010	0.050535	0.000010	0.000010	LD_0.9_14_1468
NIC1104	0.001442	0.000010	0.305072	0.000010	0.000010	0.000010	0.000010	0.000010	0.000010	0.099814	0.000010	0.593572	0.000010	0.000010	LD_0.9_14_1468
NIC1106	0.193095	0.000010	0.215279	0.000010	0.000010	0.000010	0.000010	0.000010	0.000010	0.423663	0.000010	0.167863	0.000010	0.000010	LD_0.9_14_1468
NIC1117	0.000010	0.000010	0.000010	0.000010	0.000010	0.000010	0.000010	0.000010	0.000010	0.000010	0.000010	0.999870	0.000010	0.000010	LD_0.9_14_1468
NIC1123	0.000010	0.999869	0.000010	0.000010	0.000010	0.000010	0.000010	0.000011	0.000010	0.000010	0.000010	0.000011	0.000010	0.000010	LD_0.9_14_1468
NIC1124	0.000019	0.000010	0.999850	0.000010	0.000010	0.000010	0.000011	0.000010	0.000012	0.000017	0.000011	0.000010	0.000010	0.000010	LD_0.9_14_1468
NIC1135	0.000010	0.000010	0.999870	0.000010	0.000010	0.000010	0.000010	0.000010	0.000010	0.000010	0.000010	0.000010	0.000010	0.000010	LD_0.9_14_1468
NIC1138	0.000013	0.000010	0.999856	0.000010	0.000010	0.000010	0.000011	0.000010	0.000012	0.000017	0.000011	0.000010	0.000011	0.000010	LD_0.9_14_1468
NIC1141	0.000012	0.000017	0.999852	0.000010	0.000017	0.000010	0.000010	0.000010	0.000012	0.000010	0.000010	0.000010	0.000011	0.000010	LD_0.9_14_1468
NIC115	0.000014	0.000010	0.000012	0.000010	0.000010	0.000010	0.000019	0.000010	0.000014	0.999852	0.000010	0.000010	0.000010	0.000010	LD_0.9_14_1468
NIC117	0.000010	0.000010	0.000010	0.000010	0.000010	0.000010	0.000010	0.000012	0.000010	0.999868	0.000010	0.000010	0.000010	0.000010	LD_0.9_14_1468
NIC1183	0.000014	0.000010	0.999865	0.000010	0.000010	0.000010	0.000010	0.000010	0.000010	0.000011	0.000010	0.000010	0.000010	0.000010	LD_0.9_14_1468
NIC119	0.000010	0.000010	0.000010	0.000010	0.000010	0.000010	0.000010	0.000010	0.000010	0.999870	0.000010	0.000010	0.000010	0.000010	LD_0.9_14_1468
NIC1190	0.000010	0.000010	0.999870	0.000010	0.000010	0.000010	0.000010	0.000010	0.000010	0.000010	0.000010	0.000010	0.000010	0.000010	LD_0.9_14_1468
NIC1202	0.000017	0.141161	0.021660	0.000010	0.000018	0.000012	0.000010	0.000010	0.000010	0.000618	0.000010	0.836444	0.000010	0.000010	LD_0.9_14_1468
NIC1204	0.000010	0.197074	0.020085	0.000010	0.000010	0.000010	0.000010	0.000010	0.000010	0.011784	0.000010	0.770957	0.000010	0.000010	LD_0.9_14_1468
NIC1205	0.000010	0.000010	0.000010	0.000010	0.000010	0.000011	0.000010	0.000010	0.999869	0.000010	0.000010	0.000010	0.000010	0.000010	LD_0.9_14_1468
NIC1218	0.000010	0.000010	0.000010	0.000010	0.000010	0.000010	0.000010	0.000010	0.000010	0.000010	0.000010	0.999870	0.000010	0.000010	LD_0.9_14_1468
NIC1220	0.000010	0.000010	0.000017	0.000010	0.000010	0.000013	0.000010	0.000012	0.999851	0.000010	0.000018	0.000010	0.000010	0.000010	LD_0.9_14_1468
NIC1221	0.000010	0.221473	0.006361	0.000010	0.000010	0.000010	0.000010	0.000014	0.000010	0.000010	0.000010	0.772052	0.000010	0.000010	LD_0.9_14_1468
NIC123	0.000010	0.000010	0.000010	0.000010	0.000010	0.000010	0.000010	0.000010	0.000010	0.999870	0.000010	0.000010	0.000010	0.000010	LD_0.9_14_1468
NIC1267	0.000010	0.000010	0.600981	0.000011	0.000013	0.000013	0.000010	0.000010	0.000010	0.360399	0.000012	0.038500	0.000010	0.000010	LD_0.9_14_1468
NIC1283	0.000010	0.000010	0.999870	0.000010	0.000010	0.000010	0.000010	0.000010	0.000010	0.000010	0.000010	0.000010	0.000010	0.000010	LD_0.9_14_1468
NIC1288	0.149687	0.115148	0.735048	0.000012	0.000010	0.000014	0.000011	0.000010	0.000010	0.000010	0.000010	0.000010	0.000010	0.000010	LD_0.9_14_1468
NIC1292	0.000010	0.000010	0.999870	0.000010	0.000010	0.000010	0.000010	0.000010	0.000010	0.000010	0.000010	0.000010	0.000010	0.000010	LD_0.9_14_1468
NIC1302	0.000010	0.000010	0.999870	0.000010	0.000010	0.000010	0.000010	0.000010	0.000010	0.000010	0.000010	0.000010	0.000010	0.000010	LD_0.9_14_1468
NIC1304	0.000010	0.000010	0.999863	0.000010	0.000010	0.000010	0.000010	0.000010	0.000010	0.000010	0.000010	0.000017	0.000010	0.000010	LD_0.9_14_1468
NIC1308	0.000013	0.549044	0.000010	0.000010	0.000010	0.000011	0.000011	0.000010	0.000010	0.450831	0.000010	0.000010	0.000010	0.000010	LD_0.9_14_1468
NIC1407	0.000014	0.000010	0.999857	0.000010	0.000010	0.000015	0.000011	0.000010	0.000014	0.000010	0.000010	0.000010	0.000010	0.000010	LD_0.9_14_1468
NIC1421	0.123938	0.000010	0.578918	0.000010	0.000010	0.000010	0.000010	0.000010	0.000010	0.297033	0.000010	0.000010	0.000010	0.000010	LD_0.9_14_1468
NIC1423	0.174070	0.000011	0.825802	0.000010	0.000010	0.000014	0.000010	0.000010	0.000010	0.000010	0.000011	0.000011	0.000010	0.000010	LD_0.9_14_1468
NIC1442	0.000010	0.000011	0.999849	0.000010	0.000011	0.000016	0.000010	0.000010	0.000010	0.000013	0.000017	0.000013	0.000010	0.000010	LD_0.9_14_1468
NIC1491	0.000010	0.000013	0.999848	0.000010	0.000011	0.000015	0.000013	0.000010	0.000010	0.000014	0.000010	0.000015	0.000010	0.000010	LD_0.9_14_1468
NIC1525	0.000010	0.000010	0.000010	0.000010	0.000010	0.000010	0.000010	0.000010	0.000010	0.886349	0.000010	0.113531	0.000010	0.000010	LD_0.9_14_1468
NIC1528	0.000010	0.000010	0.000010	0.000010	0.000010	0.000010	0.000010	0.000010	0.000010	0.999870	0.000010	0.000010	0.000010	0.000010	LD_0.9_14_1468
NIC1529	0.000010	0.000010	0.000010	0.000010	0.000010	0.000010	0.000010	0.000010	0.000010	0.964194	0.000010	0.035686	0.000010	0.000010	LD_0.9_14_1468
NIC1533	0.000010	0.000010	0.000010	0.000010	0.000010	0.000010	0.000010	0.000010	0.000010	0.870812	0.000010	0.129068	0.000010	0.000010	LD_0.9_14_1468
NIC1535	0.000010	0.000010	0.034558	0.000010	0.000010	0.000010	0.000010	0.000010	0.000010	0.933334	0.000010	0.031998	0.000010	0.000010	LD_0.9_14_1468
NIC1539	0.000010	0.000010	0.000010	0.000010	0.000010	0.000010	0.000011	0.000010	0.999855	0.000020	0.000010	0.000014	0.000010	0.000010	LD_0.9_14_1468
NIC1540	0.000010	0.000010	0.000010	0.999870	0.000010	0.000010	0.000010	0.000010	0.000010	0.000010	0.000010	0.000010	0.000010	0.000010	LD_0.9_14_1468
NIC1562	0.000010	0.000010	0.000010	0.000010	0.000012	0.000013	0.000010	0.000010	0.999864	0.000010	0.000010	0.000010	0.000010	0.000010	LD_0.9_14_1468
NIC1589	0.000010	0.000010	0.000010	0.999864	0.000010	0.000010	0.000010	0.000010	0.000010	0.000010	0.000010	0.000016	0.000010	0.000010	LD_0.9_14_1468
NIC1590	0.000010	0.000011	0.000010	0.000010	0.000017	0.000010	0.000010	0.000010	0.999862	0.000010	0.000010	0.000010	0.000010	0.000010	LD_0.9_14_1468
NIC1591	0.000010	0.000010	0.000010	0.999870	0.000010	0.000010	0.000010	0.000010	0.000010	0.000010	0.000010	0.000010	0.000010	0.000010	LD_0.9_14_1468
NIC1593	0.000010	0.000010	0.000010	0.999870	0.000010	0.000010	0.000010	0.000010	0.000010	0.000010	0.000010	0.000010	0.000010	0.000010	LD_0.9_14_1468
NIC1595	0.000010	0.000010	0.000014	0.000010	0.000010	0.000010	0.000010	0.000010	0.999859	0.000012	0.000015	0.000010	0.000010	0.000010	LD_0.9_14_1468
NIC1598	0.000010	0.000010	0.000010	0.000010	0.000010	0.000010	0.000012	0.000010	0.987285	0.000019	0.000011	0.012583	0.000010	0.000010	LD_0.9_14_1468
NIC1602	0.000010	0.000010	0.000010	0.000010	0.000010	0.000010	0.000011	0.000010	0.999868	0.000010	0.000010	0.000010	0.000011	0.000010	LD_0.9_14_1468
NIC1607	0.000010	0.000010	0.000010	0.000010	0.000010	0.999866	0.000010	0.000010	0.000014	0.000010	0.000010	0.000010	0.000010	0.000010	LD_0.9_14_1468
NIC1628	0.000010	0.000010	0.000010	0.000010	0.000010	0.000010	0.000010	0.000010	0.000010	0.000012	0.000010	0.999868	0.000010	0.000010	LD_0.9_14_1468
NIC1630	0.000011	0.000010	0.000010	0.000010	0.000010	0.000010	0.000010	0.000010	0.999861	0.000016	0.000011	0.000010	0.000010	0.000010	LD_0.9_14_1468
NIC1631	0.000010	0.000012	0.000010	0.000010	0.000010	0.000010	0.000010	0.000010	0.999864	0.000014	0.000010	0.000010	0.000010	0.000010	LD_0.9_14_1468
NIC1632	0.000010	0.000010	0.000010	0.000010	0.000010	0.000010	0.000010	0.000010	0.000010	0.000010	0.000010	0.000010	0.999870	0.000010	LD_0.9_14_1468
NIC1633	0.000010	0.000010	0.000014	0.000011	0.000010	0.000010	0.000011	0.000010	0.000010	0.000010	0.000010	0.000010	0.999864	0.000010	LD_0.9_14_1468
NIC1635	0.000010	0.000010	0.000010	0.000011	0.000010	0.000010	0.000015	0.000010	0.000010	0.000010	0.000010	0.000010	0.999864	0.000010	LD_0.9_14_1468
NIC1645	0.000010	0.000010	0.000010	0.000011	0.000010	0.000010	0.000010	0.000010	0.999869	0.000010	0.000010	0.000010	0.000010	0.000010	LD_0.9_14_1468
NIC1660	0.000010	0.000010	0.000010	0.000010	0.000010	0.000010	0.000010	0.000010	0.999870	0.000010	0.000010	0.000010	0.000010	0.000010	LD_0.9_14_1468
NIC1661	0.000010	0.000010	0.000010	0.000010	0.000010	0.000017	0.000010	0.000010	0.999863	0.000010	0.000010	0.000010	0.000010	0.000010	LD_0.9_14_1468
NIC1662	0.000010	0.000010	0.000014	0.000010	0.000010	0.000010	0.000010	0.000010	0.999866	0.000010	0.000010	0.000010	0.000010	0.000010	LD_0.9_14_1468
NIC1663	0.000010	0.000010	0.000010	0.000010	0.000010	0.000016	0.000010	0.000010	0.999864	0.000010	0.000010	0.000010	0.000010	0.000010	LD_0.9_14_1468
NIC1664	0.000010	0.000010	0.000010	0.999870	0.000010	0.000010	0.000010	0.000010	0.000010	0.000010	0.000010	0.000010	0.000010	0.000010	LD_0.9_14_1468
NIC1665	0.000010	0.000010	0.000010	0.999859	0.000010	0.000010	0.000012	0.000010	0.000014	0.000010	0.000010	0.000015	0.000010	0.000010	LD_0.9_14_1468
NIC1666	0.000013	0.000015	0.000010	0.000010	0.000010	0.000010	0.000010	0.000010	0.999862	0.000010	0.000010	0.000010	0.000010	0.000010	LD_0.9_14_1468
NIC1667	0.000010	0.000010	0.000010	0.000011	0.000010	0.000010	0.000010	0.000010	0.999866	0.000010	0.000013	0.000010	0.000010	0.000010	LD_0.9_14_1468
NIC1681	0.000010	0.000010	0.000010	0.000010	0.000010	0.000010	0.000010	0.000010	0.999870	0.000010	0.000010	0.000010	0.000010	0.000010	LD_0.9_14_1468
NIC1688	0.000010	0.000010	0.000010	0.000010	0.000010	0.000010	0.000010	0.000010	0.000010	0.000010	0.000010	0.999870	0.000010	0.000010	LD_0.9_14_1468
NIC1692	0.000010	0.000014	0.000010	0.000010	0.000010	0.000010	0.000010	0.000010	0.999866	0.000010	0.000010	0.000010	0.000010	0.000010	LD_0.9_14_1468
NIC1693	0.000010	0.000010	0.000010	0.000010	0.000010	0.000010	0.000010	0.000010	0.999870	0.000010	0.000010	0.000010	0.000010	0.000010	LD_0.9_14_1468
NIC17	0.000010	0.000012	0.000010	0.000010	0.000011	0.000010	0.000010	0.000010	0.000010	0.873043	0.000010	0.126833	0.000010	0.000010	LD_0.9_14_1468
NIC174	0.000010	0.000010	0.000010	0.000010	0.000010	0.000010	0.000010	0.000010	0.000010	0.000010	0.000010	0.000010	0.999870	0.000010	LD_0.9_14_1468
NIC187	0.000010	0.000010	0.166193	0.000010	0.000012	0.000010	0.000010	0.000010	0.000010	0.833684	0.000010	0.000010	0.000010	0.000010	LD_0.9_14_1468
NIC188	0.000010	0.000010	0.108022	0.000014	0.000010	0.000015	0.000018	0.000010	0.000012	0.891836	0.000010	0.000010	0.000013	0.000010	LD_0.9_14_1468
NIC19	0.000010	0.000010	0.000010	0.999870	0.000010	0.000010	0.000010	0.000010	0.000010	0.000010	0.000010	0.000010	0.000010	0.000010	LD_0.9_14_1468
NIC191	0.000010	0.000010	0.000010	0.000010	0.000010	0.000010	0.000010	0.000010	0.000010	0.999870	0.000010	0.000010	0.000010	0.000010	LD_0.9_14_1468
NIC20	0.000013	0.000014	0.000010	0.999856	0.000014	0.000010	0.000012	0.000010	0.000010	0.000010	0.000010	0.000012	0.000010	0.000010	LD_0.9_14_1468
NIC21	0.000010	0.000010	0.000010	0.999866	0.000010	0.000010	0.000010	0.000010	0.000010	0.000010	0.000013	0.000010	0.000010	0.000010	LD_0.9_14_1468
NIC22	0.000010	0.000010	0.000010	0.999870	0.000010	0.000010	0.000010	0.000010	0.000010	0.000010	0.000010	0.000010	0.000010	0.000010	LD_0.9_14_1468
NIC2369	0.000010	0.999854	0.000010	0.000010	0.000012	0.000010	0.000015	0.000010	0.000019	0.000010	0.000010	0.000010	0.000010	0.000010	LD_0.9_14_1468
NIC248	0.000010	0.000010	0.000010	0.000010	0.000010	0.000010	0.000010	0.000010	0.000010	0.999870	0.000010	0.000010	0.000010	0.000010	LD_0.9_14_1468
NIC250	0.000010	0.000010	0.000010	0.000010	0.000010	0.000010	0.000010	0.000010	0.000010	0.999870	0.000010	0.000010	0.000010	0.000010	LD_0.9_14_1468
NIC2527	0.000010	0.000010	0.000010	0.000010	0.000010	0.000010	0.000010	0.000010	0.000015	0.000010	0.000010	0.999865	0.000010	0.000010	LD_0.9_14_1468
NIC309	0.000010	0.000015	0.999865	0.000010	0.000010	0.000010	0.000010	0.000010	0.000010	0.000010	0.000010	0.000010	0.000010	0.000010	LD_0.9_14_1468
NIC325	0.000010	0.000010	0.999870	0.000010	0.000010	0.000010	0.000010	0.000010	0.000010	0.000010	0.000010	0.000010	0.000010	0.000010	LD_0.9_14_1468
NIC327	0.090338	0.000010	0.909533	0.000010	0.000010	0.000016	0.000014	0.000010	0.000010	0.000010	0.000010	0.000010	0.000010	0.000010	LD_0.9_14_1468
NIC329	0.000010	0.000010	0.894126	0.000010	0.000010	0.000010	0.000010	0.000010	0.000010	0.105754	0.000010	0.000010	0.000010	0.000010	LD_0.9_14_1468
NIC330	0.000010	0.000019	0.930134	0.000010	0.000016	0.000014	0.000012	0.000010	0.000010	0.069724	0.000010	0.000010	0.000010	0.000010	LD_0.9_14_1468
NIC331	0.122222	0.000010	0.656228	0.000010	0.000010	0.000010	0.000010	0.000010	0.000010	0.221439	0.000010	0.000010	0.000010	0.000010	LD_0.9_14_1468
NIC332	0.126012	0.000018	0.873855	0.000010	0.000010	0.000010	0.000010	0.000012	0.000010	0.000010	0.000012	0.000010	0.000010	0.000010	LD_0.9_14_1468
NIC333	0.000010	0.000010	0.999868	0.000010	0.000011	0.000010	0.000010	0.000010	0.000011	0.000010	0.000010	0.000010	0.000010	0.000010	LD_0.9_14_1468
NIC343	0.000010	0.023900	0.000010	0.000015	0.000010	0.000010	0.000011	0.000011	0.000010	0.000010	0.000010	0.975973	0.000010	0.000010	LD_0.9_14_1468
NIC392	0.000010	0.000010	0.698822	0.000010	0.000010	0.000010	0.000010	0.000014	0.000010	0.077512	0.000010	0.223553	0.000010	0.000010	LD_0.9_14_1468
NIC400	0.108739	0.000019	0.891132	0.000010	0.000010	0.000010	0.000010	0.000010	0.000010	0.000010	0.000010	0.000010	0.000010	0.000010	LD_0.9_14_1468
NIC402	0.093580	0.000010	0.864490	0.000010	0.000010	0.000010	0.000011	0.000010	0.000010	0.041819	0.000010	0.000010	0.000010	0.000010	LD_0.9_14_1468
NIC419	0.000010	0.999870	0.000010	0.000010	0.000010	0.000010	0.000010	0.000010	0.000010	0.000010	0.000010	0.000010	0.000010	0.000010	LD_0.9_14_1468
NIC504	0.000010	0.000010	0.000010	0.000014	0.000014	0.000010	0.000010	0.000010	0.999856	0.000013	0.000013	0.000010	0.000011	0.000010	LD_0.9_14_1468
NIC505	0.000010	0.000010	0.000010	0.000010	0.000010	0.000010	0.000010	0.000010	0.999870	0.000010	0.000010	0.000010	0.000010	0.000010	LD_0.9_14_1468
NIC518	0.000010	0.000010	0.000011	0.000010	0.000010	0.000010	0.000010	0.000010	0.999869	0.000010	0.000010	0.000010	0.000010	0.000010	LD_0.9_14_1468
NIC519	0.000012	0.000010	0.000010	0.000012	0.000010	0.000010	0.000010	0.000010	0.999866	0.000010	0.000010	0.000010	0.000010	0.000010	LD_0.9_14_1468
NIC532	0.000010	0.000010	0.000010	0.000010	0.000010	0.000010	0.000010	0.000010	0.000011	0.999869	0.000010	0.000010	0.000010	0.000010	LD_0.9_14_1468
NIC541	0.069668	0.000010	0.401438	0.000010	0.312837	0.000010	0.000010	0.000010	0.000010	0.215957	0.000010	0.000010	0.000010	0.000010	LD_0.9_14_1468
NIC549	0.000010	0.000010	0.000010	0.000010	0.000010	0.000010	0.000010	0.000010	0.000010	0.999870	0.000010	0.000010	0.000010	0.000010	LD_0.9_14_1468
NIC552	0.000010	0.000010	0.000010	0.000010	0.000010	0.000010	0.000010	0.000010	0.000010	0.999870	0.000010	0.000010	0.000010	0.000010	LD_0.9_14_1468
NIC555	0.116444	0.000010	0.093135	0.000010	0.000014	0.000010	0.000010	0.000010	0.000010	0.790306	0.000010	0.000010	0.000010	0.000010	LD_0.9_14_1468
NIC561	0.000010	0.000010	0.000010	0.000010	0.000010	0.000010	0.000010	0.000010	0.000010	0.999870	0.000010	0.000010	0.000010	0.000010	LD_0.9_14_1468
NIC574	0.000011	0.000010	0.000010	0.000010	0.000010	0.000010	0.000010	0.000010	0.000010	0.999869	0.000010	0.000010	0.000010	0.000010	LD_0.9_14_1468
NIC578	0.000010	0.000010	0.128922	0.000010	0.000010	0.000010	0.000010	0.000010	0.000017	0.870951	0.000010	0.000010	0.000010	0.000010	LD_0.9_14_1468
NIC583	0.013181	0.000010	0.201054	0.000010	0.000010	0.000010	0.000010	0.000010	0.000010	0.785655	0.000010	0.000010	0.000010	0.000010	LD_0.9_14_1468
NIC590	0.000016	0.000010	0.312022	0.000010	0.115824	0.000010	0.000010	0.000010	0.000010	0.572038	0.000010	0.000010	0.000010	0.000010	LD_0.9_14_1468
NIC593	0.000010	0.000010	0.000010	0.000010	0.000011	0.000010	0.000010	0.000010	0.000010	0.999869	0.000010	0.000010	0.000010	0.000010	LD_0.9_14_1468
NIC60	0.000010	0.000010	0.999870	0.000010	0.000010	0.000010	0.000010	0.000010	0.000010	0.000010	0.000010	0.000010	0.000010	0.000010	LD_0.9_14_1468
NIC61	0.000010	0.000010	0.000010	0.000010	0.000010	0.000010	0.000010	0.000010	0.000010	0.999870	0.000010	0.000010	0.000010	0.000010	LD_0.9_14_1468
NIC62	0.000018	0.000010	0.504625	0.000010	0.000010	0.000010	0.000010	0.000010	0.000010	0.495242	0.000015	0.000010	0.000010	0.000010	LD_0.9_14_1468
NIC67	0.000010	0.999855	0.000010	0.000010	0.000010	0.000010	0.000015	0.000010	0.000020	0.000010	0.000010	0.000010	0.000010	0.000010	LD_0.9_14_1468
NIC758	0.000013	0.000010	0.156004	0.000014	0.125250	0.000010	0.000010	0.000010	0.000010	0.718630	0.000010	0.000010	0.000010	0.000010	LD_0.9_14_1468
NIC777	0.096375	0.000010	0.267912	0.000010	0.000010	0.000010	0.000010	0.000010	0.000010	0.635603	0.000010	0.000010	0.000010	0.000010	LD_0.9_14_1468
NIC779	0.000011	0.000010	0.000010	0.000010	0.000014	0.000010	0.000011	0.000010	0.999857	0.000010	0.000011	0.000010	0.000017	0.000010	LD_0.9_14_1468
NIC790	0.000010	0.000011	0.000010	0.000010	0.000010	0.000010	0.000010	0.000010	0.000010	0.000013	0.000010	0.999866	0.000010	0.000010	LD_0.9_14_1468
NIC791	0.000010	0.000010	0.000010	0.000010	0.917264	0.000010	0.000010	0.000010	0.000010	0.000010	0.000010	0.082616	0.000010	0.000010	LD_0.9_14_1468
NIC792	0.000010	0.000010	0.000010	0.000010	0.304617	0.000010	0.000010	0.000010	0.000010	0.000010	0.000010	0.695263	0.000010	0.000010	LD_0.9_14_1468
NIC793	0.000010	0.000010	0.000010	0.000010	0.000010	0.000010	0.000010	0.000010	0.000010	0.000010	0.000010	0.999870	0.000010	0.000010	LD_0.9_14_1468
NIC795	0.000010	0.000010	0.000012	0.000010	0.000010	0.000010	0.000010	0.000010	0.000010	0.000010	0.000017	0.999861	0.000010	0.000010	LD_0.9_14_1468
NIC796	0.000010	0.000010	0.000010	0.007563	0.000010	0.000010	0.000010	0.000010	0.000010	0.000010	0.000010	0.992317	0.000010	0.000010	LD_0.9_14_1468
NIC802	0.000010	0.000010	0.000010	0.000010	0.000010	0.000010	0.000010	0.000010	0.000010	0.000016	0.000010	0.999864	0.000010	0.000010	LD_0.9_14_1468
NIC803	0.000010	0.000010	0.098059	0.000010	0.000010	0.000010	0.000010	0.000010	0.000010	0.000010	0.000010	0.901821	0.000010	0.000010	LD_0.9_14_1468
NIC805	0.000010	0.000010	0.000010	0.000011	0.000010	0.000012	0.000014	0.000010	0.999863	0.000010	0.000010	0.000010	0.000010	0.000010	LD_0.9_14_1468
NIC811	0.000010	0.000010	0.000010	0.000010	0.011155	0.000010	0.000010	0.000010	0.000010	0.000010	0.000010	0.988725	0.000010	0.000010	LD_0.9_14_1468
NIC814	0.000010	0.000010	0.000010	0.000010	0.000010	0.000010	0.000010	0.000010	0.999870	0.000010	0.000010	0.000010	0.000010	0.000010	LD_0.9_14_1468
NIC815	0.000010	0.000010	0.000010	0.000010	0.000010	0.000011	0.000010	0.000010	0.999869	0.000010	0.000010	0.000010	0.000010	0.000010	LD_0.9_14_1468
NIC816	0.000010	0.000010	0.000010	0.999870	0.000010	0.000010	0.000010	0.000010	0.000010	0.000010	0.000010	0.000010	0.000010	0.000010	LD_0.9_14_1468
NIC819	0.000010	0.000013	0.000010	0.000016	0.000010	0.999850	0.000010	0.000013	0.000010	0.000010	0.000010	0.000018	0.000010	0.000010	LD_0.9_14_1468
NIC821	0.000010	0.000010	0.123576	0.000010	0.000010	0.000010	0.000010	0.000010	0.000010	0.000010	0.000010	0.876304	0.000010	0.000010	LD_0.9_14_1468
NIC822	0.000010	0.000010	0.000010	0.000010	0.000010	0.000010	0.000010	0.000010	0.999870	0.000010	0.000010	0.000010	0.000010	0.000010	LD_0.9_14_1468
NIC824	0.000010	0.000010	0.000010	0.000012	0.000010	0.000010	0.000010	0.000010	0.999868	0.000010	0.000010	0.000010	0.000010	0.000010	LD_0.9_14_1468
NIC825	0.000010	0.000010	0.000010	0.999869	0.000010	0.000010	0.000010	0.000010	0.000011	0.000010	0.000010	0.000010	0.000010	0.000010	LD_0.9_14_1468
NIC827	0.000010	0.000010	0.000010	0.999860	0.000010	0.000010	0.000010	0.000018	0.000010	0.000010	0.000010	0.000010	0.000012	0.000010	LD_0.9_14_1468
NIC828	0.000013	0.000010	0.000010	0.999859	0.000010	0.000010	0.000010	0.000010	0.000016	0.000010	0.000010	0.000010	0.000012	0.000010	LD_0.9_14_1468
NIC863	0.000010	0.000010	0.000010	0.000010	0.000010	0.000010	0.000010	0.000010	0.999868	0.000010	0.000010	0.000012	0.000010	0.000010	LD_0.9_14_1468
NIC864	0.000010	0.000010	0.000010	0.000010	0.000013	0.000010	0.000010	0.000011	0.999855	0.000013	0.000010	0.000017	0.000010	0.000010	LD_0.9_14_1468
NIC865	0.000016	0.000010	0.000011	0.000010	0.000015	0.000010	0.000010	0.000016	0.999852	0.000010	0.000010	0.000010	0.000010	0.000010	LD_0.9_14_1468
NIC871	0.000010	0.000010	0.000010	0.000014	0.000010	0.000012	0.000010	0.000010	0.000010	0.000010	0.000010	0.999860	0.000014	0.000010	LD_0.9_14_1468
NIC883	0.000010	0.000012	0.000010	0.000010	0.000010	0.000010	0.000010	0.000010	0.000010	0.000010	0.000010	0.999867	0.000010	0.000010	LD_0.9_14_1468
NIC889	0.000010	0.000010	0.000010	0.000010	0.000010	0.000010	0.000010	0.000010	0.999870	0.000010	0.000010	0.000010	0.000010	0.000010	LD_0.9_14_1468
NIC893	0.000010	0.000010	0.000010	0.000010	0.000010	0.000010	0.000010	0.000010	0.000010	0.000010	0.999870	0.000010	0.000010	0.000010	LD_0.9_14_1468
NIC897	0.000010	0.000010	0.000010	0.000010	0.000010	0.000010	0.000010	0.000010	0.999870	0.000010	0.000010	0.000010	0.000010	0.000010	LD_0.9_14_1468
NIC899	0.000018	0.000010	0.000017	0.000018	0.000010	0.000013	0.000016	0.000015	0.000010	0.000010	0.000011	0.000010	0.999834	0.000010	LD_0.9_14_1468
NIC901	0.000010	0.000010	0.000010	0.000010	0.000010	0.000010	0.000010	0.000010	0.000010	0.731439	0.000010	0.268441	0.000010	0.000010	LD_0.9_14_1468
NIC911	0.000010	0.000010	0.285364	0.000010	0.000010	0.000010	0.000010	0.000010	0.000010	0.180794	0.000010	0.533731	0.000010	0.000010	LD_0.9_14_1468
NIC96	0.000010	0.000012	0.999853	0.000010	0.000010	0.000015	0.000010	0.000010	0.000010	0.000015	0.000010	0.000016	0.000010	0.000010	LD_0.9_14_1468
NIC984	0.000010	0.000010	0.281682	0.000010	0.000010	0.000010	0.000010	0.000010	0.000014	0.000010	0.000010	0.718194	0.000010	0.000010	LD_0.9_14_1468
NIC985	0.000010	0.165389	0.179671	0.000010	0.000010	0.000010	0.000010	0.000010	0.000010	0.155810	0.000010	0.499030	0.000010	0.000010	LD_0.9_14_1468
PB800	0.000010	0.000010	0.000010	0.000012	0.000010	0.000010	0.000013	0.000010	0.000010	0.000010	0.000010	0.000010	0.999866	0.000010	LD_0.9_14_1468
PB857	0.000010	0.000010	0.000011	0.000011	0.000010	0.000012	0.000015	0.000010	0.000011	0.000010	0.000011	0.000012	0.999857	0.000010	LD_0.9_14_1468
PE887	0.000017	0.000010	0.000011	0.000010	0.000016	0.000017	0.000010	0.000010	0.000010	0.564906	0.000010	0.434953	0.000010	0.000010	LD_0.9_14_1468
QG1005	0.886725	0.000012	0.113153	0.000010	0.000010	0.000010	0.000010	0.000010	0.000010	0.000010	0.000010	0.000010	0.000010	0.000010	LD_0.9_14_1468
QG1007	0.999870	0.000010	0.000010	0.000010	0.000010	0.000010	0.000010	0.000010	0.000010	0.000010	0.000010	0.000010	0.000010	0.000010	LD_0.9_14_1468
QG1111	0.999862	0.000010	0.000018	0.000010	0.000010	0.000010	0.000010	0.000010	0.000010	0.000010	0.000010	0.000010	0.000010	0.000010	LD_0.9_14_1468
QG1126	0.999868	0.000010	0.000010	0.000010	0.000010	0.000010	0.000010	0.000010	0.000010	0.000010	0.000012	0.000010	0.000010	0.000010	LD_0.9_14_1468
QG1141	0.999866	0.000010	0.000010	0.000010	0.000010	0.000010	0.000010	0.000010	0.000010	0.000010	0.000010	0.000014	0.000010	0.000010	LD_0.9_14_1468
QG1155	0.996412	0.000010	0.000010	0.000010	0.000010	0.000010	0.000010	0.000010	0.000010	0.000010	0.000010	0.003468	0.000010	0.000010	LD_0.9_14_1468
QG130	0.000010	0.000014	0.000010	0.000010	0.000010	0.000010	0.000010	0.000010	0.000010	0.000010	0.000010	0.999866	0.000010	0.000010	LD_0.9_14_1468
QG132	0.000010	0.000010	0.047334	0.000010	0.000010	0.000010	0.000010	0.000010	0.000010	0.009971	0.000010	0.942585	0.000010	0.000010	LD_0.9_14_1468
QG133	0.000010	0.000010	0.000010	0.000010	0.000010	0.000010	0.000010	0.000010	0.976693	0.000014	0.000010	0.023184	0.000010	0.000010	LD_0.9_14_1468
QG2641	0.999867	0.000010	0.000010	0.000010	0.000012	0.000010	0.000010	0.000011	0.000010	0.000010	0.000010	0.000010	0.000010	0.000010	LD_0.9_14_1468
QG2648	0.999861	0.000010	0.000017	0.000010	0.000010	0.000010	0.000012	0.000010	0.000010	0.000010	0.000010	0.000010	0.000010	0.000010	LD_0.9_14_1468
QG2659	0.999867	0.000010	0.000013	0.000010	0.000010	0.000010	0.000010	0.000010	0.000010	0.000010	0.000010	0.000010	0.000010	0.000010	LD_0.9_14_1468
QG2663	0.999870	0.000010	0.000010	0.000010	0.000010	0.000010	0.000010	0.000010	0.000010	0.000010	0.000010	0.000010	0.000010	0.000010	LD_0.9_14_1468
QG2665	0.999856	0.000010	0.000018	0.000010	0.000010	0.000012	0.000011	0.000010	0.000014	0.000010	0.000010	0.000010	0.000010	0.000010	LD_0.9_14_1468
QG2683	0.999866	0.000011	0.000010	0.000010	0.000010	0.000013	0.000010	0.000010	0.000010	0.000010	0.000010	0.000010	0.000010	0.000010	LD_0.9_14_1468
QG2736	0.999861	0.000010	0.000010	0.000010	0.000010	0.000010	0.000010	0.000010	0.000010	0.000019	0.000010	0.000010	0.000010	0.000010	LD_0.9_14_1468
QG2814	0.000010	0.000010	0.000010	0.000010	0.000010	0.000010	0.000010	0.000010	0.000010	0.000010	0.000010	0.999870	0.000010	0.000010	LD_0.9_14_1468
QG2820	0.011804	0.000010	0.000010	0.000010	0.000010	0.000010	0.000010	0.000010	0.000010	0.000010	0.000010	0.988076	0.000010	0.000010	LD_0.9_14_1468
QG2848	0.000010	0.000010	0.000010	0.000010	0.000010	0.000010	0.000010	0.000010	0.000010	0.000010	0.000010	0.999870	0.000010	0.000010	LD_0.9_14_1468
QG2849	0.000010	0.000010	0.000010	0.000010	0.000010	0.000010	0.000010	0.000010	0.000010	0.000010	0.000010	0.999870	0.000010	0.000010	LD_0.9_14_1468
QG2880	0.000010	0.000010	0.000010	0.000011	0.999868	0.000010	0.000010	0.000010	0.000010	0.000010	0.000010	0.000011	0.000010	0.000010	LD_0.9_14_1468
QG2881	0.000010	0.000010	0.000010	0.000010	0.000011	0.000010	0.000010	0.000010	0.000010	0.000010	0.000010	0.999869	0.000010	0.000010	LD_0.9_14_1468
QG2883	0.000012	0.000016	0.000010	0.000010	0.000020	0.000010	0.000010	0.000012	0.000010	0.000010	0.000010	0.999851	0.000010	0.000010	LD_0.9_14_1468
QG2884	0.000010	0.000010	0.000010	0.000010	0.999870	0.000010	0.000010	0.000010	0.000010	0.000010	0.000010	0.000010	0.000010	0.000010	LD_0.9_14_1468
QG2891	0.000010	0.000010	0.000010	0.000010	0.000010	0.000012	0.000010	0.999867	0.000010	0.000010	0.000010	0.000010	0.000010	0.000010	LD_0.9_14_1468
QG2892	0.000010	0.000010	0.000010	0.000010	0.999870	0.000010	0.000010	0.000010	0.000010	0.000010	0.000010	0.000010	0.000010	0.000010	LD_0.9_14_1468
QG2893	0.000010	0.000010	0.000010	0.000010	0.000010	0.000010	0.000010	0.496942	0.000010	0.000010	0.000014	0.000010	0.000010	0.502934	LD_0.9_14_1468
QG2895	0.000010	0.000010	0.000010	0.000010	0.999866	0.000010	0.000011	0.000011	0.000010	0.000010	0.000010	0.000010	0.000012	0.000010	LD_0.9_14_1468
QG2902	0.000010	0.000017	0.000010	0.000010	0.999859	0.000011	0.000010	0.000010	0.000013	0.000010	0.000010	0.000010	0.000010	0.000010	LD_0.9_14_1468
QG2903	0.000010	0.000010	0.000010	0.000010	0.999870	0.000010	0.000010	0.000010	0.000010	0.000010	0.000010	0.000010	0.000010	0.000010	LD_0.9_14_1468
QG2906	0.000010	0.000010	0.000010	0.000010	0.999868	0.000010	0.000012	0.000010	0.000010	0.000010	0.000010	0.000010	0.000010	0.000010	LD_0.9_14_1468
QG2908	0.000010	0.000010	0.000010	0.000017	0.000010	0.000010	0.000010	0.506980	0.000010	0.000010	0.000010	0.000010	0.000010	0.492893	LD_0.9_14_1468
QG2910	0.000010	0.000011	0.063127	0.000010	0.000010	0.000010	0.000010	0.000010	0.000010	0.000010	0.000010	0.936752	0.000010	0.000010	LD_0.9_14_1468
QG2919	0.000010	0.000010	0.000010	0.000010	0.000010	0.000010	0.000010	0.999870	0.000010	0.000010	0.000010	0.000010	0.000010	0.000010	LD_0.9_14_1468
QG2923	0.000010	0.000010	0.000010	0.000010	0.999870	0.000010	0.000010	0.000010	0.000010	0.000010	0.000010	0.000010	0.000010	0.000010	LD_0.9_14_1468
QG2925	0.000010	0.000010	0.000010	0.000010	0.999870	0.000010	0.000010	0.000010	0.000010	0.000010	0.000010	0.000010	0.000010	0.000010	LD_0.9_14_1468
QG2964	0.999868	0.000010	0.000012	0.000010	0.000010	0.000010	0.000010	0.000010	0.000010	0.000010	0.000010	0.000010	0.000010	0.000010	LD_0.9_14_1468
QG2966	0.608599	0.000010	0.060594	0.000010	0.000010	0.000010	0.000012	0.000010	0.000010	0.148607	0.000010	0.182097	0.000010	0.000010	LD_0.9_14_1468
QG2969	0.999870	0.000010	0.000010	0.000010	0.000010	0.000010	0.000010	0.000010	0.000010	0.000010	0.000010	0.000010	0.000010	0.000010	LD_0.9_14_1468
QG2972	0.999865	0.000010	0.000010	0.000010	0.000010	0.000010	0.000010	0.000010	0.000010	0.000010	0.000010	0.000010	0.000015	0.000010	LD_0.9_14_1468
QG2996	0.999868	0.000010	0.000010	0.000010	0.000010	0.000011	0.000010	0.000010	0.000010	0.000010	0.000010	0.000011	0.000010	0.000010	LD_0.9_14_1468
QG3004	0.747573	0.000010	0.179414	0.000011	0.000010	0.000010	0.000010	0.000010	0.000010	0.000010	0.000010	0.072902	0.000010	0.000010	LD_0.9_14_1468
QG3006	0.999859	0.000010	0.000010	0.000010	0.000015	0.000010	0.000014	0.000010	0.000010	0.000010	0.000010	0.000012	0.000010	0.000010	LD_0.9_14_1468
QG3019	0.811202	0.000010	0.188675	0.000010	0.000010	0.000012	0.000010	0.000010	0.000010	0.000010	0.000011	0.000010	0.000010	0.000010	LD_0.9_14_1468
QG3025	0.999867	0.000010	0.000013	0.000010	0.000010	0.000010	0.000010	0.000010	0.000010	0.000010	0.000010	0.000010	0.000010	0.000010	LD_0.9_14_1468
QG3030	0.999856	0.000010	0.000015	0.000010	0.000010	0.000010	0.000016	0.000010	0.000010	0.000010	0.000010	0.000012	0.000010	0.000010	LD_0.9_14_1468
QG3032	0.701436	0.000010	0.298438	0.000010	0.000010	0.000010	0.000010	0.000010	0.000010	0.000010	0.000010	0.000016	0.000010	0.000010	LD_0.9_14_1468
QG3034	0.999868	0.000010	0.000010	0.000010	0.000010	0.000010	0.000011	0.000010	0.000010	0.000010	0.000010	0.000010	0.000010	0.000010	LD_0.9_14_1468
QG3041	0.999870	0.000010	0.000010	0.000010	0.000010	0.000010	0.000010	0.000010	0.000010	0.000010	0.000010	0.000010	0.000010	0.000010	LD_0.9_14_1468
QG3053	0.000011	0.000010	0.000017	0.000010	0.000010	0.000012	0.000014	0.000010	0.000015	0.915205	0.000010	0.084656	0.000011	0.000010	LD_0.9_14_1468
QG3056	0.598416	0.000010	0.076198	0.000010	0.000010	0.000010	0.000012	0.000010	0.000010	0.134122	0.000010	0.191162	0.000010	0.000010	LD_0.9_14_1468
QG3057	0.999868	0.000010	0.000010	0.000012	0.000010	0.000010	0.000010	0.000010	0.000010	0.000010	0.000010	0.000010	0.000010	0.000010	LD_0.9_14_1468
QG3058	0.899293	0.000010	0.100568	0.000010	0.000010	0.000019	0.000014	0.000010	0.000010	0.000010	0.000010	0.000016	0.000010	0.000010	LD_0.9_14_1468
QG3527	0.131390	0.000010	0.070267	0.000010	0.000010	0.000010	0.000010	0.000010	0.000010	0.798233	0.000010	0.000010	0.000010	0.000010	LD_0.9_14_1468
QG3661	0.000010	0.000010	0.000010	0.000010	0.000010	0.000010	0.048738	0.000010	0.000010	0.000010	0.000010	0.000010	0.951142	0.000010	LD_0.9_14_1468
QG3783	0.085112	0.000010	0.000010	0.000010	0.000010	0.000010	0.000010	0.000010	0.000010	0.837945	0.000010	0.076833	0.000010	0.000010	LD_0.9_14_1468
QG3801	0.883603	0.000010	0.077387	0.000010	0.000010	0.000010	0.000012	0.000010	0.000010	0.038515	0.000010	0.000390	0.000013	0.000010	LD_0.9_14_1468
QG3815	0.000010	0.000010	0.164637	0.000010	0.000010	0.000010	0.000011	0.000010	0.000010	0.835238	0.000013	0.000010	0.000010	0.000010	LD_0.9_14_1468
QG3816	0.070129	0.000010	0.000010	0.000010	0.000010	0.000010	0.000010	0.000010	0.000010	0.929748	0.000013	0.000010	0.000010	0.000010	LD_0.9_14_1468
QG3823	0.868148	0.013873	0.105813	0.000010	0.004509	0.000010	0.000010	0.000010	0.000010	0.000010	0.000010	0.007567	0.000010	0.000010	LD_0.9_14_1468
QG3825	0.000010	0.000010	0.000010	0.000010	0.000010	0.000010	0.000010	0.000010	0.000010	0.999870	0.000010	0.000010	0.000010	0.000010	LD_0.9_14_1468
QG3826	0.095719	0.000019	0.000015	0.000015	0.000010	0.000010	0.000010	0.000010	0.000010	0.904142	0.000010	0.000010	0.000010	0.000010	LD_0.9_14_1468
QG3837	0.000014	0.000010	0.000010	0.000010	0.000010	0.000010	0.000017	0.000010	0.000010	0.999859	0.000010	0.000010	0.000010	0.000010	LD_0.9_14_1468
QG3851	0.092624	0.000017	0.000010	0.000010	0.000011	0.000010	0.000013	0.000010	0.000010	0.846022	0.000010	0.061232	0.000012	0.000010	LD_0.9_14_1468
QG3861	0.036886	0.000010	0.068356	0.000010	0.000010	0.000010	0.000010	0.000010	0.000010	0.894648	0.000010	0.000010	0.000010	0.000010	LD_0.9_14_1468
QG3867	0.851452	0.000010	0.073041	0.000010	0.000010	0.000010	0.000010	0.000010	0.000010	0.075397	0.000010	0.000010	0.000010	0.000010	LD_0.9_14_1468
QG3874	0.000010	0.000010	0.000010	0.000010	0.000010	0.000010	0.000010	0.000010	0.000010	0.999870	0.000010	0.000010	0.000010	0.000010	LD_0.9_14_1468
QG3875	0.000010	0.000010	0.135564	0.000010	0.000010	0.000010	0.000010	0.000010	0.000010	0.864316	0.000010	0.000010	0.000010	0.000010	LD_0.9_14_1468
QG3876	0.081484	0.000010	0.000010	0.000010	0.000010	0.000010	0.000010	0.000010	0.000010	0.918396	0.000010	0.000010	0.000010	0.000010	LD_0.9_14_1468
QG3878	0.000010	0.000016	0.167901	0.000010	0.000010	0.000010	0.000010	0.000010	0.000010	0.831973	0.000010	0.000010	0.000010	0.000010	LD_0.9_14_1468
QG3920	0.037769	0.000011	0.219833	0.000011	0.000010	0.000010	0.000011	0.000011	0.000011	0.742282	0.000010	0.000012	0.000010	0.000010	LD_0.9_14_1468
QG3921	0.026930	0.000010	0.211722	0.000010	0.000010	0.000010	0.000010	0.000010	0.000010	0.761237	0.000010	0.000010	0.000010	0.000010	LD_0.9_14_1468
QG3923	0.000010	0.000010	0.136626	0.000010	0.000010	0.000010	0.000010	0.000010	0.000010	0.863254	0.000010	0.000010	0.000010	0.000010	LD_0.9_14_1468
QG3924	0.032747	0.000016	0.619410	0.000010	0.000011	0.000015	0.000010	0.000010	0.000010	0.093263	0.000011	0.254468	0.000010	0.000010	LD_0.9_14_1468
QG3925	0.000010	0.000010	0.304733	0.000010	0.000010	0.000010	0.000010	0.000010	0.000010	0.695147	0.000010	0.000010	0.000010	0.000010	LD_0.9_14_1468
QG3926	0.000010	0.000010	0.282490	0.000010	0.000010	0.000010	0.000010	0.000010	0.000010	0.717390	0.000010	0.000010	0.000010	0.000010	LD_0.9_14_1468
QG3927	0.000010	0.000010	0.222905	0.000010	0.000010	0.000010	0.000010	0.000010	0.000010	0.776975	0.000010	0.000010	0.000010	0.000010	LD_0.9_14_1468
QG3931	0.000010	0.000010	0.660983	0.000010	0.000010	0.000010	0.000012	0.000010	0.000011	0.288062	0.000010	0.050841	0.000010	0.000010	LD_0.9_14_1468
QG3932	0.000011	0.000012	0.281502	0.000010	0.000010	0.000012	0.000010	0.000010	0.000010	0.551733	0.000014	0.166646	0.000010	0.000010	LD_0.9_14_1468
QG3933	0.000010	0.000010	0.000010	0.000010	0.000010	0.000010	0.000010	0.000010	0.000010	0.841804	0.000010	0.158076	0.000010	0.000010	LD_0.9_14_1468
QG4026	0.000011	0.000010	0.000010	0.000010	0.000010	0.000010	0.000010	0.999864	0.000010	0.000015	0.000010	0.000010	0.000010	0.000010	LD_0.9_14_1468
QG4028	0.000011	0.000013	0.000010	0.000010	0.000010	0.000010	0.000010	0.999860	0.000010	0.000010	0.000016	0.000010	0.000010	0.000010	LD_0.9_14_1468
QG4031	0.000010	0.000010	0.000010	0.000010	0.000010	0.000010	0.000010	0.999870	0.000010	0.000010	0.000010	0.000010	0.000010	0.000010	LD_0.9_14_1468
QG4063	0.000010	0.000014	0.000010	0.000010	0.000014	0.000013	0.000010	0.999859	0.000010	0.000010	0.000010	0.000010	0.000010	0.000010	LD_0.9_14_1468
QG4064	0.000010	0.000010	0.000010	0.000010	0.000010	0.000010	0.000010	0.999870	0.000010	0.000010	0.000010	0.000010	0.000010	0.000010	LD_0.9_14_1468
QG4067	0.000010	0.000010	0.000010	0.000010	0.000010	0.000010	0.000010	0.999870	0.000010	0.000010	0.000010	0.000010	0.000010	0.000010	LD_0.9_14_1468
QG4068	0.000010	0.000010	0.000010	0.000010	0.000010	0.000010	0.000010	0.999869	0.000010	0.000010	0.000011	0.000010	0.000010	0.000010	LD_0.9_14_1468
QG4070	0.000010	0.000010	0.000010	0.000010	0.000010	0.000010	0.000014	0.000010	0.000010	0.216057	0.000014	0.783815	0.000010	0.000010	LD_0.9_14_1468
QG4093	0.000010	0.000010	0.000010	0.000010	0.000010	0.000010	0.000010	0.876258	0.000010	0.000010	0.000010	0.000010	0.000010	0.123622	LD_0.9_14_1468
QG4094	0.000010	0.000010	0.000010	0.000010	0.000010	0.000010	0.000010	0.999870	0.000010	0.000010	0.000010	0.000010	0.000010	0.000010	LD_0.9_14_1468
QG4095	0.000010	0.000010	0.000010	0.000010	0.000010	0.000010	0.000010	0.999869	0.000010	0.000010	0.000011	0.000010	0.000010	0.000010	LD_0.9_14_1468
QG4096	0.000010	0.000010	0.000010	0.000010	0.000010	0.000010	0.000010	0.999870	0.000010	0.000010	0.000010	0.000010	0.000010	0.000010	LD_0.9_14_1468
QG4097	0.000010	0.000010	0.000010	0.000010	0.000010	0.000010	0.000017	0.999862	0.000010	0.000010	0.000011	0.000010	0.000010	0.000010	LD_0.9_14_1468
QG4104	0.000010	0.000010	0.000010	0.000010	0.000010	0.000011	0.000010	0.999867	0.000011	0.000010	0.000012	0.000010	0.000010	0.000010	LD_0.9_14_1468
QG4114	0.000010	0.000010	0.000010	0.000010	0.000010	0.000010	0.000011	0.999869	0.000010	0.000010	0.000010	0.000010	0.000010	0.000010	LD_0.9_14_1468
QG4131	0.000010	0.000013	0.000010	0.000010	0.000010	0.000010	0.000010	0.999863	0.000010	0.000012	0.000012	0.000010	0.000010	0.000010	LD_0.9_14_1468
QG4132	0.000010	0.000010	0.000010	0.000010	0.000010	0.000010	0.000013	0.999866	0.000010	0.000010	0.000010	0.000010	0.000010	0.000010	LD_0.9_14_1468
QG4208	0.000010	0.000010	0.000010	0.000010	0.000010	0.000010	0.000010	0.850019	0.000010	0.000010	0.000010	0.000010	0.000010	0.149861	LD_0.9_14_1468
QG4214	0.000013	0.000010	0.000010	0.000010	0.000010	0.000010	0.000010	0.999864	0.000012	0.000010	0.000011	0.000010	0.000010	0.000010	LD_0.9_14_1468
QG4225	0.000010	0.000010	0.000010	0.000014	0.000010	0.000010	0.000010	0.999866	0.000010	0.000010	0.000010	0.000010	0.000010	0.000010	LD_0.9_14_1468
QG4232	0.000010	0.000010	0.000010	0.000010	0.000010	0.000010	0.000010	0.937250	0.000010	0.000010	0.000010	0.000010	0.000010	0.062630	LD_0.9_14_1468
QG4233	0.000010	0.000010	0.000010	0.000010	0.000010	0.000010	0.000010	0.999870	0.000010	0.000010	0.000010	0.000010	0.000010	0.000010	LD_0.9_14_1468
QG4647	0.000010	0.000020	0.000010	0.000010	0.999860	0.000010	0.000010	0.000010	0.000010	0.000010	0.000010	0.000010	0.000010	0.000010	LD_0.9_14_1468
QG4648	0.000010	0.000010	0.000010	0.000010	0.000010	0.000010	0.000010	0.000010	0.000010	0.009769	0.000010	0.990111	0.000010	0.000010	LD_0.9_14_1468
QG4683	0.000010	0.000010	0.000010	0.000010	0.000010	0.000010	0.000010	0.000010	0.000010	0.070734	0.000010	0.929146	0.000010	0.000010	LD_0.9_14_1468
QG4701	0.000010	0.000010	0.000010	0.000010	0.561054	0.000010	0.000010	0.000010	0.000010	0.000010	0.000010	0.438826	0.000010	0.000010	LD_0.9_14_1468
QG4706	0.000010	0.000010	0.000010	0.000010	0.000010	0.000010	0.000010	0.000010	0.000010	0.000010	0.000010	0.999870	0.000010	0.000010	LD_0.9_14_1468
QG4718	0.000010	0.000010	0.000016	0.000010	0.000010	0.000010	0.000010	0.000010	0.000010	0.005152	0.000010	0.994722	0.000010	0.000010	LD_0.9_14_1468
QG4742	0.000010	0.000010	0.000010	0.000010	0.020828	0.000010	0.000010	0.000010	0.000010	0.074606	0.000010	0.904456	0.000010	0.000010	LD_0.9_14_1468
QG4805	0.000010	0.000010	0.000010	0.000010	0.999870	0.000010	0.000010	0.000010	0.000010	0.000010	0.000010	0.000010	0.000010	0.000010	LD_0.9_14_1468
QG4847	0.000010	0.000010	0.000018	0.000010	0.000014	0.000011	0.000010	0.000010	0.000010	0.000014	0.000010	0.999853	0.000010	0.000010	LD_0.9_14_1468
QG4966	0.000010	0.000010	0.000010	0.000010	0.000010	0.000010	0.000010	0.000010	0.000010	0.000010	0.000010	0.999870	0.000010	0.000010	LD_0.9_14_1468
QG5348	0.000010	0.000010	0.000010	0.000010	0.000010	0.000010	0.000010	0.000010	0.000010	0.000010	0.000010	0.999870	0.000010	0.000010	LD_0.9_14_1468
QG5406	0.000010	0.000010	0.000010	0.000010	0.000010	0.000010	0.000010	0.000010	0.000010	0.061085	0.000010	0.938795	0.000010	0.000010	LD_0.9_14_1468
QG547	0.000017	0.000010	0.000011	0.000013	0.000010	0.000010	0.000012	0.000014	0.000014	0.000010	0.000010	0.000010	0.999848	0.000010	LD_0.9_14_1468
QG5474	0.000010	0.000010	0.000010	0.000010	0.649422	0.000011	0.000010	0.000010	0.000010	0.000010	0.000010	0.350457	0.000010	0.000010	LD_0.9_14_1468
QG5488	0.000010	0.000010	0.000010	0.000010	0.000011	0.000010	0.000010	0.000010	0.000010	0.000010	0.000010	0.999869	0.000010	0.000010	LD_0.9_14_1468
QG550	0.000010	0.623015	0.000010	0.000010	0.066469	0.000010	0.000010	0.000010	0.000010	0.067363	0.000010	0.243053	0.000010	0.000010	LD_0.9_14_1468
QG5507	0.000010	0.000010	0.000010	0.000010	0.196999	0.000010	0.000010	0.000010	0.000010	0.000010	0.000010	0.802881	0.000010	0.000010	LD_0.9_14_1468
QG5525	0.000010	0.000010	0.000010	0.000010	0.000010	0.000010	0.000010	0.000010	0.000010	0.057563	0.000010	0.942317	0.000010	0.000010	LD_0.9_14_1468
QG5589	0.000010	0.000010	0.000010	0.000010	0.836633	0.000011	0.000010	0.000010	0.000010	0.042715	0.000010	0.120542	0.000010	0.000010	LD_0.9_14_1468
QG5603	0.000010	0.000010	0.000010	0.000010	0.662122	0.000010	0.000010	0.000011	0.000010	0.000012	0.000010	0.337751	0.000013	0.000010	LD_0.9_14_1468
QG5611	0.000010	0.000010	0.028696	0.000010	0.000010	0.000010	0.000010	0.000010	0.000010	0.000010	0.000010	0.971184	0.000010	0.000010	LD_0.9_14_1468
QG5612	0.000010	0.000010	0.097119	0.000010	0.000010	0.000010	0.000010	0.000010	0.000010	0.194844	0.000010	0.707928	0.000010	0.000010	LD_0.9_14_1468
QG5633	0.000010	0.000010	0.008803	0.000010	0.000010	0.000010	0.000010	0.000010	0.000010	0.000010	0.000010	0.991077	0.000010	0.000010	LD_0.9_14_1468
QG581	0.000010	0.000010	0.000010	0.000011	0.000010	0.000010	0.000010	0.000010	0.000010	0.000010	0.000010	0.000010	0.999869	0.000010	LD_0.9_14_1468
QG588	0.000010	0.000010	0.000010	0.000011	0.000010	0.000010	0.000010	0.000010	0.000011	0.000010	0.000013	0.000010	0.999865	0.000010	LD_0.9_14_1468
QG700	0.610726	0.000010	0.389151	0.000010	0.000010	0.000013	0.000010	0.000010	0.000010	0.000010	0.000010	0.000010	0.000010	0.000010	LD_0.9_14_1468
QG727	0.999868	0.000010	0.000010	0.000010	0.000010	0.000010	0.000010	0.000010	0.000010	0.000012	0.000010	0.000010	0.000010	0.000010	LD_0.9_14_1468
QG733	0.999867	0.000010	0.000010	0.000010	0.000010	0.000010	0.000013	0.000010	0.000010	0.000010	0.000010	0.000010	0.000010	0.000010	LD_0.9_14_1468
QG736	0.992056	0.000010	0.007822	0.000010	0.000010	0.000010	0.000010	0.000012	0.000010	0.000010	0.000010	0.000010	0.000010	0.000010	LD_0.9_14_1468
QG737	0.999870	0.000010	0.000010	0.000010	0.000010	0.000010	0.000010	0.000010	0.000010	0.000010	0.000010	0.000010	0.000010	0.000010	LD_0.9_14_1468
QG739	0.999870	0.000010	0.000010	0.000010	0.000010	0.000010	0.000010	0.000010	0.000010	0.000010	0.000010	0.000010	0.000010	0.000010	LD_0.9_14_1468
QG761	0.524716	0.000010	0.475164	0.000010	0.000010	0.000010	0.000010	0.000010	0.000010	0.000010	0.000010	0.000010	0.000010	0.000010	LD_0.9_14_1468
QG763	0.915242	0.000010	0.084634	0.000010	0.000010	0.000014	0.000010	0.000010	0.000010	0.000010	0.000010	0.000010	0.000010	0.000010	LD_0.9_14_1468
QG776	0.984970	0.000010	0.000010	0.000010	0.000010	0.000010	0.000010	0.000010	0.000010	0.014910	0.000010	0.000010	0.000010	0.000010	LD_0.9_14_1468
QG781	0.999861	0.000010	0.000018	0.000010	0.000010	0.000010	0.000011	0.000010	0.000010	0.000010	0.000010	0.000010	0.000010	0.000010	LD_0.9_14_1468
QG784	0.999870	0.000010	0.000010	0.000010	0.000010	0.000010	0.000010	0.000010	0.000010	0.000010	0.000010	0.000010	0.000010	0.000010	LD_0.9_14_1468
QG786	0.999870	0.000010	0.000010	0.000010	0.000010	0.000010	0.000010	0.000010	0.000010	0.000010	0.000010	0.000010	0.000010	0.000010	LD_0.9_14_1468
QG788	0.999868	0.000010	0.000010	0.000010	0.000010	0.000010	0.000012	0.000010	0.000010	0.000010	0.000010	0.000010	0.000010	0.000010	LD_0.9_14_1468
QG790	0.999870	0.000010	0.000010	0.000010	0.000010	0.000010	0.000010	0.000010	0.000010	0.000010	0.000010	0.000010	0.000010	0.000010	LD_0.9_14_1468
QG791	0.935111	0.000010	0.000013	0.000010	0.000010	0.000010	0.000010	0.000010	0.000013	0.000010	0.000010	0.064762	0.000010	0.000010	LD_0.9_14_1468
QG795	0.569875	0.000010	0.430005	0.000010	0.000010	0.000010	0.000010	0.000010	0.000010	0.000010	0.000010	0.000010	0.000010	0.000010	LD_0.9_14_1468
QG797	0.999870	0.000010	0.000010	0.000010	0.000010	0.000010	0.000010	0.000010	0.000010	0.000010	0.000010	0.000010	0.000010	0.000010	LD_0.9_14_1468
QG802	0.999870	0.000010	0.000010	0.000010	0.000010	0.000010	0.000010	0.000010	0.000010	0.000010	0.000010	0.000010	0.000010	0.000010	LD_0.9_14_1468
QG804	0.999869	0.000010	0.000010	0.000010	0.000010	0.000010	0.000010	0.000010	0.000010	0.000010	0.000011	0.000010	0.000010	0.000010	LD_0.9_14_1468
QG806	0.999860	0.000010	0.000014	0.000010	0.000010	0.000010	0.000016	0.000010	0.000010	0.000010	0.000010	0.000010	0.000010	0.000010	LD_0.9_14_1468
QG807	0.999863	0.000010	0.000010	0.000010	0.000010	0.000010	0.000017	0.000010	0.000010	0.000010	0.000010	0.000010	0.000010	0.000010	LD_0.9_14_1468
QG808	0.951970	0.000010	0.000010	0.000010	0.000010	0.000010	0.000010	0.000010	0.000010	0.000010	0.000010	0.047910	0.000010	0.000010	LD_0.9_14_1468
QG809	0.999868	0.000010	0.000010	0.000010	0.000010	0.000010	0.000010	0.000012	0.000010	0.000010	0.000010	0.000010	0.000010	0.000010	LD_0.9_14_1468
QG825	0.999868	0.000010	0.000012	0.000010	0.000010	0.000010	0.000010	0.000010	0.000010	0.000010	0.000010	0.000010	0.000010	0.000010	LD_0.9_14_1468
QG827	0.999864	0.000010	0.000010	0.000010	0.000010	0.000010	0.000010	0.000010	0.000012	0.000010	0.000010	0.000014	0.000010	0.000010	LD_0.9_14_1468
QG828	0.999865	0.000010	0.000015	0.000010	0.000010	0.000010	0.000010	0.000010	0.000010	0.000010	0.000010	0.000010	0.000010	0.000010	LD_0.9_14_1468
QG833	0.973281	0.000010	0.000015	0.000010	0.000010	0.000010	0.000010	0.000010	0.000010	0.000015	0.000010	0.026586	0.000013	0.000010	LD_0.9_14_1468
QG855	0.963722	0.000010	0.000010	0.000010	0.000010	0.000010	0.000010	0.000010	0.000013	0.000010	0.000010	0.036155	0.000010	0.000010	LD_0.9_14_1468
QG856	0.999870	0.000010	0.000010	0.000010	0.000010	0.000010	0.000010	0.000010	0.000010	0.000010	0.000010	0.000010	0.000010	0.000010	LD_0.9_14_1468
QG858	0.994356	0.000010	0.000010	0.000010	0.000010	0.000010	0.000010	0.000010	0.000010	0.000010	0.000010	0.005524	0.000010	0.000010	LD_0.9_14_1468
QG860	0.615568	0.000010	0.384311	0.000010	0.000010	0.000010	0.000010	0.000010	0.000010	0.000010	0.000010	0.000010	0.000010	0.000010	LD_0.9_14_1468
QG864	0.999870	0.000010	0.000010	0.000010	0.000010	0.000010	0.000010	0.000010	0.000010	0.000010	0.000010	0.000010	0.000010	0.000010	LD_0.9_14_1468
QG865	0.999854	0.000010	0.000013	0.000010	0.000010	0.000010	0.000017	0.000010	0.000010	0.000010	0.000010	0.000016	0.000010	0.000010	LD_0.9_14_1468
QG866	0.999869	0.000010	0.000010	0.000010	0.000010	0.000010	0.000010	0.000010	0.000010	0.000010	0.000011	0.000010	0.000010	0.000010	LD_0.9_14_1468
QG868	0.903996	0.000010	0.095884	0.000010	0.000010	0.000010	0.000010	0.000010	0.000010	0.000010	0.000010	0.000010	0.000010	0.000010	LD_0.9_14_1468
QG874	0.999870	0.000010	0.000010	0.000010	0.000010	0.000010	0.000010	0.000010	0.000010	0.000010	0.000010	0.000010	0.000010	0.000010	LD_0.9_14_1468
QG875	0.999870	0.000010	0.000010	0.000010	0.000010	0.000010	0.000010	0.000010	0.000010	0.000010	0.000010	0.000010	0.000010	0.000010	LD_0.9_14_1468
QG878	0.999865	0.000010	0.000010	0.000010	0.000010	0.000010	0.000012	0.000010	0.000010	0.000010	0.000013	0.000010	0.000010	0.000010	LD_0.9_14_1468
QG879	0.999860	0.000010	0.000017	0.000010	0.000010	0.000010	0.000013	0.000010	0.000010	0.000010	0.000010	0.000010	0.000010	0.000010	LD_0.9_14_1468
QG880	0.992232	0.000010	0.007647	0.000010	0.000010	0.000010	0.000010	0.000011	0.000010	0.000010	0.000010	0.000010	0.000010	0.000010	LD_0.9_14_1468
QG881	0.515794	0.000010	0.484086	0.000010	0.000010	0.000010	0.000010	0.000010	0.000010	0.000010	0.000010	0.000010	0.000010	0.000010	LD_0.9_14_1468
QG887	0.999869	0.000010	0.000010	0.000010	0.000011	0.000010	0.000010	0.000010	0.000010	0.000010	0.000010	0.000010	0.000010	0.000010	LD_0.9_14_1468
QG888	0.999870	0.000010	0.000010	0.000010	0.000010	0.000010	0.000010	0.000010	0.000010	0.000010	0.000010	0.000010	0.000010	0.000010	LD_0.9_14_1468
QG926	0.999870	0.000010	0.000010	0.000010	0.000010	0.000010	0.000010	0.000010	0.000010	0.000010	0.000010	0.000010	0.000010	0.000010	LD_0.9_14_1468
QG927	0.076000	0.000010	0.000010	0.000010	0.000010	0.000010	0.000010	0.000010	0.000010	0.000010	0.000010	0.923880	0.000010	0.000010	LD_0.9_14_1468
QG933	0.999869	0.000010	0.000010	0.000010	0.000010	0.000010	0.000010	0.000010	0.000010	0.000010	0.000011	0.000010	0.000010	0.000010	LD_0.9_14_1468
QG937	0.999870	0.000010	0.000010	0.000010	0.000010	0.000010	0.000010	0.000010	0.000010	0.000010	0.000010	0.000010	0.000010	0.000010	LD_0.9_14_1468
QG945	0.999869	0.000011	0.000010	0.000010	0.000010	0.000010	0.000010	0.000010	0.000010	0.000010	0.000010	0.000010	0.000010	0.000010	LD_0.9_14_1468
QG946	0.999869	0.000010	0.000010	0.000010	0.000010	0.000010	0.000010	0.000010	0.000010	0.000010	0.000010	0.000011	0.000010	0.000010	LD_0.9_14_1468
QG947	0.999870	0.000010	0.000010	0.000010	0.000010	0.000010	0.000010	0.000010	0.000010	0.000010	0.000010	0.000010	0.000010	0.000010	LD_0.9_14_1468
QG948	0.967648	0.000017	0.000011	0.000010	0.000010	0.000010	0.000010	0.000010	0.000010	0.000010	0.000010	0.032218	0.000017	0.000010	LD_0.9_14_1468
QG952	0.917996	0.000010	0.000010	0.000010	0.000010	0.000010	0.000016	0.000010	0.000010	0.081878	0.000010	0.000010	0.000010	0.000010	LD_0.9_14_1468
QG978	0.854561	0.000010	0.125931	0.000010	0.000010	0.000010	0.000010	0.000010	0.000010	0.000010	0.000011	0.019397	0.000010	0.000010	LD_0.9_14_1468
QG980	0.999865	0.000010	0.000014	0.000010	0.000010	0.000010	0.000010	0.000010	0.000010	0.000010	0.000011	0.000010	0.000010	0.000010	LD_0.9_14_1468
QG986	0.945074	0.000010	0.000010	0.000010	0.000010	0.000011	0.000017	0.000012	0.000010	0.000010	0.000010	0.054796	0.000010	0.000010	LD_0.9_14_1468
QG991	0.999870	0.000010	0.000010	0.000010	0.000010	0.000010	0.000010	0.000010	0.000010	0.000010	0.000010	0.000010	0.000010	0.000010	LD_0.9_14_1468
QG994	0.999865	0.000010	0.000012	0.000012	0.000010	0.000010	0.000010	0.000010	0.000010	0.000010	0.000010	0.000010	0.000010	0.000010	LD_0.9_14_1468
QG995	0.999870	0.000010	0.000010	0.000010	0.000010	0.000010	0.000010	0.000010	0.000010	0.000010	0.000010	0.000010	0.000010	0.000010	LD_0.9_14_1468
QG997	0.946992	0.000010	0.052876	0.000010	0.000010	0.000010	0.000017	0.000013	0.000010	0.000010	0.000010	0.000011	0.000010	0.000010	LD_0.9_14_1468
QG998	0.999861	0.000011	0.000018	0.000010	0.000010	0.000010	0.000010	0.000010	0.000010	0.000010	0.000010	0.000010	0.000010	0.000010	LD_0.9_14_1468
QR25	0.000010	0.000010	0.000010	0.000010	0.000010	0.000010	0.000020	0.000010	0.000010	0.000010	0.728066	0.019762	0.252052	0.000010	LD_0.9_14_1468
QX1410	0.000010	0.000014	0.000014	0.000010	0.000010	0.000010	0.000010	0.000010	0.000010	0.999862	0.000010	0.000010	0.000010	0.000010	LD_0.9_14_1468
QX1547	0.000010	0.000010	0.000010	0.000016	0.000010	0.000010	0.000014	0.000014	0.000018	0.000015	0.000010	0.000012	0.999840	0.000010	LD_0.9_14_1468
QX1795	0.000010	0.000010	0.078326	0.000010	0.000010	0.000010	0.000010	0.000010	0.000010	0.086905	0.000010	0.834659	0.000010	0.000010	LD_0.9_14_1468
QX1796	0.000010	0.000010	0.000010	0.000012	0.000010	0.000010	0.000010	0.000010	0.000010	0.000010	0.000010	0.999868	0.000010	0.000010	LD_0.9_14_1468
QX1798	0.000010	0.000012	0.000012	0.000012	0.000010	0.000010	0.000010	0.000012	0.999859	0.000010	0.000012	0.000010	0.000010	0.000010	LD_0.9_14_1468
QX1800	0.000010	0.000010	0.000010	0.000010	0.000010	0.000010	0.000010	0.000010	0.000010	0.000010	0.000010	0.999870	0.000010	0.000010	LD_0.9_14_1468
QX1801	0.000010	0.000020	0.000011	0.000010	0.000019	0.000011	0.000010	0.000010	0.000011	0.039897	0.000020	0.959952	0.000010	0.000010	LD_0.9_14_1468
QX1802	0.000010	0.000010	0.000010	0.000010	0.000010	0.000010	0.000010	0.000010	0.000010	0.000010	0.000010	0.999870	0.000010	0.000010	LD_0.9_14_1468
QX1803	0.000010	0.000010	0.000010	0.000010	0.000010	0.000010	0.000010	0.000010	0.000010	0.000010	0.000010	0.999870	0.000010	0.000010	LD_0.9_14_1468
QX1804	0.000012	0.000010	0.000016	0.000010	0.000010	0.000014	0.000010	0.000010	0.000010	0.000010	0.000010	0.999858	0.000010	0.000010	LD_0.9_14_1468
SOW18	0.000010	0.000010	0.000010	0.000010	0.000010	0.000010	0.000010	0.000010	0.000010	0.000010	0.000010	0.000010	0.999870	0.000010	LD_0.9_14_1468
SOW21	0.000010	0.000010	0.000010	0.000010	0.000010	0.000010	0.000010	0.000010	0.000011	0.000010	0.000010	0.000010	0.999869	0.000010	LD_0.9_14_1468
SOW22	0.000010	0.000010	0.000010	0.000010	0.000010	0.000010	0.000010	0.000010	0.000010	0.000010	0.000010	0.000010	0.999870	0.000010	LD_0.9_14_1468
TT3408	0.000010	0.000010	0.000010	0.000010	0.000010	0.000010	0.000010	0.000010	0.000010	0.000010	0.000010	0.999870	0.000010	0.000010	LD_0.9_14_1468
TT3411	0.000010	0.000010	0.000010	0.000010	0.000010	0.000010	0.000010	0.000010	0.000010	0.000010	0.000010	0.999870	0.000010	0.000010	LD_0.9_14_1468
TWN1772	0.000011	0.000010	0.000010	0.000010	0.000016	0.000010	0.000010	0.000010	0.999857	0.000010	0.000010	0.000014	0.000012	0.000010	LD_0.9_14_1468
TWN1824	0.000010	0.000010	0.000010	0.999870	0.000010	0.000010	0.000010	0.000010	0.000010	0.000010	0.000010	0.000010	0.000010	0.000010	LD_0.9_14_1468
TWN1899	0.000010	0.000010	0.000010	0.999866	0.000013	0.000010	0.000010	0.000010	0.000010	0.000010	0.000010	0.000010	0.000010	0.000010	LD_0.9_14_1468
TWN1907	0.000010	0.000012	0.000010	0.000010	0.000010	0.000010	0.000013	0.000010	0.999862	0.000012	0.000010	0.000010	0.000010	0.000010	LD_0.9_14_1468
TWN2919	0.000010	0.000010	0.000010	0.000015	0.000014	0.000010	0.000011	0.000015	0.999854	0.000010	0.000010	0.000012	0.000010	0.000010	LD_0.9_14_1468
TWN3077	0.000010	0.000010	0.000010	0.000010	0.000010	0.000012	0.000010	0.000010	0.999868	0.000010	0.000010	0.000010	0.000010	0.000010	LD_0.9_14_1468
UH1	0.000010	0.000010	0.000010	0.000010	0.000010	0.000010	0.000010	0.000010	0.999870	0.000010	0.000010	0.000010	0.000010	0.000010	LD_0.9_14_1468
VSL2201	0.000010	0.708163	0.000010	0.000010	0.000011	0.000010	0.000010	0.000010	0.000010	0.250648	0.000010	0.041077	0.000010	0.000010	LD_0.9_14_1468
VSL2207	0.000010	0.000010	0.000012	0.000010	0.000010	0.000012	0.000010	0.000010	0.000010	0.000010	0.000010	0.000010	0.000010	0.999866	LD_0.9_14_1468
VSL2209	0.000010	0.000010	0.000017	0.000010	0.000012	0.000010	0.000010	0.000018	0.000010	0.000020	0.000011	0.000010	0.000010	0.999842	LD_0.9_14_1468
VSL2210	0.000010	0.000010	0.000010	0.000010	0.000010	0.000010	0.000010	0.000010	0.000010	0.999870	0.000010	0.000010	0.000010	0.000010	LD_0.9_14_1468
VSL2212	0.000010	0.000010	0.000010	0.000010	0.000010	0.000010	0.000010	0.000010	0.000010	0.999870	0.000010	0.000010	0.000010	0.000010	LD_0.9_14_1468
VSL2213	0.000011	0.999865	0.000010	0.000010	0.000014	0.000010	0.000010	0.000010	0.000010	0.000010	0.000010	0.000010	0.000010	0.000010	LD_0.9_14_1468
VSL2215	0.000010	0.936130	0.000010	0.000010	0.000010	0.000010	0.000010	0.000010	0.000010	0.063750	0.000010	0.000010	0.000010	0.000010	LD_0.9_14_1468
VSL2216	0.000010	0.999870	0.000010	0.000010	0.000010	0.000010	0.000010	0.000010	0.000010	0.000010	0.000010	0.000010	0.000010	0.000010	LD_0.9_14_1468
VSL2217	0.000010	0.000010	0.000010	0.000010	0.999870	0.000010	0.000010	0.000010	0.000010	0.000010	0.000010	0.000010	0.000010	0.000010	LD_0.9_14_1468
VSL2219	0.000010	0.000010	0.000017	0.000010	0.000010	0.000010	0.000010	0.000010	0.000010	0.264609	0.000010	0.735264	0.000010	0.000010	LD_0.9_14_1468
VT847	0.000010	0.000010	0.000010	0.000010	0.000010	0.000010	0.000010	0.000010	0.000010	0.194799	0.000010	0.805081	0.000010	0.000010	LD_0.9_14_1468
VX34	0.000010	0.000010	0.000010	0.000010	0.000010	0.000010	0.000010	0.000010	0.000010	0.000010	0.883006	0.000010	0.116874	0.000010	LD_0.9_14_1468
XZ1204	0.000010	0.485124	0.000010	0.000010	0.000010	0.000010	0.000010	0.000010	0.000012	0.441147	0.000010	0.073616	0.000011	0.000010	LD_0.9_14_1468
XZ1205	0.000010	0.999867	0.000010	0.000010	0.000010	0.000010	0.000013	0.000010	0.000010	0.000010	0.000010	0.000010	0.000010	0.000010	LD_0.9_14_1468
XZ1206	0.000010	0.999842	0.000014	0.000010	0.000011	0.000017	0.000011	0.000014	0.000019	0.000010	0.000011	0.000010	0.000010	0.000010	LD_0.9_14_1468
XZ1207	0.000010	0.011990	0.000010	0.000010	0.000010	0.000010	0.000010	0.000012	0.000010	0.702111	0.000010	0.285787	0.000010	0.000010	LD_0.9_14_1468
XZ1210	0.000010	0.000010	0.000016	0.000010	0.000010	0.000010	0.000010	0.000010	0.000010	0.906392	0.000010	0.093482	0.000010	0.000010	LD_0.9_14_1468
XZ1212	0.000011	0.000010	0.008100	0.000012	0.000013	0.000011	0.000010	0.000010	0.000010	0.675491	0.000012	0.316288	0.000013	0.000010	LD_0.9_14_1468
XZ1213	0.000010	0.000010	0.000010	0.000010	0.000014	0.000010	0.000010	0.000010	0.000010	0.890120	0.000010	0.109749	0.000017	0.000010	LD_0.9_14_1468
XZ1731	0.000012	0.000010	0.000010	0.000010	0.000020	0.000019	0.000010	0.000019	0.000016	0.767341	0.000010	0.232504	0.000010	0.000010	LD_0.9_14_1468
XZ1732	0.000010	0.000010	0.000010	0.000010	0.000010	0.000010	0.000010	0.000010	0.000010	0.999870	0.000010	0.000010	0.000010	0.000010	LD_0.9_14_1468
ZZY0992	0.000010	0.000010	0.000010	0.000010	0.999870	0.000010	0.000010	0.000010	0.000010	0.000010	0.000010	0.000010	0.000010	0.000010	LD_0.9_14_1468
ZZY1034	0.000010	0.000010	0.000010	0.000010	0.000010	0.000010	0.000010	0.000010	0.000010	0.000010	0.000010	0.999870	0.000010	0.000010	LD_0.9_14_1468
ZZY1075	0.000014	0.000010	0.000010	0.000010	0.000010	0.000010	0.000010	0.000010	0.000010	0.000010	0.000010	0.999866	0.000010	0.000010	LD_0.9_14_1468
ZZY1123	0.000010	0.000010	0.000010	0.000010	0.999870	0.000010	0.000010	0.000010	0.000010	0.000010	0.000010	0.000010	0.000010	0.000010	LD_0.9_14_1468
ZZY1130	0.000010	0.000010	0.000010	0.000010	0.000010	0.000010	0.000010	0.000010	0.000010	0.000010	0.000010	0.999870	0.000010	0.000010	LD_0.9_14_1468
ZZY405	0.000010	0.000010	0.000010	0.000010	0.000010	0.000010	0.000010	0.000010	0.000010	0.000010	0.000010	0.999870	0.000010	0.000010	LD_0.9_14_1468
AF16	0.000010	0.000010	0.000010	0.000010	0.000010	0.999866	0.000010	0.000010	0.000010	0.000010	0.000010	0.000014	0.000010	0.000010	LD_0.9_14_1553
BRC20069	0.000010	0.000010	0.000010	0.000010	0.000010	0.000010	0.999870	0.000010	0.000010	0.000010	0.000010	0.000010	0.000010	0.000010	LD_0.9_14_1553
BRC20073	0.000010	0.000010	0.000010	0.000010	0.000010	0.000010	0.999870	0.000010	0.000010	0.000010	0.000010	0.000010	0.000010	0.000010	LD_0.9_14_1553
BRC20075	0.000010	0.000010	0.000011	0.000015	0.000013	0.000011	0.000010	0.000011	0.999857	0.000010	0.000010	0.000012	0.000010	0.000010	LD_0.9_14_1553
BRC20077	0.000010	0.000010	0.000010	0.000010	0.000010	0.016747	0.983133	0.000010	0.000010	0.000010	0.000010	0.000010	0.000010	0.000010	LD_0.9_14_1553
BRC20081	0.000010	0.000010	0.081412	0.000010	0.000010	0.000010	0.000010	0.000010	0.000010	0.918468	0.000010	0.000010	0.000010	0.000010	LD_0.9_14_1553
BRC20085	0.445302	0.000010	0.000010	0.000010	0.074210	0.000010	0.373363	0.000010	0.000010	0.000010	0.107026	0.000010	0.000010	0.000010	LD_0.9_14_1553
BRC20088	0.000010	0.000010	0.000010	0.000010	0.000010	0.000010	0.000010	0.000010	0.000010	0.999870	0.000010	0.000010	0.000010	0.000010	LD_0.9_14_1553
BRC20089	0.000010	0.000010	0.000010	0.000010	0.000010	0.000010	0.999870	0.000010	0.000010	0.000010	0.000010	0.000010	0.000010	0.000010	LD_0.9_14_1553
BRC20090	0.026358	0.000010	0.000010	0.000011	0.010276	0.123963	0.795737	0.000010	0.000010	0.000010	0.043576	0.000010	0.000010	0.000010	LD_0.9_14_1553
BRC20092	0.655033	0.000010	0.000010	0.000010	0.077728	0.111228	0.142613	0.000010	0.000010	0.000010	0.013309	0.000010	0.000010	0.000010	LD_0.9_14_1553
BRC20093	0.000010	0.000010	0.000010	0.000010	0.000010	0.000010	0.999870	0.000010	0.000010	0.000010	0.000010	0.000010	0.000010	0.000010	LD_0.9_14_1553
BRC20094	0.646620	0.000010	0.000010	0.000010	0.042380	0.079464	0.179684	0.000010	0.000010	0.000010	0.051762	0.000010	0.000010	0.000010	LD_0.9_14_1553
BRC20095	0.000010	0.000010	0.000010	0.000010	0.000010	0.000010	0.999870	0.000010	0.000010	0.000010	0.000010	0.000010	0.000010	0.000010	LD_0.9_14_1553
BRC20096	0.000010	0.000010	0.000010	0.000010	0.000010	0.000010	0.999870	0.000010	0.000010	0.000010	0.000010	0.000010	0.000010	0.000010	LD_0.9_14_1553
BRC20098	0.000010	0.000010	0.000010	0.000010	0.000010	0.000010	0.999870	0.000010	0.000010	0.000010	0.000010	0.000010	0.000010	0.000010	LD_0.9_14_1553
BRC20099	0.000010	0.000010	0.000010	0.000010	0.000010	0.000010	0.999870	0.000010	0.000010	0.000010	0.000010	0.000010	0.000010	0.000010	LD_0.9_14_1553
BRC20100	0.000010	0.000010	0.000010	0.000010	0.000010	0.000010	0.999870	0.000010	0.000010	0.000010	0.000010	0.000010	0.000010	0.000010	LD_0.9_14_1553
BRC20102	0.000010	0.000010	0.000010	0.000010	0.000010	0.000010	0.999870	0.000010	0.000010	0.000010	0.000010	0.000010	0.000010	0.000010	LD_0.9_14_1553
BRC20103	0.000010	0.000010	0.000011	0.000010	0.000010	0.000010	0.999868	0.000010	0.000010	0.000010	0.000010	0.000011	0.000010	0.000010	LD_0.9_14_1553
BRC20105	0.642845	0.000010	0.000010	0.000010	0.059887	0.000010	0.185266	0.000010	0.000010	0.000014	0.111898	0.000010	0.000010	0.000010	LD_0.9_14_1553
BRC20107	0.622501	0.000010	0.000010	0.000010	0.040871	0.118551	0.108553	0.000010	0.000010	0.000010	0.109434	0.000010	0.000010	0.000010	LD_0.9_14_1553
BRC20115	0.000010	0.999870	0.000010	0.000010	0.000010	0.000010	0.000010	0.000010	0.000010	0.000010	0.000010	0.000010	0.000010	0.000010	LD_0.9_14_1553
BRC20119	0.000010	0.000010	0.000010	0.000010	0.000010	0.000010	0.285586	0.000010	0.000010	0.000010	0.714294	0.000010	0.000010	0.000010	LD_0.9_14_1553
BRC20228	0.000010	0.000010	0.000010	0.000010	0.000010	0.000010	0.999870	0.000010	0.000010	0.000010	0.000010	0.000010	0.000010	0.000010	LD_0.9_14_1553
BRC20229	0.000010	0.000010	0.000010	0.000010	0.000010	0.000010	0.000010	0.000010	0.999870	0.000010	0.000010	0.000010	0.000010	0.000010	LD_0.9_14_1553
BRC20230	0.000010	0.000010	0.000010	0.000018	0.000012	0.000010	0.000010	0.000010	0.000010	0.999860	0.000010	0.000010	0.000010	0.000010	LD_0.9_14_1553
BRC20232	0.000010	0.000010	0.000010	0.000010	0.000010	0.000010	0.000010	0.000010	0.999870	0.000010	0.000010	0.000010	0.000010	0.000010	LD_0.9_14_1553
BRC20238	0.000010	0.000010	0.000010	0.000010	0.000010	0.000010	0.000010	0.000010	0.000010	0.999870	0.000010	0.000010	0.000010	0.000010	LD_0.9_14_1553
BRC20239	0.000010	0.000010	0.000010	0.000010	0.000010	0.000010	0.000010	0.000010	0.999870	0.000010	0.000010	0.000010	0.000010	0.000010	LD_0.9_14_1553
BRC20241	0.000010	0.000010	0.000010	0.000010	0.000010	0.000010	0.929635	0.000010	0.000010	0.000010	0.070245	0.000010	0.000010	0.000010	LD_0.9_14_1553
BRC20242	0.000010	0.000010	0.000012	0.000010	0.000010	0.071597	0.928282	0.000010	0.000010	0.000010	0.000010	0.000010	0.000010	0.000010	LD_0.9_14_1553
BRC20244	0.000010	0.000014	0.000010	0.000011	0.000010	0.000010	0.000010	0.000010	0.000010	0.999864	0.000010	0.000010	0.000010	0.000010	LD_0.9_14_1553
BRC20246	0.000010	0.000010	0.000010	0.000010	0.000010	0.000010	0.000010	0.000010	0.000010	0.999870	0.000010	0.000010	0.000010	0.000010	LD_0.9_14_1553
BRC20257	0.000010	0.000010	0.000010	0.000010	0.000010	0.000010	0.000010	0.000010	0.000010	0.000010	0.999870	0.000010	0.000010	0.000010	LD_0.9_14_1553
BRC20260	0.000010	0.000010	0.000010	0.000010	0.000010	0.000010	0.999861	0.000017	0.000010	0.000010	0.000011	0.000010	0.000010	0.000010	LD_0.9_14_1553
BRC20270	0.000010	0.000010	0.999869	0.000010	0.000010	0.000010	0.000010	0.000010	0.000010	0.000010	0.000010	0.000011	0.000010	0.000010	LD_0.9_14_1553
BRC20272	0.000010	0.000010	0.999867	0.000010	0.000010	0.000010	0.000010	0.000010	0.000010	0.000010	0.000010	0.000013	0.000010	0.000010	LD_0.9_14_1553
BRC20289	0.000010	0.000010	0.815827	0.000010	0.000010	0.000010	0.000010	0.000010	0.000014	0.184049	0.000010	0.000010	0.000010	0.000010	LD_0.9_14_1553
BRC20290	0.000010	0.000010	0.800086	0.000011	0.000010	0.000010	0.000010	0.000010	0.000010	0.199793	0.000010	0.000010	0.000010	0.000010	LD_0.9_14_1553
BRC20294	0.000010	0.000010	0.000010	0.000010	0.000010	0.065078	0.934802	0.000010	0.000010	0.000010	0.000010	0.000010	0.000010	0.000010	LD_0.9_14_1553
BRC20308	0.000010	0.000010	0.999861	0.000010	0.000010	0.000010	0.000010	0.000010	0.000019	0.000010	0.000010	0.000010	0.000010	0.000010	LD_0.9_14_1553
BRC20309	0.000010	0.000010	0.999870	0.000010	0.000010	0.000010	0.000010	0.000010	0.000010	0.000010	0.000010	0.000010	0.000010	0.000010	LD_0.9_14_1553
BRC20311	0.000010	0.000010	0.999863	0.000011	0.000010	0.000010	0.000010	0.000016	0.000010	0.000010	0.000010	0.000010	0.000010	0.000010	LD_0.9_14_1553
BRC20312	0.000010	0.000010	0.999866	0.000010	0.000010	0.000010	0.000014	0.000010	0.000010	0.000010	0.000010	0.000010	0.000010	0.000010	LD_0.9_14_1553
BRC20315	0.000010	0.000010	0.999865	0.000010	0.000010	0.000015	0.000010	0.000010	0.000010	0.000010	0.000010	0.000010	0.000010	0.000010	LD_0.9_14_1553
BRC20320	0.000010	0.000010	0.999870	0.000010	0.000010	0.000010	0.000010	0.000010	0.000010	0.000010	0.000010	0.000010	0.000010	0.000010	LD_0.9_14_1553
BRC20324	0.000010	0.000010	0.000010	0.000010	0.000010	0.000010	0.370813	0.000010	0.629067	0.000010	0.000010	0.000010	0.000010	0.000010	LD_0.9_14_1553
BRC20331	0.000010	0.000010	0.999870	0.000010	0.000010	0.000010	0.000010	0.000010	0.000010	0.000010	0.000010	0.000010	0.000010	0.000010	LD_0.9_14_1553
BRC20333	0.000010	0.000010	0.143387	0.000012	0.000010	0.000010	0.000010	0.000010	0.000013	0.856475	0.000019	0.000014	0.000010	0.000010	LD_0.9_14_1553
BRC20334	0.000010	0.000010	0.999870	0.000010	0.000010	0.000010	0.000010	0.000010	0.000010	0.000010	0.000010	0.000010	0.000010	0.000010	LD_0.9_14_1553
BRC20339	0.000010	0.000010	0.999865	0.000010	0.000010	0.000015	0.000010	0.000010	0.000010	0.000010	0.000010	0.000010	0.000010	0.000010	LD_0.9_14_1553
BRC20341	0.000010	0.000012	0.121548	0.000010	0.000010	0.000010	0.000010	0.000010	0.000010	0.878329	0.000010	0.000012	0.000010	0.000010	LD_0.9_14_1553
BRC20343	0.000010	0.000010	0.000010	0.000010	0.000010	0.000010	0.000010	0.000010	0.999870	0.000010	0.000010	0.000010	0.000010	0.000010	LD_0.9_14_1553
BRC20346	0.000010	0.000010	0.954574	0.000010	0.000010	0.000010	0.000010	0.000010	0.000010	0.045306	0.000010	0.000010	0.000010	0.000010	LD_0.9_14_1553
BRC20347	0.000010	0.000010	0.000010	0.000010	0.000010	0.000010	0.000010	0.000010	0.999870	0.000010	0.000010	0.000010	0.000010	0.000010	LD_0.9_14_1553
BRC20348	0.000010	0.000010	0.651344	0.000010	0.000010	0.000010	0.000010	0.000010	0.000010	0.348533	0.000012	0.000011	0.000010	0.000010	LD_0.9_14_1553
BRC20353	0.999865	0.000010	0.000010	0.000010	0.000010	0.000010	0.000010	0.000010	0.000010	0.000010	0.000015	0.000010	0.000010	0.000010	LD_0.9_14_1553
BRC20360	0.999860	0.000010	0.000010	0.000011	0.000010	0.000010	0.000010	0.000010	0.000010	0.000010	0.000018	0.000010	0.000010	0.000010	LD_0.9_14_1553
BRC20361	0.999859	0.000010	0.000010	0.000010	0.000010	0.000010	0.000010	0.000010	0.000017	0.000010	0.000013	0.000010	0.000010	0.000010	LD_0.9_14_1553
BRC20362	0.999870	0.000010	0.000010	0.000010	0.000010	0.000010	0.000010	0.000010	0.000010	0.000010	0.000010	0.000010	0.000010	0.000010	LD_0.9_14_1553
BRC20366	0.000010	0.000013	0.999866	0.000010	0.000012	0.000010	0.000010	0.000010	0.000010	0.000010	0.000010	0.000010	0.000010	0.000010	LD_0.9_14_1553
BRC20367	0.000010	0.000010	0.097229	0.000013	0.000016	0.000010	0.000010	0.000010	0.000010	0.902641	0.000010	0.000011	0.000010	0.000010	LD_0.9_14_1553
BRC20369	0.000010	0.000010	0.000010	0.000010	0.000010	0.000010	0.999870	0.000010	0.000010	0.000010	0.000010	0.000010	0.000010	0.000010	LD_0.9_14_1553
BRC20370	0.000010	0.000010	0.999865	0.000010	0.000010	0.000010	0.000010	0.000010	0.000010	0.000010	0.000010	0.000015	0.000010	0.000010	LD_0.9_14_1553
BRC20388	0.000010	0.000012	0.000010	0.999866	0.000010	0.000010	0.000010	0.000010	0.000011	0.000010	0.000010	0.000010	0.000010	0.000010	LD_0.9_14_1553
BRC20390	0.000010	0.000010	0.000010	0.000010	0.000010	0.000010	0.000010	0.000010	0.000010	0.999870	0.000010	0.000010	0.000010	0.000010	LD_0.9_14_1553
BRC20401	0.000010	0.000010	0.000010	0.000010	0.000010	0.000010	0.999865	0.000010	0.000010	0.000010	0.000014	0.000011	0.000010	0.000010	LD_0.9_14_1553
BRC20463	0.000010	0.000014	0.305175	0.000010	0.000010	0.000010	0.000010	0.000010	0.000010	0.694698	0.000010	0.000013	0.000010	0.000010	LD_0.9_14_1553
BRC20492	0.000010	0.999870	0.000010	0.000010	0.000010	0.000010	0.000010	0.000010	0.000010	0.000010	0.000010	0.000010	0.000010	0.000010	LD_0.9_14_1553
BRC20498	0.000010	0.000010	0.000010	0.000010	0.000010	0.000011	0.999869	0.000010	0.000010	0.000010	0.000010	0.000010	0.000010	0.000010	LD_0.9_14_1553
BRC20499	0.000010	0.000010	0.651994	0.000010	0.000010	0.000010	0.000010	0.000010	0.000010	0.347880	0.000016	0.000010	0.000010	0.000010	LD_0.9_14_1553
BRC20501	0.000010	0.000010	0.966930	0.000010	0.000010	0.000010	0.000010	0.000010	0.000010	0.032950	0.000010	0.000010	0.000010	0.000010	LD_0.9_14_1553
BRC20502	0.000010	0.999870	0.000010	0.000010	0.000010	0.000010	0.000010	0.000010	0.000010	0.000010	0.000010	0.000010	0.000010	0.000010	LD_0.9_14_1553
BRC20503	0.000010	0.999870	0.000010	0.000010	0.000010	0.000010	0.000010	0.000010	0.000010	0.000010	0.000010	0.000010	0.000010	0.000010	LD_0.9_14_1553
BRC20519	0.000010	0.999870	0.000010	0.000010	0.000010	0.000010	0.000010	0.000010	0.000010	0.000010	0.000010	0.000010	0.000010	0.000010	LD_0.9_14_1553
BRC20520	0.000010	0.999865	0.000010	0.000010	0.000010	0.000010	0.000010	0.000010	0.000010	0.000010	0.000010	0.000015	0.000010	0.000010	LD_0.9_14_1553
BRC20522	0.000010	0.000010	0.000010	0.000010	0.000010	0.000010	0.000010	0.000010	0.999870	0.000010	0.000010	0.000010	0.000010	0.000010	LD_0.9_14_1553
BRC20524	0.000010	0.000010	0.000010	0.000010	0.000010	0.000010	0.000010	0.000010	0.999870	0.000010	0.000010	0.000010	0.000010	0.000010	LD_0.9_14_1553
BRC20529	0.000010	0.000010	0.000010	0.000010	0.000010	0.000014	0.000010	0.000011	0.000010	0.999863	0.000010	0.000011	0.000010	0.000010	LD_0.9_14_1553
BRC20530	0.000010	0.000019	0.000010	0.000010	0.000010	0.000010	0.000010	0.000010	0.999861	0.000010	0.000010	0.000010	0.000010	0.000010	LD_0.9_14_1553
BRC20531	0.000010	0.000010	0.000010	0.000010	0.000010	0.000018	0.000010	0.000010	0.999862	0.000010	0.000010	0.000010	0.000010	0.000010	LD_0.9_14_1553
BRC20532	0.000010	0.000010	0.000010	0.000010	0.000010	0.000010	0.000010	0.000010	0.000010	0.999869	0.000010	0.000010	0.000011	0.000010	LD_0.9_14_1553
BRC20533	0.000018	0.000018	0.918687	0.000010	0.000012	0.000010	0.000010	0.000010	0.000010	0.081170	0.000010	0.000015	0.000010	0.000010	LD_0.9_14_1553
BRC20534	0.000010	0.000010	0.999535	0.000010	0.000010	0.000010	0.000010	0.000010	0.000010	0.000345	0.000010	0.000010	0.000010	0.000010	LD_0.9_14_1553
BRC20535	0.000015	0.000010	0.999863	0.000010	0.000010	0.000010	0.000010	0.000010	0.000010	0.000010	0.000011	0.000011	0.000010	0.000010	LD_0.9_14_1553
BRC20536	0.000010	0.000014	0.999866	0.000010	0.000010	0.000010	0.000010	0.000010	0.000010	0.000010	0.000010	0.000010	0.000010	0.000010	LD_0.9_14_1553
BRC20537	0.000010	0.000010	0.000010	0.000010	0.000010	0.000010	0.000010	0.000010	0.000010	0.999870	0.000010	0.000010	0.000010	0.000010	LD_0.9_14_1553
BRC20541	0.000010	0.999870	0.000010	0.000010	0.000010	0.000010	0.000010	0.000010	0.000010	0.000010	0.000010	0.000010	0.000010	0.000010	LD_0.9_14_1553
BRC20543	0.000010	0.000010	0.000010	0.000010	0.000010	0.000010	0.000010	0.000010	0.000011	0.999862	0.000010	0.000016	0.000010	0.000010	LD_0.9_14_1553
BRC20544	0.000010	0.000010	0.999869	0.000010	0.000010	0.000010	0.000010	0.000010	0.000010	0.000010	0.000010	0.000011	0.000010	0.000010	LD_0.9_14_1553
BRC20545	0.000010	0.000010	0.360018	0.000010	0.000010	0.000010	0.000010	0.000011	0.000010	0.639857	0.000012	0.000012	0.000010	0.000010	LD_0.9_14_1553
BRC20556	0.000011	0.000010	0.000010	0.000010	0.000010	0.000010	0.999869	0.000010	0.000010	0.000010	0.000010	0.000010	0.000010	0.000010	LD_0.9_14_1553
BRC20557	0.000010	0.000010	0.000010	0.000010	0.000010	0.000010	0.000010	0.000010	0.000010	0.999870	0.000010	0.000010	0.000010	0.000010	LD_0.9_14_1553
BRC20565	0.000010	0.000010	0.000010	0.000010	0.000010	0.744322	0.255549	0.000019	0.000010	0.000010	0.000010	0.000010	0.000010	0.000010	LD_0.9_14_1553
BRC20571	0.000010	0.000010	0.000010	0.000010	0.000010	0.000010	0.980739	0.000010	0.000010	0.000010	0.019141	0.000010	0.000010	0.000010	LD_0.9_14_1553
BRC20574	0.000010	0.000010	0.000010	0.000010	0.000010	0.134242	0.865638	0.000010	0.000010	0.000010	0.000010	0.000010	0.000010	0.000010	LD_0.9_14_1553
BW287	0.000010	0.000010	0.000010	0.999870	0.000010	0.000010	0.000010	0.000010	0.000010	0.000010	0.000010	0.000010	0.000010	0.000010	LD_0.9_14_1553
DF5100	0.000013	0.000010	0.000010	0.000010	0.000010	0.907401	0.000010	0.000010	0.000010	0.000010	0.000010	0.000010	0.000010	0.092476	LD_0.9_14_1553
ECA1129	0.000010	0.000010	0.000016	0.000010	0.000010	0.999860	0.000010	0.000010	0.000010	0.000010	0.000010	0.000015	0.000010	0.000010	LD_0.9_14_1553
ECA1143	0.000010	0.000010	0.000010	0.000010	0.000010	0.784220	0.030781	0.000010	0.000010	0.000010	0.000010	0.000010	0.000010	0.184889	LD_0.9_14_1553
ECA1147	0.000010	0.000010	0.000010	0.000010	0.000012	0.800648	0.199228	0.000010	0.000011	0.000010	0.000010	0.000010	0.000010	0.000010	LD_0.9_14_1553
ECA1149	0.000010	0.000010	0.020686	0.000010	0.000010	0.744784	0.214586	0.000010	0.000010	0.019844	0.000010	0.000010	0.000010	0.000010	LD_0.9_14_1553
ECA1160	0.000010	0.000010	0.000010	0.000010	0.000010	0.888032	0.111848	0.000010	0.000010	0.000010	0.000010	0.000010	0.000010	0.000010	LD_0.9_14_1553
ECA1164	0.000010	0.000010	0.000010	0.000010	0.000015	0.795240	0.204631	0.000010	0.000012	0.000010	0.000010	0.000012	0.000010	0.000010	LD_0.9_14_1553
ECA1170	0.000010	0.000010	0.000010	0.000010	0.000010	0.000010	0.000010	0.000010	0.000010	0.999870	0.000010	0.000010	0.000010	0.000010	LD_0.9_14_1553
ECA1174	0.012723	0.000010	0.000010	0.000010	0.000014	0.731950	0.255212	0.000010	0.000010	0.000010	0.000010	0.000010	0.000010	0.000010	LD_0.9_14_1553
ECA1383	0.000010	0.000010	0.000010	0.000010	0.000012	0.000010	0.000010	0.000010	0.000010	0.999868	0.000010	0.000010	0.000010	0.000010	LD_0.9_14_1553
ECA1411	0.000010	0.000010	0.000010	0.000010	0.000010	0.994456	0.005424	0.000010	0.000010	0.000010	0.000010	0.000010	0.000010	0.000010	LD_0.9_14_1553
ECA1423	0.000010	0.000010	0.000010	0.000010	0.000010	0.583828	0.416052	0.000010	0.000010	0.000010	0.000010	0.000010	0.000010	0.000010	LD_0.9_14_1553
ECA1429	0.000010	0.000010	0.000010	0.000010	0.000010	0.985473	0.014407	0.000010	0.000010	0.000010	0.000010	0.000010	0.000010	0.000010	LD_0.9_14_1553
ECA1431	0.000010	0.000010	0.000010	0.000010	0.000010	0.088728	0.911148	0.000014	0.000010	0.000010	0.000010	0.000010	0.000010	0.000010	LD_0.9_14_1553
ECA1437	0.000017	0.000010	0.000010	0.000010	0.000010	0.855677	0.144196	0.000010	0.000010	0.000010	0.000010	0.000010	0.000010	0.000010	LD_0.9_14_1553
ECA1439	0.000010	0.000010	0.000010	0.000010	0.000010	0.957782	0.042098	0.000010	0.000010	0.000010	0.000010	0.000010	0.000010	0.000010	LD_0.9_14_1553
ECA1443	0.000010	0.000010	0.000010	0.000010	0.000010	0.057690	0.000010	0.000010	0.000010	0.942190	0.000010	0.000010	0.000010	0.000010	LD_0.9_14_1553
ECA1471	0.000010	0.000010	0.000010	0.000010	0.000010	0.949492	0.050388	0.000010	0.000010	0.000010	0.000010	0.000010	0.000010	0.000010	LD_0.9_14_1553
ECA1489	0.000010	0.000010	0.000010	0.000010	0.000010	0.682329	0.091829	0.036423	0.000010	0.000010	0.000010	0.000010	0.000010	0.189319	LD_0.9_14_1553
ECA1507	0.000010	0.000010	0.000010	0.000010	0.000010	0.941043	0.058837	0.000010	0.000010	0.000010	0.000010	0.000010	0.000010	0.000010	LD_0.9_14_1553
ECA1509	0.000010	0.000010	0.000010	0.000010	0.000010	0.999870	0.000010	0.000010	0.000010	0.000010	0.000010	0.000010	0.000010	0.000010	LD_0.9_14_1553
ECA1517	0.000010	0.000010	0.000010	0.000010	0.002502	0.997376	0.000010	0.000012	0.000010	0.000010	0.000010	0.000010	0.000010	0.000010	LD_0.9_14_1553
ECA1521	0.000010	0.000010	0.000010	0.000010	0.000010	0.790623	0.209257	0.000010	0.000010	0.000010	0.000010	0.000010	0.000010	0.000010	LD_0.9_14_1553
ECA1555	0.000010	0.000010	0.000010	0.000010	0.000010	0.649862	0.350018	0.000010	0.000010	0.000010	0.000010	0.000010	0.000010	0.000010	LD_0.9_14_1553
ECA1559	0.000010	0.000010	0.000010	0.000010	0.000010	0.000010	0.000010	0.000010	0.000010	0.999870	0.000010	0.000010	0.000010	0.000010	LD_0.9_14_1553
ECA1563	0.000010	0.000010	0.000010	0.000010	0.000010	0.801700	0.198180	0.000010	0.000010	0.000010	0.000010	0.000010	0.000010	0.000010	LD_0.9_14_1553
ECA1571	0.000010	0.000010	0.000010	0.000010	0.000010	0.785678	0.000010	0.000010	0.000010	0.000010	0.000010	0.000010	0.000010	0.214202	LD_0.9_14_1553
ECA1587	0.000010	0.000010	0.000010	0.000010	0.000010	0.658102	0.341778	0.000010	0.000010	0.000010	0.000010	0.000010	0.000010	0.000010	LD_0.9_14_1553
ECA1605	0.000010	0.000010	0.000010	0.000010	0.000010	0.064914	0.000010	0.016577	0.000010	0.875646	0.000013	0.000010	0.000010	0.042760	LD_0.9_14_1553
ECA1609	0.000014	0.000011	0.000010	0.000010	0.000010	0.999862	0.000010	0.000010	0.000010	0.000012	0.000010	0.000011	0.000010	0.000010	LD_0.9_14_1553
ECA161	0.000010	0.000010	0.000010	0.000010	0.000010	0.553333	0.446547	0.000010	0.000010	0.000010	0.000010	0.000010	0.000010	0.000010	LD_0.9_14_1553
ECA1611	0.000013	0.000010	0.000010	0.000010	0.000010	0.999867	0.000010	0.000010	0.000010	0.000010	0.000010	0.000010	0.000010	0.000010	LD_0.9_14_1553
ECA1615	0.000010	0.000010	0.000010	0.000010	0.000010	0.999870	0.000010	0.000010	0.000010	0.000010	0.000010	0.000010	0.000010	0.000010	LD_0.9_14_1553
ECA162	0.000010	0.000010	0.000010	0.000010	0.000010	0.318500	0.681380	0.000010	0.000010	0.000010	0.000010	0.000010	0.000010	0.000010	LD_0.9_14_1553
ECA1621	0.000010	0.000010	0.000010	0.000010	0.000010	0.833626	0.166254	0.000010	0.000010	0.000010	0.000010	0.000010	0.000010	0.000010	LD_0.9_14_1553
ECA163	0.000010	0.999866	0.000010	0.000010	0.000010	0.000010	0.000010	0.000010	0.000014	0.000010	0.000010	0.000010	0.000010	0.000010	LD_0.9_14_1553
ECA1637	0.000010	0.000010	0.000010	0.000010	0.000010	0.000010	0.999870	0.000010	0.000010	0.000010	0.000010	0.000010	0.000010	0.000010	LD_0.9_14_1553
ECA1657	0.000010	0.000011	0.000010	0.000010	0.000010	0.712354	0.287525	0.000010	0.000010	0.000010	0.000010	0.000010	0.000010	0.000010	LD_0.9_14_1553
ECA1701	0.017550	0.000010	0.000010	0.000010	0.018922	0.000010	0.963417	0.000010	0.000010	0.000010	0.000010	0.000010	0.000010	0.000010	LD_0.9_14_1553
ECA175	0.000010	0.000010	0.000010	0.000010	0.000010	0.824825	0.175054	0.000010	0.000010	0.000010	0.000010	0.000010	0.000010	0.000010	LD_0.9_14_1553
ECA176	0.000010	0.000010	0.000010	0.000010	0.000010	0.810333	0.189547	0.000010	0.000010	0.000010	0.000010	0.000010	0.000010	0.000010	LD_0.9_14_1553
ECA177	0.000010	0.000010	0.000010	0.000010	0.000010	0.858372	0.141508	0.000010	0.000010	0.000010	0.000010	0.000010	0.000010	0.000010	LD_0.9_14_1553
ECA180	0.000010	0.000010	0.000010	0.000010	0.000010	0.999866	0.000010	0.000010	0.000010	0.000014	0.000010	0.000010	0.000010	0.000010	LD_0.9_14_1553
ECA182	0.000010	0.000010	0.000010	0.000010	0.000010	0.999870	0.000010	0.000010	0.000010	0.000010	0.000010	0.000010	0.000010	0.000010	LD_0.9_14_1553
ECA183	0.000010	0.000010	0.000010	0.000010	0.000010	0.999870	0.000010	0.000010	0.000010	0.000010	0.000010	0.000010	0.000010	0.000010	LD_0.9_14_1553
ECA185	0.000010	0.000010	0.000010	0.000010	0.000010	0.999870	0.000010	0.000010	0.000010	0.000010	0.000010	0.000010	0.000010	0.000010	LD_0.9_14_1553
ECA186	0.000010	0.000010	0.000010	0.000010	0.000010	0.855851	0.144029	0.000010	0.000010	0.000010	0.000010	0.000010	0.000010	0.000010	LD_0.9_14_1553
ECA2083	0.000010	0.000010	0.000013	0.000010	0.000010	0.999861	0.000010	0.000010	0.000013	0.000013	0.000010	0.000010	0.000010	0.000010	LD_0.9_14_1553
ECA2093	0.000010	0.000010	0.000010	0.000010	0.000010	0.793383	0.206497	0.000010	0.000010	0.000010	0.000010	0.000010	0.000010	0.000010	LD_0.9_14_1553
ECA2115	0.000010	0.000010	0.000010	0.000010	0.000010	0.000010	0.999870	0.000010	0.000010	0.000010	0.000010	0.000010	0.000010	0.000010	LD_0.9_14_1553
ECA2299	0.000010	0.000010	0.999870	0.000010	0.000010	0.000010	0.000010	0.000010	0.000010	0.000010	0.000010	0.000010	0.000010	0.000010	LD_0.9_14_1553
ECA2373	0.000951	0.000010	0.000010	0.000010	0.050329	0.073283	0.875338	0.000010	0.000010	0.000010	0.000010	0.000010	0.000010	0.000010	LD_0.9_14_1553
ECA2385	0.000010	0.000010	0.000010	0.000010	0.000010	0.000010	0.000010	0.000010	0.000010	0.999870	0.000010	0.000010	0.000010	0.000010	LD_0.9_14_1553
ECA2425	0.000010	0.000010	0.000010	0.000010	0.000010	0.123485	0.876395	0.000010	0.000010	0.000010	0.000010	0.000010	0.000010	0.000010	LD_0.9_14_1553
ECA2617	0.000010	0.000010	0.000010	0.000010	0.000010	0.000010	0.000010	0.000010	0.000010	0.000010	0.000010	0.000010	0.999870	0.000010	LD_0.9_14_1553
ECA2618	0.000010	0.000014	0.000018	0.000010	0.000010	0.000010	0.000010	0.000010	0.000013	0.000013	0.000010	0.000010	0.999852	0.000010	LD_0.9_14_1553
ECA2621	0.000010	0.000010	0.000010	0.000010	0.000010	0.000010	0.000010	0.000010	0.000010	0.000010	0.000010	0.000010	0.999870	0.000010	LD_0.9_14_1553
ECA2623	0.000010	0.000010	0.000010	0.000010	0.000010	0.518509	0.000010	0.000010	0.000010	0.000010	0.000010	0.000010	0.000010	0.481371	LD_0.9_14_1553
ECA2625	0.000010	0.000010	0.000010	0.000010	0.000010	0.569986	0.429894	0.000010	0.000010	0.000010	0.000010	0.000010	0.000010	0.000010	LD_0.9_14_1553
ECA2626	0.000010	0.000010	0.000010	0.000010	0.000010	0.565777	0.434103	0.000010	0.000010	0.000010	0.000010	0.000010	0.000010	0.000010	LD_0.9_14_1553
ECA2636	0.000010	0.000010	0.000010	0.000010	0.000010	0.000010	0.999870	0.000010	0.000010	0.000010	0.000010	0.000010	0.000010	0.000010	LD_0.9_14_1553
ECA2637	0.000010	0.000010	0.000010	0.000010	0.000010	0.730269	0.269611	0.000010	0.000010	0.000010	0.000010	0.000010	0.000010	0.000010	LD_0.9_14_1553
ECA2639	0.000010	0.000010	0.000016	0.000010	0.000010	0.000010	0.000010	0.000010	0.000010	0.000010	0.000010	0.000010	0.999864	0.000010	LD_0.9_14_1553
ECA2645	0.000010	0.000010	0.000010	0.000010	0.000010	0.717394	0.282486	0.000010	0.000010	0.000010	0.000010	0.000010	0.000010	0.000010	LD_0.9_14_1553
ECA2647	0.000010	0.000010	0.000010	0.000010	0.000010	0.000010	0.000010	0.000010	0.000010	0.000010	0.000010	0.000010	0.999870	0.000010	LD_0.9_14_1553
ECA2663	0.000010	0.000010	0.000010	0.000010	0.000010	0.635077	0.364803	0.000010	0.000010	0.000010	0.000010	0.000010	0.000010	0.000010	LD_0.9_14_1553
ECA2664	0.000010	0.000010	0.000010	0.000010	0.000010	0.475570	0.000010	0.000010	0.000010	0.000010	0.000010	0.000010	0.000010	0.524310	LD_0.9_14_1553
ECA2666	0.000010	0.000010	0.000010	0.000010	0.000010	0.000010	0.000010	0.000010	0.000010	0.000012	0.000010	0.000010	0.999868	0.000010	LD_0.9_14_1553
ECA2667	0.000010	0.000010	0.000010	0.000010	0.000010	0.000010	0.999870	0.000010	0.000010	0.000010	0.000010	0.000010	0.000010	0.000010	LD_0.9_14_1553
ECA2670	0.000010	0.000010	0.000010	0.000010	0.000010	0.000010	0.000010	0.000010	0.000010	0.000010	0.000010	0.000010	0.999870	0.000010	LD_0.9_14_1553
ECA276	0.000010	0.999864	0.000010	0.000010	0.000010	0.000016	0.000010	0.000010	0.000010	0.000010	0.000010	0.000010	0.000010	0.000010	LD_0.9_14_1553
ECA278	0.000011	0.000010	0.000011	0.999865	0.000013	0.000010	0.000010	0.000010	0.000010	0.000010	0.000010	0.000010	0.000010	0.000010	LD_0.9_14_1553
ECA2808	0.000010	0.000010	0.000010	0.000010	0.000010	0.999870	0.000010	0.000010	0.000010	0.000010	0.000010	0.000010	0.000010	0.000010	LD_0.9_14_1553
ECA287	0.000010	0.000010	0.000010	0.000010	0.000010	0.000010	0.000010	0.000010	0.000010	0.999870	0.000010	0.000010	0.000010	0.000010	LD_0.9_14_1553
ECA288	0.000010	0.000010	0.000010	0.000010	0.000010	0.671458	0.000010	0.000010	0.000010	0.104489	0.000010	0.000010	0.000010	0.223943	LD_0.9_14_1553
ECA2883	0.000010	0.000010	0.000010	0.000010	0.000010	0.999870	0.000010	0.000010	0.000010	0.000010	0.000010	0.000010	0.000010	0.000010	LD_0.9_14_1553
ECA2890	0.000010	0.000010	0.000010	0.000010	0.000010	0.821666	0.178214	0.000010	0.000010	0.000010	0.000010	0.000010	0.000010	0.000010	LD_0.9_14_1553
ECA2894	0.000010	0.000010	0.000010	0.000010	0.000010	0.881833	0.118047	0.000010	0.000010	0.000010	0.000010	0.000010	0.000010	0.000010	LD_0.9_14_1553
ECA2975	0.000010	0.000010	0.000010	0.000010	0.000013	0.814335	0.185541	0.000010	0.000010	0.000010	0.000010	0.000010	0.000010	0.000010	LD_0.9_14_1553
ECA3091	0.000010	0.000010	0.000010	0.000010	0.000010	0.999870	0.000010	0.000010	0.000010	0.000010	0.000010	0.000010	0.000010	0.000010	LD_0.9_14_1553
ECA343	0.000010	0.000010	0.000010	0.000010	0.000010	0.999868	0.000010	0.000010	0.000010	0.000012	0.000010	0.000010	0.000010	0.000010	LD_0.9_14_1553
ECA346	0.000010	0.000010	0.000010	0.000010	0.000010	0.999870	0.000010	0.000010	0.000010	0.000010	0.000010	0.000010	0.000010	0.000010	LD_0.9_14_1553
ECA3502	0.000010	0.000010	0.000010	0.000010	0.000010	0.000010	0.000010	0.000010	0.000010	0.999870	0.000010	0.000010	0.000010	0.000010	LD_0.9_14_1553
ECA3503	0.000010	0.000010	0.000010	0.000010	0.000010	0.667928	0.331952	0.000010	0.000010	0.000010	0.000010	0.000010	0.000010	0.000010	LD_0.9_14_1553
ECA3509	0.000010	0.000010	0.000010	0.000010	0.000010	0.908865	0.091015	0.000010	0.000010	0.000010	0.000010	0.000010	0.000010	0.000010	LD_0.9_14_1553
ECA3708	0.000010	0.000010	0.000010	0.000010	0.000010	0.999870	0.000010	0.000010	0.000010	0.000010	0.000010	0.000010	0.000010	0.000010	LD_0.9_14_1553
ECA371	0.000010	0.000010	0.000010	0.000010	0.000010	0.993565	0.006315	0.000010	0.000010	0.000010	0.000010	0.000010	0.000010	0.000010	LD_0.9_14_1553
ECA3712	0.000010	0.000010	0.000010	0.000010	0.000010	0.999863	0.000010	0.000012	0.000012	0.000010	0.000010	0.000013	0.000010	0.000010	LD_0.9_14_1553
ECA3713	0.000010	0.000010	0.000010	0.000010	0.000010	0.931390	0.068490	0.000010	0.000010	0.000010	0.000010	0.000010	0.000010	0.000010	LD_0.9_14_1553
ECA3899	0.000010	0.000010	0.000010	0.000020	0.000010	0.882003	0.117863	0.000010	0.000010	0.000010	0.000010	0.000014	0.000010	0.000010	LD_0.9_14_1553
ECA569	0.000010	0.000010	0.000010	0.999870	0.000010	0.000010	0.000010	0.000010	0.000010	0.000010	0.000010	0.000010	0.000010	0.000010	LD_0.9_14_1553
ED3032	0.000010	0.000010	0.000010	0.000010	0.000010	0.000010	0.999870	0.000010	0.000010	0.000010	0.000010	0.000010	0.000010	0.000010	LD_0.9_14_1553
ED3037	0.000010	0.000010	0.000010	0.000010	0.000010	0.046871	0.953009	0.000010	0.000010	0.000010	0.000010	0.000010	0.000010	0.000010	LD_0.9_14_1553
ED3088	0.000010	0.000010	0.000010	0.000010	0.000010	0.999870	0.000010	0.000010	0.000010	0.000010	0.000010	0.000010	0.000010	0.000010	LD_0.9_14_1553
ED3102	0.000010	0.999866	0.000010	0.000010	0.000010	0.000014	0.000010	0.000010	0.000010	0.000010	0.000010	0.000010	0.000010	0.000010	LD_0.9_14_1553
EG4360	0.000010	0.000010	0.000010	0.999870	0.000010	0.000010	0.000010	0.000010	0.000010	0.000010	0.000010	0.000010	0.000010	0.000010	LD_0.9_14_1553
EG5612	0.999870	0.000010	0.000010	0.000010	0.000010	0.000010	0.000010	0.000010	0.000010	0.000010	0.000010	0.000010	0.000010	0.000010	LD_0.9_14_1553
EG5613	0.026677	0.000010	0.000010	0.000010	0.000010	0.934008	0.000010	0.000010	0.000010	0.000010	0.039204	0.000010	0.000010	0.000010	LD_0.9_14_1553
EG6179	0.041704	0.000010	0.000010	0.000010	0.006016	0.813925	0.138256	0.000010	0.000010	0.000010	0.000010	0.000010	0.000010	0.000010	LD_0.9_14_1553
EG6260	0.000010	0.000010	0.000010	0.000010	0.000010	0.433086	0.000010	0.000010	0.000010	0.000010	0.000010	0.000010	0.000010	0.566794	LD_0.9_14_1553
EG6261	0.000010	0.000010	0.000010	0.000010	0.000010	0.888305	0.000010	0.000010	0.000010	0.000010	0.000010	0.000010	0.000010	0.111575	LD_0.9_14_1553
EG6265	0.000010	0.000010	0.000010	0.000010	0.000010	0.000010	0.000010	0.000010	0.000010	0.999870	0.000010	0.000010	0.000010	0.000010	LD_0.9_14_1553
EG6267	0.000010	0.000010	0.000010	0.000010	0.000010	0.942039	0.000010	0.000010	0.000010	0.000010	0.000010	0.000010	0.000010	0.057841	LD_0.9_14_1553
EG6268	0.000010	0.000010	0.003174	0.000010	0.000010	0.000010	0.000010	0.000010	0.000010	0.996706	0.000010	0.000010	0.000010	0.000010	LD_0.9_14_1553
EG6271	0.000010	0.000010	0.000010	0.000010	0.000010	0.385768	0.000010	0.000010	0.000010	0.000010	0.000010	0.000010	0.000010	0.614112	LD_0.9_14_1553
EG6272	0.000010	0.000010	0.000010	0.000010	0.009839	0.779451	0.000010	0.000010	0.000010	0.000010	0.000010	0.000010	0.000010	0.210600	LD_0.9_14_1553
EG6274	0.000010	0.000010	0.000010	0.000010	0.000010	0.999870	0.000010	0.000010	0.000010	0.000010	0.000010	0.000010	0.000010	0.000010	LD_0.9_14_1553
EG6275	0.000010	0.000010	0.000010	0.000010	0.000010	0.999870	0.000010	0.000010	0.000010	0.000010	0.000010	0.000010	0.000010	0.000010	LD_0.9_14_1553
EG6276	0.000010	0.000010	0.000010	0.000010	0.000010	0.999870	0.000010	0.000010	0.000010	0.000010	0.000010	0.000010	0.000010	0.000010	LD_0.9_14_1553
EG6329	0.000010	0.000010	0.000010	0.000010	0.000010	0.295725	0.000010	0.000010	0.000010	0.000010	0.000013	0.000010	0.000010	0.704152	LD_0.9_14_1553
GUN124	0.000010	0.000010	0.000010	0.999870	0.000010	0.000010	0.000010	0.000010	0.000010	0.000010	0.000010	0.000010	0.000010	0.000010	LD_0.9_14_1553
GXW22	0.000010	0.000010	0.000010	0.000010	0.000010	0.000010	0.999870	0.000010	0.000010	0.000010	0.000010	0.000010	0.000010	0.000010	LD_0.9_14_1553
GXW23	0.811235	0.000010	0.000010	0.000010	0.000010	0.000010	0.188645	0.000010	0.000010	0.000010	0.000010	0.000010	0.000010	0.000010	LD_0.9_14_1553
HK104	0.000010	0.000010	0.000010	0.999865	0.000010	0.000015	0.000010	0.000010	0.000010	0.000010	0.000010	0.000010	0.000010	0.000010	LD_0.9_14_1553
HPT11	0.000010	0.273911	0.000010	0.020278	0.000010	0.080907	0.000010	0.000010	0.581940	0.042874	0.000010	0.000010	0.000010	0.000010	LD_0.9_14_1553
HPT16	0.322399	0.000010	0.000010	0.000010	0.000010	0.158267	0.427703	0.000010	0.000010	0.000010	0.000010	0.000010	0.000010	0.091531	LD_0.9_14_1553
HPT18	0.000010	0.274665	0.000010	0.020528	0.000010	0.082125	0.000010	0.000010	0.576601	0.045992	0.000010	0.000010	0.000010	0.000010	LD_0.9_14_1553
HPT19	0.323326	0.000010	0.000010	0.000019	0.000010	0.066091	0.538661	0.000010	0.000010	0.000010	0.000010	0.000010	0.000010	0.071814	LD_0.9_14_1553
HPT2	0.388572	0.000010	0.000010	0.000010	0.000010	0.135143	0.393499	0.000010	0.000010	0.000010	0.000017	0.000010	0.000010	0.082680	LD_0.9_14_1553
HPT21	0.000010	0.000010	0.000010	0.000010	0.000010	0.000010	0.999870	0.000010	0.000010	0.000010	0.000010	0.000010	0.000010	0.000010	LD_0.9_14_1553
HPT24	0.000010	0.273137	0.000010	0.019589	0.000010	0.082567	0.000010	0.000010	0.580472	0.044145	0.000010	0.000010	0.000010	0.000010	LD_0.9_14_1553
HPT34	0.349785	0.000010	0.000010	0.000010	0.000010	0.115303	0.445042	0.000010	0.000010	0.000010	0.000010	0.000010	0.000010	0.089770	LD_0.9_14_1553
HPT37	0.302784	0.000010	0.000010	0.000010	0.008148	0.175118	0.456009	0.025239	0.000010	0.000010	0.000010	0.000010	0.000010	0.032621	LD_0.9_14_1553
HPT4	0.353567	0.000010	0.000010	0.000010	0.000010	0.140869	0.408756	0.000010	0.000010	0.000010	0.000012	0.000010	0.000010	0.096705	LD_0.9_14_1553
HPT42	0.299712	0.000010	0.000010	0.000010	0.000010	0.122661	0.506810	0.000010	0.000010	0.000010	0.000010	0.000010	0.000010	0.070717	LD_0.9_14_1553
HPT52	0.000011	0.000010	0.000010	0.000010	0.000010	0.000010	0.560548	0.000010	0.000010	0.000010	0.439331	0.000010	0.000010	0.000010	LD_0.9_14_1553
HPT53	0.000010	0.000010	0.000010	0.000010	0.000010	0.000010	0.999870	0.000010	0.000010	0.000010	0.000010	0.000010	0.000010	0.000010	LD_0.9_14_1553
HPT54	0.000010	0.000010	0.000010	0.000010	0.000010	0.000010	0.999870	0.000010	0.000010	0.000010	0.000010	0.000010	0.000010	0.000010	LD_0.9_14_1553
HPT55	0.000010	0.000010	0.000010	0.000010	0.000010	0.000010	0.999870	0.000010	0.000010	0.000010	0.000010	0.000010	0.000010	0.000010	LD_0.9_14_1553
HPT59	0.000010	0.000010	0.000010	0.000010	0.000010	0.000010	0.999870	0.000010	0.000010	0.000010	0.000010	0.000010	0.000010	0.000010	LD_0.9_14_1553
HPT60	0.000010	0.000010	0.000010	0.000010	0.000010	0.000010	0.999870	0.000010	0.000010	0.000010	0.000010	0.000010	0.000010	0.000010	LD_0.9_14_1553
HPT62	0.000010	0.000010	0.000010	0.000010	0.000010	0.000010	0.000010	0.000010	0.000010	0.000010	0.999870	0.000010	0.000010	0.000010	LD_0.9_14_1553
HPT63	0.000010	0.000010	0.000010	0.000010	0.000010	0.000010	0.999870	0.000010	0.000010	0.000010	0.000010	0.000010	0.000010	0.000010	LD_0.9_14_1553
HPT7	0.350174	0.000010	0.000010	0.000010	0.000010	0.149396	0.374529	0.000010	0.000010	0.000010	0.000010	0.000010	0.000010	0.125801	LD_0.9_14_1553
HPT8	0.350303	0.000010	0.000010	0.000010	0.000010	0.115216	0.445536	0.000010	0.000010	0.000010	0.000010	0.000010	0.000010	0.088845	LD_0.9_14_1553
HPT9	0.880659	0.000010	0.000010	0.000015	0.000010	0.000010	0.119215	0.000010	0.000010	0.000010	0.000010	0.000010	0.000010	0.000010	LD_0.9_14_1553
JU1257	0.000010	0.000010	0.000010	0.999870	0.000010	0.000010	0.000010	0.000010	0.000010	0.000010	0.000010	0.000010	0.000010	0.000010	LD_0.9_14_1553
JU1337	0.151495	0.000015	0.000010	0.000010	0.000010	0.460030	0.340710	0.000010	0.000010	0.000012	0.039000	0.000019	0.000010	0.008659	LD_0.9_14_1553
JU1338	0.999870	0.000010	0.000010	0.000010	0.000010	0.000010	0.000010	0.000010	0.000010	0.000010	0.000010	0.000010	0.000010	0.000010	LD_0.9_14_1553
JU1341	0.000010	0.000010	0.000010	0.000010	0.000010	0.000010	0.000010	0.000010	0.000010	0.000010	0.000010	0.999870	0.000010	0.000010	LD_0.9_14_1553
JU1344	0.363359	0.000010	0.000011	0.000010	0.000010	0.000010	0.636520	0.000010	0.000010	0.000010	0.000010	0.000010	0.000010	0.000010	LD_0.9_14_1553
JU1346	0.999864	0.000010	0.000010	0.000010	0.000010	0.000010	0.000010	0.000010	0.000010	0.000010	0.000010	0.000010	0.000016	0.000010	LD_0.9_14_1553
JU1347	0.000010	0.000010	0.000010	0.000010	0.000010	0.999870	0.000010	0.000010	0.000010	0.000010	0.000010	0.000010	0.000010	0.000010	LD_0.9_14_1553
JU1348	0.000010	0.000010	0.000010	0.000010	0.000010	0.000010	0.000010	0.000010	0.000010	0.000010	0.000010	0.999870	0.000010	0.000010	LD_0.9_14_1553
JU1375	0.000010	0.000010	0.000010	0.000010	0.000010	0.999870	0.000010	0.000010	0.000010	0.000010	0.000010	0.000010	0.000010	0.000010	LD_0.9_14_1553
JU1377	0.000010	0.000010	0.000010	0.000010	0.000010	0.999870	0.000010	0.000010	0.000010	0.000010	0.000010	0.000010	0.000010	0.000010	LD_0.9_14_1553
JU1378	0.000010	0.000010	0.000010	0.000010	0.000010	0.999870	0.000010	0.000010	0.000010	0.000010	0.000010	0.000010	0.000010	0.000010	LD_0.9_14_1553
JU1392	0.000010	0.000010	0.000010	0.000010	0.000010	0.999870	0.000010	0.000010	0.000010	0.000010	0.000010	0.000010	0.000010	0.000010	LD_0.9_14_1553
JU1399	0.000010	0.000010	0.000010	0.000010	0.104259	0.363077	0.019907	0.000010	0.000010	0.000010	0.000010	0.000010	0.000010	0.512657	LD_0.9_14_1553
JU1424	0.999869	0.000010	0.000010	0.000010	0.000010	0.000010	0.000010	0.000010	0.000010	0.000010	0.000010	0.000010	0.000011	0.000010	LD_0.9_14_1553
JU1435	0.000010	0.000010	0.000010	0.000010	0.000010	0.999868	0.000010	0.000012	0.000010	0.000010	0.000010	0.000010	0.000010	0.000010	LD_0.9_14_1553
JU1564	0.000012	0.000010	0.000010	0.999867	0.000010	0.000010	0.000010	0.000010	0.000011	0.000010	0.000010	0.000010	0.000010	0.000010	LD_0.9_14_1553
JU1637	0.000010	0.000010	0.000010	0.000010	0.000010	0.919587	0.000010	0.000010	0.000010	0.000010	0.000010	0.000010	0.000010	0.080293	LD_0.9_14_1553
JU1638	0.000010	0.000010	0.000010	0.000010	0.000010	0.899912	0.000010	0.000010	0.000010	0.000010	0.000010	0.000010	0.000010	0.099968	LD_0.9_14_1553
JU1794	0.059113	0.000010	0.000010	0.000010	0.000010	0.827865	0.099319	0.000010	0.000010	0.000010	0.013603	0.000010	0.000010	0.000010	LD_0.9_14_1553
JU1795	0.000010	0.000010	0.000010	0.000010	0.000010	0.993459	0.006421	0.000010	0.000010	0.000010	0.000010	0.000010	0.000010	0.000010	LD_0.9_14_1553
JU1799	0.000010	0.000010	0.000010	0.000010	0.000010	0.999870	0.000010	0.000010	0.000010	0.000010	0.000010	0.000010	0.000010	0.000010	LD_0.9_14_1553
JU1802	0.000010	0.000010	0.000010	0.000010	0.000010	0.999870	0.000010	0.000010	0.000010	0.000010	0.000010	0.000010	0.000010	0.000010	LD_0.9_14_1553
JU1814	0.000010	0.000010	0.000010	0.000010	0.000010	0.454618	0.000010	0.000010	0.000010	0.000010	0.000010	0.000010	0.000010	0.545262	LD_0.9_14_1553
JU1884	0.000010	0.000010	0.000010	0.000010	0.000010	0.370881	0.628999	0.000010	0.000010	0.000010	0.000010	0.000010	0.000010	0.000010	LD_0.9_14_1553
JU1885	0.000010	0.000010	0.000010	0.000010	0.000010	0.941977	0.000010	0.000010	0.000010	0.000014	0.057899	0.000010	0.000010	0.000010	LD_0.9_14_1553
JU1907	0.000010	0.000010	0.000010	0.000010	0.000010	0.119865	0.865374	0.000010	0.000010	0.000010	0.000010	0.000010	0.000010	0.014651	LD_0.9_14_1553
JU1908	0.000010	0.000010	0.000010	0.000010	0.000010	0.000010	0.967594	0.000010	0.000010	0.000010	0.000010	0.000010	0.000010	0.032286	LD_0.9_14_1553
JU1909	0.000010	0.000010	0.000010	0.000010	0.000010	0.000010	0.999870	0.000010	0.000010	0.000010	0.000010	0.000010	0.000010	0.000010	LD_0.9_14_1553
JU1913	0.000010	0.000010	0.000010	0.000010	0.009073	0.241378	0.337163	0.000010	0.000010	0.000010	0.412286	0.000010	0.000010	0.000010	LD_0.9_14_1553
JU2053	0.000010	0.000010	0.000010	0.000010	0.000010	0.999870	0.000010	0.000010	0.000010	0.000010	0.000010	0.000010	0.000010	0.000010	LD_0.9_14_1553
JU2054	0.000010	0.000010	0.000010	0.000010	0.000010	0.950696	0.049184	0.000010	0.000010	0.000010	0.000010	0.000010	0.000010	0.000010	LD_0.9_14_1553
JU2056	0.000010	0.000010	0.000010	0.000010	0.000010	0.999870	0.000010	0.000010	0.000010	0.000010	0.000010	0.000010	0.000010	0.000010	LD_0.9_14_1553
JU2057	0.000010	0.000010	0.000010	0.000010	0.000011	0.000010	0.000010	0.000010	0.000010	0.000010	0.999869	0.000010	0.000010	0.000010	LD_0.9_14_1553
JU2160	0.000010	0.000010	0.000010	0.000010	0.000010	0.000010	0.000010	0.000010	0.000010	0.000010	0.999870	0.000010	0.000010	0.000010	LD_0.9_14_1553
JU2162	0.000010	0.000010	0.000010	0.000010	0.000010	0.000010	0.000010	0.000010	0.000010	0.000010	0.999870	0.000010	0.000010	0.000010	LD_0.9_14_1553
JU2214	0.000010	0.000010	0.000010	0.000013	0.346701	0.050074	0.540528	0.000010	0.000010	0.000010	0.000010	0.000010	0.000010	0.062594	LD_0.9_14_1553
JU2216	0.000010	0.000010	0.000010	0.000011	0.000010	0.000010	0.000010	0.000010	0.000010	0.999868	0.000011	0.000010	0.000010	0.000010	LD_0.9_14_1553
JU2457	0.000010	0.000010	0.000010	0.481889	0.000010	0.000010	0.299099	0.000010	0.000010	0.000010	0.000010	0.000010	0.000010	0.218902	LD_0.9_14_1553
JU2470	0.000010	0.000010	0.000010	0.000010	0.000010	0.000010	0.000010	0.000010	0.000010	0.000010	0.999870	0.000010	0.000010	0.000010	LD_0.9_14_1553
JU2472	0.000010	0.000010	0.000010	0.000010	0.000010	0.908818	0.000010	0.000010	0.000010	0.000010	0.000010	0.000010	0.000010	0.091062	LD_0.9_14_1553
JU2506	0.000010	0.000010	0.000010	0.000010	0.000010	0.126571	0.873309	0.000010	0.000010	0.000010	0.000010	0.000010	0.000010	0.000010	LD_0.9_14_1553
JU2507	0.000010	0.000010	0.000020	0.000010	0.010813	0.000010	0.000010	0.000010	0.000010	0.000010	0.989057	0.000010	0.000010	0.000010	LD_0.9_14_1553
JU2518	0.000010	0.000010	0.000010	0.000010	0.000010	0.000010	0.000010	0.000010	0.000010	0.000010	0.000010	0.000010	0.000010	0.999870	LD_0.9_14_1553
JU2536	0.000010	0.000010	0.000011	0.999869	0.000010	0.000010	0.000010	0.000010	0.000010	0.000010	0.000010	0.000010	0.000010	0.000010	LD_0.9_14_1553
JU2597	0.000010	0.000010	0.000010	0.000010	0.183718	0.150190	0.000010	0.358232	0.000010	0.000010	0.000018	0.000010	0.000010	0.307752	LD_0.9_14_1553
JU2747	0.063908	0.000010	0.000010	0.000010	0.023086	0.855252	0.000010	0.000010	0.000010	0.000010	0.057364	0.000010	0.000010	0.000300	LD_0.9_14_1553
JU2767	0.000010	0.999864	0.000010	0.000010	0.000010	0.000016	0.000010	0.000010	0.000010	0.000010	0.000010	0.000010	0.000010	0.000010	LD_0.9_14_1553
JU2799	0.000010	0.000010	0.000010	0.000010	0.000010	0.672927	0.326953	0.000010	0.000010	0.000010	0.000010	0.000010	0.000010	0.000010	LD_0.9_14_1553
JU2801	0.000010	0.000010	0.000010	0.000010	0.000010	0.000010	0.000010	0.000010	0.000010	0.000010	0.000010	0.999870	0.000010	0.000010	LD_0.9_14_1553
JU2836	0.000010	0.000010	0.000010	0.000010	0.329375	0.266478	0.364146	0.000010	0.000010	0.000010	0.000010	0.000010	0.000010	0.039901	LD_0.9_14_1553
JU2849	0.999870	0.000010	0.000010	0.000010	0.000010	0.000010	0.000010	0.000010	0.000010	0.000010	0.000010	0.000010	0.000010	0.000010	LD_0.9_14_1553
JU2861	0.000010	0.000010	0.000010	0.000010	0.000010	0.649951	0.349929	0.000010	0.000010	0.000010	0.000010	0.000010	0.000010	0.000010	LD_0.9_14_1553
JU2868	0.000010	0.000010	0.000010	0.000010	0.000010	0.190104	0.809776	0.000010	0.000010	0.000010	0.000010	0.000010	0.000010	0.000010	LD_0.9_14_1553
JU2872	0.000010	0.000010	0.000010	0.999864	0.000016	0.000010	0.000010	0.000010	0.000010	0.000010	0.000010	0.000010	0.000010	0.000010	LD_0.9_14_1553
JU3171	0.000010	0.000010	0.000010	0.000010	0.000010	0.926185	0.073695	0.000010	0.000010	0.000010	0.000010	0.000010	0.000010	0.000010	LD_0.9_14_1553
JU3200	0.000010	0.000010	0.000010	0.000010	0.000010	0.000010	0.000010	0.000010	0.000010	0.000010	0.000010	0.999870	0.000010	0.000010	LD_0.9_14_1553
JU3201	0.000010	0.000010	0.000010	0.000010	0.000010	0.000010	0.000010	0.000010	0.000010	0.000010	0.000010	0.999870	0.000010	0.000010	LD_0.9_14_1553
JU3202	0.000010	0.000010	0.000010	0.000010	0.000010	0.000010	0.000010	0.000010	0.000010	0.000010	0.000010	0.999870	0.000010	0.000010	LD_0.9_14_1553
JU3203	0.000010	0.000010	0.000010	0.000010	0.000010	0.000010	0.000010	0.000010	0.000010	0.000010	0.000010	0.999870	0.000010	0.000010	LD_0.9_14_1553
JU3206	0.000010	0.000010	0.000010	0.000010	0.000010	0.000010	0.000010	0.000010	0.000010	0.000010	0.000010	0.999870	0.000010	0.000010	LD_0.9_14_1553
JU3207	0.000010	0.000010	0.000010	0.000010	0.000010	0.933321	0.066559	0.000010	0.000010	0.000010	0.000010	0.000010	0.000010	0.000010	LD_0.9_14_1553
JU3237	0.000010	0.000010	0.000010	0.000010	0.000010	0.000010	0.000010	0.000010	0.000010	0.000010	0.999870	0.000010	0.000010	0.000010	LD_0.9_14_1553
JU3272	0.000010	0.000010	0.000010	0.999870	0.000010	0.000010	0.000010	0.000010	0.000010	0.000010	0.000010	0.000010	0.000010	0.000010	LD_0.9_14_1553
JU3281	0.000010	0.000010	0.000010	0.000010	0.000010	0.000010	0.999870	0.000010	0.000010	0.000010	0.000010	0.000010	0.000010	0.000010	LD_0.9_14_1553
JU3319	0.831493	0.000010	0.000011	0.000018	0.000010	0.000010	0.168378	0.000010	0.000010	0.000010	0.000010	0.000010	0.000010	0.000010	LD_0.9_14_1553
JU3321	0.000010	0.000010	0.000010	0.000010	0.000010	0.000010	0.999870	0.000010	0.000010	0.000010	0.000010	0.000010	0.000010	0.000010	LD_0.9_14_1553
JU3326	0.000010	0.236484	0.000010	0.574829	0.000010	0.090127	0.000010	0.000010	0.060276	0.038194	0.000010	0.000010	0.000010	0.000010	LD_0.9_14_1553
JU3327	0.047071	0.000010	0.000010	0.000010	0.000010	0.000010	0.952809	0.000010	0.000010	0.000010	0.000010	0.000010	0.000010	0.000010	LD_0.9_14_1553
JU3416	0.000010	0.000010	0.000010	0.899960	0.000010	0.066752	0.000010	0.000010	0.000010	0.033178	0.000010	0.000010	0.000010	0.000010	LD_0.9_14_1553
JU4042	0.000010	0.000010	0.000010	0.000010	0.000010	0.000010	0.999870	0.000010	0.000010	0.000010	0.000010	0.000010	0.000010	0.000010	LD_0.9_14_1553
JU4051	0.999868	0.000010	0.000010	0.000010	0.000010	0.000010	0.000010	0.000010	0.000012	0.000010	0.000010	0.000010	0.000010	0.000010	LD_0.9_14_1553
JU4058	0.999865	0.000015	0.000010	0.000010	0.000010	0.000010	0.000010	0.000010	0.000010	0.000010	0.000010	0.000010	0.000010	0.000010	LD_0.9_14_1553
JU4060	0.999870	0.000010	0.000010	0.000010	0.000010	0.000010	0.000010	0.000010	0.000010	0.000010	0.000010	0.000010	0.000010	0.000010	LD_0.9_14_1553
JU4062	0.999870	0.000010	0.000010	0.000010	0.000010	0.000010	0.000010	0.000010	0.000010	0.000010	0.000010	0.000010	0.000010	0.000010	LD_0.9_14_1553
JU4064	0.999865	0.000010	0.000010	0.000010	0.000010	0.000010	0.000015	0.000010	0.000010	0.000010	0.000010	0.000010	0.000010	0.000010	LD_0.9_14_1553
JU4080	0.000010	0.000010	0.000010	0.000010	0.000010	0.122542	0.877338	0.000010	0.000010	0.000010	0.000010	0.000010	0.000010	0.000010	LD_0.9_14_1553
JU4084	0.999860	0.000016	0.000010	0.000010	0.000010	0.000010	0.000014	0.000010	0.000010	0.000010	0.000010	0.000010	0.000010	0.000010	LD_0.9_14_1553
JU4097	0.999870	0.000010	0.000010	0.000010	0.000010	0.000010	0.000010	0.000010	0.000010	0.000010	0.000010	0.000010	0.000010	0.000010	LD_0.9_14_1553
JU725	0.759257	0.000010	0.000010	0.000010	0.000010	0.000010	0.240623	0.000010	0.000010	0.000010	0.000010	0.000010	0.000010	0.000010	LD_0.9_14_1553
MY2716	0.000010	0.000010	0.000010	0.000010	0.000010	0.025193	0.974681	0.000011	0.000010	0.000010	0.000014	0.000010	0.000010	0.000010	LD_0.9_14_1553
MY539	0.000010	0.000010	0.000010	0.000010	0.000010	0.769500	0.230380	0.000010	0.000010	0.000010	0.000010	0.000010	0.000010	0.000010	LD_0.9_14_1553
NIC1050	0.000010	0.000011	0.000020	0.000011	0.072033	0.131439	0.000010	0.331266	0.000010	0.000010	0.000010	0.000010	0.000010	0.465151	LD_0.9_14_1553
NIC1052	0.000010	0.000010	0.000010	0.000010	0.023923	0.128382	0.000010	0.421500	0.000010	0.000010	0.000010	0.000010	0.000010	0.426094	LD_0.9_14_1553
NIC1054	0.000010	0.000010	0.000010	0.000010	0.117354	0.000010	0.000010	0.087173	0.000010	0.000010	0.000010	0.000010	0.000010	0.795363	LD_0.9_14_1553
NIC1055	0.000017	0.000010	0.000010	0.000013	0.105482	0.002898	0.000010	0.218698	0.000012	0.000010	0.000010	0.000014	0.000010	0.672807	LD_0.9_14_1553
NIC1057	0.000010	0.000016	0.000017	0.000010	0.142277	0.000010	0.000010	0.198883	0.000011	0.000010	0.000010	0.000010	0.000010	0.658716	LD_0.9_14_1553
NIC1058	0.000010	0.000010	0.000010	0.000010	0.366720	0.000010	0.000010	0.000010	0.000010	0.000010	0.000010	0.000010	0.000010	0.633160	LD_0.9_14_1553
NIC1059	0.000010	0.000010	0.000010	0.000010	0.167054	0.000010	0.000010	0.101492	0.000010	0.000010	0.000010	0.000010	0.000010	0.731344	LD_0.9_14_1553
NIC1060	0.000010	0.000010	0.000010	0.000010	0.208133	0.000010	0.000010	0.000010	0.000010	0.000010	0.000010	0.000010	0.000010	0.791747	LD_0.9_14_1553
NIC1062	0.000010	0.000010	0.000010	0.000010	0.000010	0.491482	0.045600	0.208151	0.000010	0.000010	0.000010	0.000010	0.000010	0.254668	LD_0.9_14_1553
NIC1069	0.000010	0.000010	0.000010	0.000010	0.000010	0.758218	0.000010	0.000010	0.000010	0.000010	0.000010	0.000010	0.000010	0.241662	LD_0.9_14_1553
NIC1103	0.000010	0.000018	0.000010	0.000010	0.041114	0.002490	0.081195	0.392109	0.000010	0.000010	0.000010	0.000010	0.000010	0.482993	LD_0.9_14_1553
NIC1104	0.000010	0.000010	0.000010	0.000010	0.040192	0.805277	0.000010	0.020930	0.000011	0.000010	0.000010	0.000012	0.000010	0.133498	LD_0.9_14_1553
NIC1106	0.000010	0.000010	0.000010	0.000010	0.346574	0.414044	0.066045	0.013126	0.000010	0.000010	0.000010	0.000010	0.000010	0.160121	LD_0.9_14_1553
NIC1117	0.004161	0.000010	0.000010	0.000010	0.000010	0.070228	0.925501	0.000010	0.000010	0.000010	0.000010	0.000010	0.000010	0.000010	LD_0.9_14_1553
NIC1123	0.999870	0.000010	0.000010	0.000010	0.000010	0.000010	0.000010	0.000010	0.000010	0.000010	0.000010	0.000010	0.000010	0.000010	LD_0.9_14_1553
NIC1124	0.000010	0.000010	0.000010	0.000010	0.000016	0.000010	0.000010	0.000010	0.000010	0.000010	0.000010	0.000010	0.000010	0.999864	LD_0.9_14_1553
NIC1135	0.000010	0.000010	0.000010	0.000010	0.033813	0.000010	0.000010	0.000010	0.000010	0.000010	0.000010	0.000010	0.000010	0.966067	LD_0.9_14_1553
NIC1138	0.000010	0.000010	0.000010	0.000010	0.000010	0.000010	0.000010	0.000017	0.000010	0.000010	0.000010	0.000010	0.000010	0.999863	LD_0.9_14_1553
NIC1141	0.000010	0.000010	0.000010	0.000010	0.000017	0.000010	0.000010	0.000010	0.000010	0.000010	0.000010	0.000010	0.000010	0.999863	LD_0.9_14_1553
NIC115	0.000010	0.000010	0.000010	0.000010	0.000010	0.449652	0.000010	0.000010	0.000010	0.000010	0.000010	0.000010	0.000010	0.550228	LD_0.9_14_1553
NIC117	0.000010	0.000010	0.000010	0.000010	0.000010	0.475219	0.000010	0.000010	0.000010	0.000010	0.000010	0.000010	0.000010	0.524661	LD_0.9_14_1553
NIC1183	0.000010	0.000010	0.000010	0.000010	0.000010	0.000010	0.000010	0.000010	0.000010	0.000010	0.000010	0.000010	0.000010	0.999870	LD_0.9_14_1553
NIC119	0.000010	0.000010	0.000010	0.000010	0.000010	0.406880	0.000010	0.000010	0.000010	0.000010	0.000010	0.000010	0.000010	0.593000	LD_0.9_14_1553
NIC1190	0.000010	0.000010	0.000010	0.000010	0.000010	0.000010	0.000016	0.000010	0.000010	0.000010	0.000010	0.000010	0.000010	0.999864	LD_0.9_14_1553
NIC1202	0.041726	0.000010	0.000010	0.000010	0.000010	0.263449	0.676769	0.000010	0.000010	0.000010	0.000010	0.000010	0.000010	0.017957	LD_0.9_14_1553
NIC1204	0.067811	0.000010	0.000010	0.000010	0.000010	0.222022	0.691094	0.000010	0.000010	0.000010	0.000010	0.000010	0.000010	0.018973	LD_0.9_14_1553
NIC1205	0.000010	0.000010	0.000010	0.000010	0.000010	0.000010	0.000010	0.000010	0.000010	0.999870	0.000010	0.000010	0.000010	0.000010	LD_0.9_14_1553
NIC1218	0.000010	0.000010	0.000010	0.000010	0.000010	0.131721	0.868159	0.000010	0.000010	0.000010	0.000010	0.000010	0.000010	0.000010	LD_0.9_14_1553
NIC1220	0.000010	0.000010	0.000012	0.000010	0.000010	0.000010	0.000010	0.000010	0.000010	0.999868	0.000010	0.000010	0.000010	0.000010	LD_0.9_14_1553
NIC1221	0.059671	0.000010	0.000010	0.000010	0.000010	0.000010	0.924119	0.000010	0.000010	0.000010	0.000010	0.000010	0.000010	0.016100	LD_0.9_14_1553
NIC123	0.000010	0.000010	0.000010	0.000010	0.000010	0.445368	0.000010	0.000010	0.000010	0.000010	0.000010	0.000010	0.000010	0.554512	LD_0.9_14_1553
NIC1267	0.000010	0.000010	0.000010	0.000010	0.000010	0.344802	0.004468	0.000010	0.000010	0.000010	0.000010	0.000010	0.000010	0.650620	LD_0.9_14_1553
NIC1283	0.000010	0.000010	0.000010	0.000010	0.000010	0.019721	0.000010	0.000010	0.000010	0.000010	0.000010	0.000010	0.000010	0.980159	LD_0.9_14_1553
NIC1288	0.113848	0.000010	0.000010	0.000010	0.154702	0.000010	0.000010	0.060634	0.000012	0.000010	0.000010	0.000012	0.000010	0.670712	LD_0.9_14_1553
NIC1292	0.000010	0.000010	0.000010	0.000010	0.000010	0.000010	0.000010	0.000010	0.000010	0.000010	0.000010	0.000010	0.000010	0.999870	LD_0.9_14_1553
NIC1302	0.000010	0.000010	0.000010	0.000010	0.000010	0.000010	0.000010	0.000010	0.000010	0.000010	0.000010	0.000010	0.000010	0.999870	LD_0.9_14_1553
NIC1304	0.000010	0.000010	0.000010	0.000010	0.000010	0.000010	0.000010	0.000018	0.000010	0.000010	0.000010	0.000010	0.000010	0.999862	LD_0.9_14_1553
NIC1308	0.559510	0.000010	0.000010	0.000010	0.000010	0.223553	0.000010	0.000010	0.000010	0.000010	0.000010	0.000010	0.000010	0.216827	LD_0.9_14_1553
NIC1407	0.000010	0.000010	0.000010	0.000010	0.000010	0.000010	0.000010	0.064183	0.000010	0.000010	0.000010	0.000010	0.000010	0.935697	LD_0.9_14_1553
NIC1421	0.000010	0.000010	0.000010	0.000010	0.176693	0.145348	0.000010	0.000010	0.000010	0.000011	0.000010	0.000010	0.000010	0.677847	LD_0.9_14_1553
NIC1423	0.000018	0.000010	0.000012	0.000010	0.201293	0.000010	0.000010	0.048164	0.000010	0.000011	0.000010	0.000010	0.000010	0.750422	LD_0.9_14_1553
NIC1442	0.000010	0.000010	0.000010	0.000010	0.000010	0.000010	0.000010	0.000010	0.000010	0.000010	0.000010	0.000010	0.000010	0.999870	LD_0.9_14_1553
NIC1491	0.000010	0.000010	0.000010	0.000010	0.000010	0.000010	0.000010	0.000010	0.000010	0.000010	0.000010	0.000010	0.000010	0.999870	LD_0.9_14_1553
NIC1525	0.000010	0.000010	0.000010	0.000010	0.000010	0.964813	0.000010	0.000010	0.000010	0.000010	0.000010	0.000010	0.000010	0.035067	LD_0.9_14_1553
NIC1528	0.000010	0.000010	0.000010	0.000010	0.000010	0.974095	0.000010	0.000010	0.000014	0.000010	0.000010	0.000010	0.000010	0.025781	LD_0.9_14_1553
NIC1529	0.000010	0.000015	0.000010	0.000010	0.000010	0.983384	0.000010	0.000010	0.000015	0.000010	0.000010	0.000010	0.000010	0.016486	LD_0.9_14_1553
NIC1533	0.000010	0.000010	0.000010	0.000010	0.000010	0.999870	0.000010	0.000010	0.000010	0.000010	0.000010	0.000010	0.000010	0.000010	LD_0.9_14_1553
NIC1535	0.000010	0.000010	0.000010	0.000010	0.000010	0.966120	0.000010	0.000010	0.000010	0.000010	0.000010	0.000010	0.000010	0.033760	LD_0.9_14_1553
NIC1539	0.000010	0.000018	0.999856	0.000010	0.000010	0.000010	0.000010	0.000010	0.000011	0.000010	0.000010	0.000014	0.000010	0.000010	LD_0.9_14_1553
NIC1540	0.000010	0.000010	0.000010	0.000010	0.000010	0.000010	0.000010	0.000010	0.999870	0.000010	0.000010	0.000010	0.000010	0.000010	LD_0.9_14_1553
NIC1562	0.000010	0.000013	0.906776	0.000010	0.000010	0.000010	0.000010	0.000010	0.000010	0.093101	0.000010	0.000010	0.000010	0.000010	LD_0.9_14_1553
NIC1589	0.000010	0.000010	0.000010	0.000010	0.000010	0.000010	0.000010	0.000010	0.999870	0.000010	0.000010	0.000010	0.000010	0.000010	LD_0.9_14_1553
NIC1590	0.000010	0.000010	0.000010	0.000010	0.000010	0.000010	0.000010	0.000010	0.000010	0.999870	0.000010	0.000010	0.000010	0.000010	LD_0.9_14_1553
NIC1591	0.000010	0.000011	0.000010	0.000010	0.000010	0.000010	0.000010	0.000010	0.999869	0.000010	0.000010	0.000010	0.000010	0.000010	LD_0.9_14_1553
NIC1593	0.000010	0.000016	0.000010	0.000010	0.000010	0.000010	0.000010	0.000010	0.999864	0.000010	0.000010	0.000010	0.000010	0.000010	LD_0.9_14_1553
NIC1595	0.000010	0.000010	0.000010	0.000010	0.000010	0.000010	0.000010	0.000010	0.000010	0.999870	0.000010	0.000010	0.000010	0.000010	LD_0.9_14_1553
NIC1598	0.000010	0.000010	0.999870	0.000010	0.000010	0.000010	0.000010	0.000010	0.000010	0.000010	0.000010	0.000010	0.000010	0.000010	LD_0.9_14_1553
NIC1602	0.000010	0.000010	0.999870	0.000010	0.000010	0.000010	0.000010	0.000010	0.000010	0.000010	0.000010	0.000010	0.000010	0.000010	LD_0.9_14_1553
NIC1607	0.000010	0.999865	0.000010	0.000010	0.000010	0.000010	0.000010	0.000015	0.000010	0.000010	0.000010	0.000010	0.000010	0.000010	LD_0.9_14_1553
NIC1628	0.000010	0.000010	0.000010	0.000010	0.000010	0.000010	0.999870	0.000010	0.000010	0.000010	0.000010	0.000010	0.000010	0.000010	LD_0.9_14_1553
NIC1630	0.000010	0.000010	0.999866	0.000014	0.000010	0.000010	0.000010	0.000010	0.000010	0.000010	0.000010	0.000010	0.000010	0.000010	LD_0.9_14_1553
NIC1631	0.000010	0.000010	0.000010	0.000010	0.000010	0.000010	0.000010	0.000010	0.000010	0.999870	0.000010	0.000010	0.000010	0.000010	LD_0.9_14_1553
NIC1632	0.000010	0.000010	0.000010	0.999870	0.000010	0.000010	0.000010	0.000010	0.000010	0.000010	0.000010	0.000010	0.000010	0.000010	LD_0.9_14_1553
NIC1633	0.000010	0.000010	0.000010	0.999862	0.000010	0.000018	0.000010	0.000010	0.000010	0.000010	0.000010	0.000010	0.000010	0.000010	LD_0.9_14_1553
NIC1635	0.000011	0.000010	0.000010	0.999866	0.000010	0.000010	0.000010	0.000010	0.000013	0.000010	0.000010	0.000010	0.000010	0.000010	LD_0.9_14_1553
NIC1645	0.000010	0.000010	0.774482	0.000012	0.000010	0.000010	0.000010	0.000010	0.000010	0.225392	0.000013	0.000010	0.000010	0.000010	LD_0.9_14_1553
NIC1660	0.000010	0.000010	0.000010	0.000010	0.000010	0.000010	0.000010	0.000010	0.000010	0.999870	0.000010	0.000010	0.000010	0.000010	LD_0.9_14_1553
NIC1661	0.000015	0.000010	0.000010	0.000010	0.000010	0.000010	0.000010	0.000010	0.000010	0.999863	0.000012	0.000010	0.000010	0.000010	LD_0.9_14_1553
NIC1662	0.000010	0.000010	0.000010	0.000010	0.000010	0.000010	0.000010	0.000010	0.000010	0.999870	0.000010	0.000010	0.000010	0.000010	LD_0.9_14_1553
NIC1663	0.000010	0.000010	0.000010	0.000010	0.000010	0.000010	0.000019	0.000010	0.000010	0.999861	0.000010	0.000010	0.000010	0.000010	LD_0.9_14_1553
NIC1664	0.000013	0.000010	0.000010	0.000010	0.000010	0.000010	0.000010	0.000010	0.999865	0.000010	0.000012	0.000010	0.000010	0.000010	LD_0.9_14_1553
NIC1665	0.000010	0.000010	0.000010	0.000010	0.000010	0.000010	0.000010	0.000010	0.999870	0.000010	0.000010	0.000010	0.000010	0.000010	LD_0.9_14_1553
NIC1666	0.000012	0.000010	0.000010	0.000010	0.000010	0.000010	0.000010	0.000010	0.000010	0.999868	0.000010	0.000010	0.000010	0.000010	LD_0.9_14_1553
NIC1667	0.000010	0.000010	0.999866	0.000010	0.000010	0.000014	0.000010	0.000010	0.000010	0.000010	0.000010	0.000010	0.000010	0.000010	LD_0.9_14_1553
NIC1681	0.000010	0.000010	0.000010	0.000010	0.000010	0.000010	0.000010	0.000010	0.000010	0.999870	0.000010	0.000010	0.000010	0.000010	LD_0.9_14_1553
NIC1688	0.000010	0.000010	0.000010	0.000010	0.000010	0.000010	0.999870	0.000010	0.000010	0.000010	0.000010	0.000010	0.000010	0.000010	LD_0.9_14_1553
NIC1692	0.000010	0.000010	0.073569	0.000010	0.000010	0.000010	0.013517	0.000010	0.000010	0.912804	0.000010	0.000010	0.000010	0.000010	LD_0.9_14_1553
NIC1693	0.000010	0.000010	0.000010	0.000010	0.000010	0.000010	0.000010	0.000010	0.000010	0.999870	0.000010	0.000010	0.000010	0.000010	LD_0.9_14_1553
NIC17	0.000010	0.000010	0.000010	0.000010	0.000010	0.999870	0.000010	0.000010	0.000010	0.000010	0.000010	0.000010	0.000010	0.000010	LD_0.9_14_1553
NIC174	0.000010	0.000010	0.000010	0.999870	0.000010	0.000010	0.000010	0.000010	0.000010	0.000010	0.000010	0.000010	0.000010	0.000010	LD_0.9_14_1553
NIC187	0.000010	0.000010	0.000010	0.000010	0.000010	0.313751	0.000010	0.000010	0.000010	0.000010	0.000010	0.000010	0.000010	0.686129	LD_0.9_14_1553
NIC188	0.000010	0.000010	0.000010	0.000010	0.000010	0.367663	0.000010	0.000010	0.000015	0.000010	0.000010	0.000010	0.000010	0.632212	LD_0.9_14_1553
NIC19	0.000010	0.000010	0.000010	0.000010	0.000010	0.000010	0.000010	0.000010	0.999870	0.000010	0.000010	0.000010	0.000010	0.000010	LD_0.9_14_1553
NIC191	0.000010	0.000010	0.000010	0.000010	0.000010	0.504654	0.000010	0.000010	0.000010	0.000010	0.000010	0.000010	0.000010	0.495226	LD_0.9_14_1553
NIC20	0.000010	0.000010	0.000010	0.000010	0.000010	0.000010	0.000010	0.000010	0.999870	0.000010	0.000010	0.000010	0.000010	0.000010	LD_0.9_14_1553
NIC21	0.000019	0.000010	0.000015	0.000010	0.000010	0.000010	0.000010	0.000013	0.999848	0.000010	0.000015	0.000010	0.000010	0.000010	LD_0.9_14_1553
NIC22	0.000010	0.000010	0.000010	0.000010	0.000010	0.000010	0.000010	0.000013	0.999867	0.000010	0.000010	0.000010	0.000010	0.000010	LD_0.9_14_1553
NIC2369	0.999868	0.000010	0.000010	0.000010	0.000010	0.000010	0.000010	0.000010	0.000010	0.000010	0.000012	0.000010	0.000010	0.000010	LD_0.9_14_1553
NIC248	0.000010	0.000010	0.000010	0.000010	0.000010	0.469093	0.000010	0.000010	0.000010	0.000010	0.000010	0.000010	0.000010	0.530787	LD_0.9_14_1553
NIC250	0.000010	0.000010	0.000010	0.000010	0.000010	0.575670	0.000010	0.000010	0.000010	0.000010	0.000010	0.000010	0.000010	0.424210	LD_0.9_14_1553
NIC2527	0.000010	0.000010	0.000010	0.000010	0.000010	0.000010	0.999870	0.000010	0.000010	0.000010	0.000010	0.000010	0.000010	0.000010	LD_0.9_14_1553
NIC309	0.000010	0.000010	0.000010	0.000010	0.000010	0.000010	0.000010	0.000010	0.000010	0.000010	0.000010	0.000010	0.000010	0.999870	LD_0.9_14_1553
NIC325	0.000010	0.000010	0.000010	0.000010	0.000010	0.000010	0.000010	0.000010	0.000010	0.000010	0.000010	0.000010	0.000010	0.999870	LD_0.9_14_1553
NIC327	0.000010	0.000010	0.000010	0.000010	0.000010	0.000010	0.000010	0.215401	0.000010	0.000010	0.000010	0.000010	0.000010	0.784479	LD_0.9_14_1553
NIC329	0.000010	0.000010	0.000010	0.000010	0.000010	0.000010	0.000010	0.146146	0.000010	0.000010	0.000010	0.000010	0.000010	0.853734	LD_0.9_14_1553
NIC330	0.000010	0.000010	0.000010	0.000010	0.000010	0.057559	0.000010	0.101853	0.000010	0.000010	0.000010	0.000010	0.000010	0.840479	LD_0.9_14_1553
NIC331	0.000010	0.000010	0.000010	0.000010	0.179571	0.000010	0.000010	0.000010	0.000010	0.000010	0.000010	0.000010	0.000010	0.820309	LD_0.9_14_1553
NIC332	0.000010	0.000010	0.000010	0.000010	0.000010	0.000010	0.000010	0.218016	0.000010	0.000010	0.000010	0.000010	0.000010	0.781864	LD_0.9_14_1553
NIC333	0.000010	0.000010	0.000010	0.000010	0.000010	0.000010	0.000010	0.090128	0.000010	0.000010	0.000010	0.000010	0.000010	0.909752	LD_0.9_14_1553
NIC343	0.021158	0.000010	0.000010	0.000010	0.000010	0.000010	0.978722	0.000010	0.000010	0.000010	0.000010	0.000010	0.000010	0.000010	LD_0.9_14_1553
NIC392	0.000010	0.000010	0.000010	0.000010	0.000010	0.322801	0.000010	0.000010	0.000010	0.000010	0.000010	0.000010	0.000010	0.677079	LD_0.9_14_1553
NIC400	0.000010	0.000010	0.000010	0.000010	0.000010	0.000010	0.000010	0.192659	0.000010	0.000010	0.000010	0.000010	0.000010	0.807221	LD_0.9_14_1553
NIC402	0.000010	0.000010	0.000010	0.000010	0.000019	0.000010	0.000010	0.187404	0.000010	0.000010	0.000010	0.000010	0.000010	0.812467	LD_0.9_14_1553
NIC419	0.999870	0.000010	0.000010	0.000010	0.000010	0.000010	0.000010	0.000010	0.000010	0.000010	0.000010	0.000010	0.000010	0.000010	LD_0.9_14_1553
NIC504	0.000010	0.000011	0.000010	0.000010	0.000010	0.000010	0.000010	0.000010	0.000010	0.999861	0.000010	0.000016	0.000011	0.000010	LD_0.9_14_1553
NIC505	0.000010	0.000010	0.000010	0.000012	0.000010	0.000010	0.000010	0.000010	0.000010	0.999868	0.000010	0.000010	0.000010	0.000010	LD_0.9_14_1553
NIC518	0.000010	0.000010	0.999870	0.000010	0.000010	0.000010	0.000010	0.000010	0.000010	0.000010	0.000010	0.000010	0.000010	0.000010	LD_0.9_14_1553
NIC519	0.000010	0.000010	0.913180	0.000010	0.000010	0.000010	0.000011	0.000010	0.000010	0.086697	0.000010	0.000011	0.000010	0.000010	LD_0.9_14_1553
NIC532	0.000010	0.000010	0.000010	0.000010	0.000010	0.544792	0.000010	0.000010	0.000010	0.000010	0.000010	0.000010	0.000010	0.455088	LD_0.9_14_1553
NIC541	0.000010	0.000010	0.000010	0.000010	0.080380	0.071685	0.000010	0.029905	0.000010	0.000010	0.311353	0.000010	0.000010	0.506587	LD_0.9_14_1553
NIC549	0.000010	0.000010	0.000010	0.000010	0.000010	0.588700	0.000010	0.000013	0.000010	0.000010	0.000010	0.000010	0.000010	0.411178	LD_0.9_14_1553
NIC552	0.000010	0.000010	0.000010	0.000010	0.000010	0.650045	0.000010	0.000010	0.000010	0.000010	0.000010	0.000010	0.000010	0.349835	LD_0.9_14_1553
NIC555	0.000010	0.000010	0.000010	0.000010	0.123326	0.405255	0.000010	0.000010	0.000010	0.000010	0.000010	0.000010	0.000010	0.471309	LD_0.9_14_1553
NIC561	0.000010	0.000014	0.000011	0.000010	0.000010	0.611985	0.000010	0.000010	0.000010	0.000010	0.000010	0.000012	0.000010	0.387889	LD_0.9_14_1553
NIC574	0.000010	0.000010	0.000010	0.000010	0.000010	0.500091	0.000010	0.000010	0.000010	0.000010	0.000010	0.000010	0.000010	0.499789	LD_0.9_14_1553
NIC578	0.000010	0.000010	0.000010	0.000010	0.000010	0.321556	0.000010	0.000010	0.000010	0.000010	0.000010	0.000010	0.000010	0.678324	LD_0.9_14_1553
NIC583	0.000010	0.000010	0.000010	0.000010	0.000010	0.337501	0.000010	0.000010	0.000010	0.000010	0.000010	0.000010	0.000010	0.662379	LD_0.9_14_1553
NIC590	0.000010	0.000010	0.000010	0.000010	0.000010	0.043028	0.000010	0.000010	0.000010	0.000010	0.115083	0.000010	0.000010	0.841779	LD_0.9_14_1553
NIC593	0.000010	0.000010	0.000010	0.000010	0.000010	0.629671	0.000010	0.000010	0.000010	0.000010	0.000010	0.000010	0.000010	0.370209	LD_0.9_14_1553
NIC60	0.000010	0.000010	0.000010	0.000010	0.000010	0.000010	0.000016	0.000010	0.000010	0.000010	0.000010	0.000010	0.000010	0.999864	LD_0.9_14_1553
NIC61	0.000010	0.000010	0.000010	0.000010	0.000010	0.659945	0.000010	0.000010	0.000010	0.000010	0.000010	0.000010	0.000010	0.339935	LD_0.9_14_1553
NIC62	0.000010	0.000010	0.000010	0.000010	0.000010	0.363601	0.000010	0.000010	0.000010	0.000010	0.000010	0.000010	0.000010	0.636279	LD_0.9_14_1553
NIC67	0.999870	0.000010	0.000010	0.000010	0.000010	0.000010	0.000010	0.000010	0.000010	0.000010	0.000010	0.000010	0.000010	0.000010	LD_0.9_14_1553
NIC758	0.000010	0.000010	0.000010	0.000010	0.000010	0.193261	0.000010	0.000010	0.000010	0.000010	0.118889	0.000010	0.000010	0.687740	LD_0.9_14_1553
NIC777	0.000010	0.000010	0.000010	0.000010	0.119822	0.370888	0.000010	0.000010	0.000010	0.000010	0.000010	0.000010	0.000010	0.509180	LD_0.9_14_1553
NIC779	0.000010	0.000010	0.000010	0.000010	0.000010	0.000010	0.000010	0.000010	0.000010	0.999870	0.000010	0.000010	0.000010	0.000010	LD_0.9_14_1553
NIC790	0.000010	0.000010	0.000010	0.000010	0.000010	0.000010	0.999870	0.000010	0.000010	0.000010	0.000010	0.000010	0.000010	0.000010	LD_0.9_14_1553
NIC791	0.000010	0.000010	0.000010	0.000010	0.000010	0.000010	0.082726	0.000010	0.000010	0.000010	0.917154	0.000010	0.000010	0.000010	LD_0.9_14_1553
NIC792	0.000010	0.000010	0.000010	0.000010	0.000010	0.000010	0.713174	0.000020	0.000010	0.000010	0.286696	0.000010	0.000010	0.000010	LD_0.9_14_1553
NIC793	0.000010	0.000010	0.000010	0.000010	0.000010	0.000010	0.999867	0.000010	0.000010	0.000010	0.000013	0.000010	0.000010	0.000010	LD_0.9_14_1553
NIC795	0.000010	0.000010	0.000010	0.000010	0.000010	0.000010	0.999870	0.000010	0.000010	0.000010	0.000010	0.000010	0.000010	0.000010	LD_0.9_14_1553
NIC796	0.000010	0.000010	0.000010	0.000010	0.000010	0.000010	0.999870	0.000010	0.000010	0.000010	0.000010	0.000010	0.000010	0.000010	LD_0.9_14_1553
NIC802	0.000010	0.000010	0.000010	0.000010	0.000010	0.000010	0.999870	0.000010	0.000010	0.000010	0.000010	0.000010	0.000010	0.000010	LD_0.9_14_1553
NIC803	0.000010	0.000010	0.000010	0.000010	0.000010	0.000020	0.921142	0.000010	0.000010	0.000010	0.000010	0.000010	0.000010	0.078728	LD_0.9_14_1553
NIC805	0.000010	0.000017	0.000010	0.000010	0.000010	0.000010	0.000010	0.000016	0.000010	0.999846	0.000011	0.000019	0.000010	0.000010	LD_0.9_14_1553
NIC811	0.000010	0.000010	0.000010	0.000010	0.000010	0.027654	0.972226	0.000010	0.000010	0.000010	0.000010	0.000010	0.000010	0.000010	LD_0.9_14_1553
NIC814	0.000010	0.000010	0.000010	0.000010	0.000010	0.000013	0.000014	0.000010	0.000010	0.999862	0.000010	0.000010	0.000010	0.000010	LD_0.9_14_1553
NIC815	0.000010	0.000010	0.000010	0.000010	0.000010	0.000010	0.000010	0.000010	0.000010	0.999870	0.000010	0.000010	0.000010	0.000010	LD_0.9_14_1553
NIC816	0.000017	0.000010	0.000015	0.000010	0.000020	0.000010	0.000010	0.000010	0.999849	0.000010	0.000010	0.000010	0.000010	0.000010	LD_0.9_14_1553
NIC819	0.000010	0.999870	0.000010	0.000010	0.000010	0.000010	0.000010	0.000010	0.000010	0.000010	0.000010	0.000010	0.000010	0.000010	LD_0.9_14_1553
NIC821	0.000010	0.000010	0.000010	0.000010	0.000010	0.000010	0.909088	0.000010	0.000010	0.000010	0.000010	0.000010	0.000010	0.090792	LD_0.9_14_1553
NIC822	0.000010	0.000010	0.831485	0.000010	0.000010	0.000010	0.000010	0.000010	0.000019	0.168377	0.000010	0.000020	0.000010	0.000010	LD_0.9_14_1553
NIC824	0.000010	0.000010	0.000010	0.000010	0.000010	0.000010	0.000010	0.000010	0.000010	0.999865	0.000010	0.000015	0.000010	0.000010	LD_0.9_14_1553
NIC825	0.000010	0.000010	0.000010	0.000010	0.000017	0.000010	0.000010	0.000010	0.999859	0.000014	0.000010	0.000010	0.000010	0.000010	LD_0.9_14_1553
NIC827	0.000010	0.000010	0.000010	0.000010	0.000010	0.000010	0.000010	0.000010	0.999870	0.000010	0.000010	0.000010	0.000010	0.000010	LD_0.9_14_1553
NIC828	0.000010	0.000010	0.000010	0.000011	0.000010	0.000010	0.000010	0.000010	0.999869	0.000010	0.000010	0.000010	0.000010	0.000010	LD_0.9_14_1553
NIC863	0.000010	0.000010	0.000010	0.000016	0.000010	0.000010	0.000010	0.000010	0.000010	0.999860	0.000012	0.000011	0.000010	0.000010	LD_0.9_14_1553
NIC864	0.000010	0.000010	0.000010	0.000010	0.000010	0.000010	0.000010	0.000010	0.000010	0.999870	0.000010	0.000010	0.000010	0.000010	LD_0.9_14_1553
NIC865	0.000018	0.000010	0.000010	0.000010	0.000010	0.000010	0.000010	0.000010	0.000010	0.999861	0.000011	0.000010	0.000010	0.000010	LD_0.9_14_1553
NIC871	0.000010	0.000010	0.000010	0.000010	0.000010	0.000010	0.999870	0.000010	0.000010	0.000010	0.000010	0.000010	0.000010	0.000010	LD_0.9_14_1553
NIC883	0.000010	0.000010	0.000010	0.000010	0.000010	0.000010	0.999870	0.000010	0.000010	0.000010	0.000010	0.000010	0.000010	0.000010	LD_0.9_14_1553
NIC889	0.000010	0.000010	0.000010	0.000011	0.000010	0.000016	0.000010	0.000020	0.000011	0.999852	0.000010	0.000010	0.000010	0.000010	LD_0.9_14_1553
NIC893	0.000010	0.999870	0.000010	0.000010	0.000010	0.000010	0.000010	0.000010	0.000010	0.000010	0.000010	0.000010	0.000010	0.000010	LD_0.9_14_1553
NIC897	0.000010	0.000010	0.000010	0.000010	0.000010	0.000010	0.000010	0.000010	0.000010	0.999870	0.000010	0.000010	0.000010	0.000010	LD_0.9_14_1553
NIC899	0.000010	0.000010	0.000010	0.999870	0.000010	0.000010	0.000010	0.000010	0.000010	0.000010	0.000010	0.000010	0.000010	0.000010	LD_0.9_14_1553
NIC901	0.000010	0.000010	0.000010	0.000010	0.000010	0.999870	0.000010	0.000010	0.000010	0.000010	0.000010	0.000010	0.000010	0.000010	LD_0.9_14_1553
NIC911	0.000010	0.000010	0.000010	0.000010	0.000010	0.141778	0.654515	0.000010	0.000010	0.000010	0.000010	0.000010	0.000010	0.203597	LD_0.9_14_1553
NIC96	0.000010	0.000010	0.000010	0.000010	0.000010	0.000010	0.000010	0.000010	0.000010	0.000010	0.000010	0.000010	0.000010	0.999870	LD_0.9_14_1553
NIC984	0.000010	0.000011	0.000010	0.000010	0.000010	0.000010	0.871121	0.000010	0.000010	0.000011	0.000010	0.000010	0.000010	0.128756	LD_0.9_14_1553
NIC985	0.156135	0.000010	0.000010	0.000010	0.000010	0.179954	0.542249	0.000010	0.000014	0.000010	0.000010	0.000014	0.000010	0.121553	LD_0.9_14_1553
PB800	0.000010	0.000010	0.000010	0.999869	0.000011	0.000010	0.000010	0.000010	0.000010	0.000010	0.000010	0.000010	0.000010	0.000010	LD_0.9_14_1553
PB857	0.000010	0.000010	0.000010	0.999870	0.000010	0.000010	0.000010	0.000010	0.000010	0.000010	0.000010	0.000010	0.000010	0.000010	LD_0.9_14_1553
PE887	0.000010	0.000010	0.000010	0.000010	0.000010	0.591803	0.408077	0.000010	0.000010	0.000010	0.000010	0.000010	0.000010	0.000010	LD_0.9_14_1553
QG1005	0.000010	0.000010	0.000010	0.000010	0.447219	0.000010	0.000010	0.467932	0.000010	0.000010	0.000010	0.000010	0.000010	0.084739	LD_0.9_14_1553
QG1007	0.000010	0.000010	0.000010	0.000010	0.000010	0.000010	0.000010	0.999870	0.000010	0.000010	0.000010	0.000010	0.000010	0.000010	LD_0.9_14_1553
QG1111	0.000010	0.000010	0.000010	0.000010	0.434809	0.000010	0.000010	0.565068	0.000010	0.000010	0.000013	0.000010	0.000010	0.000010	LD_0.9_14_1553
QG1126	0.000010	0.000010	0.000010	0.000010	0.000010	0.000010	0.000010	0.999870	0.000010	0.000010	0.000010	0.000010	0.000010	0.000010	LD_0.9_14_1553
QG1141	0.000010	0.000010	0.000010	0.000010	0.999870	0.000010	0.000010	0.000010	0.000010	0.000010	0.000010	0.000010	0.000010	0.000010	LD_0.9_14_1553
QG1155	0.000010	0.000010	0.000010	0.000010	0.993741	0.000010	0.000010	0.006139	0.000010	0.000010	0.000010	0.000010	0.000010	0.000010	LD_0.9_14_1553
QG130	0.000010	0.000010	0.000010	0.000010	0.000010	0.999870	0.000010	0.000010	0.000010	0.000010	0.000010	0.000010	0.000010	0.000010	LD_0.9_14_1553
QG132	0.000010	0.000010	0.000010	0.000010	0.000010	0.701541	0.281035	0.000010	0.000010	0.000010	0.000010	0.000010	0.000010	0.017315	LD_0.9_14_1553
QG133	0.000010	0.000010	0.013110	0.000010	0.000010	0.021805	0.000010	0.000010	0.000010	0.964975	0.000010	0.000010	0.000010	0.000010	LD_0.9_14_1553
QG2641	0.000011	0.000011	0.000010	0.000010	0.183516	0.000010	0.000010	0.816352	0.000013	0.000010	0.000010	0.000016	0.000010	0.000010	LD_0.9_14_1553
QG2648	0.000010	0.000010	0.000010	0.000010	0.000010	0.000010	0.000010	0.999870	0.000010	0.000010	0.000010	0.000010	0.000010	0.000010	LD_0.9_14_1553
QG2659	0.000010	0.000010	0.000010	0.000010	0.498607	0.000010	0.000010	0.501273	0.000010	0.000010	0.000010	0.000010	0.000010	0.000010	LD_0.9_14_1553
QG2663	0.000010	0.000010	0.000010	0.000010	0.793254	0.000010	0.000010	0.206626	0.000010	0.000010	0.000010	0.000010	0.000010	0.000010	LD_0.9_14_1553
QG2665	0.000010	0.000012	0.000013	0.000011	0.122539	0.000010	0.000010	0.877332	0.000010	0.000010	0.000013	0.000010	0.000010	0.000010	LD_0.9_14_1553
QG2683	0.000010	0.000010	0.000017	0.000010	0.999863	0.000010	0.000010	0.000010	0.000010	0.000010	0.000010	0.000010	0.000010	0.000010	LD_0.9_14_1553
QG2736	0.000010	0.000010	0.000010	0.000010	0.476494	0.000010	0.000010	0.523386	0.000010	0.000010	0.000010	0.000010	0.000010	0.000010	LD_0.9_14_1553
QG2814	0.000010	0.000010	0.000010	0.000010	0.000010	0.000010	0.999870	0.000010	0.000010	0.000010	0.000010	0.000010	0.000010	0.000010	LD_0.9_14_1553
QG2820	0.000010	0.000010	0.000010	0.000010	0.000010	0.218741	0.781139	0.000010	0.000010	0.000010	0.000010	0.000010	0.000010	0.000010	LD_0.9_14_1553
QG2848	0.000010	0.000010	0.000010	0.000010	0.000010	0.000012	0.999866	0.000010	0.000010	0.000010	0.000010	0.000010	0.000010	0.000010	LD_0.9_14_1553
QG2849	0.000010	0.000010	0.000010	0.000010	0.000010	0.000010	0.999869	0.000010	0.000010	0.000010	0.000010	0.000010	0.000010	0.000010	LD_0.9_14_1553
QG2880	0.000010	0.000010	0.000010	0.000010	0.000010	0.000010	0.000010	0.000010	0.000010	0.000010	0.999870	0.000010	0.000010	0.000010	LD_0.9_14_1553
QG2881	0.000010	0.000010	0.000010	0.000010	0.000010	0.129868	0.870012	0.000010	0.000010	0.000010	0.000010	0.000010	0.000010	0.000010	LD_0.9_14_1553
QG2883	0.000010	0.000010	0.000010	0.000010	0.000010	0.243301	0.756579	0.000010	0.000010	0.000010	0.000010	0.000010	0.000010	0.000010	LD_0.9_14_1553
QG2884	0.000010	0.000010	0.000010	0.000010	0.000010	0.000010	0.000010	0.000010	0.000010	0.000010	0.999870	0.000010	0.000010	0.000010	LD_0.9_14_1553
QG2891	0.000010	0.000010	0.000010	0.000010	0.000013	0.000013	0.000012	0.000014	0.000010	0.000019	0.000013	0.000010	0.999846	0.000010	LD_0.9_14_1553
QG2892	0.000010	0.000010	0.000010	0.000010	0.000010	0.000010	0.000010	0.000010	0.000010	0.000010	0.999870	0.000010	0.000010	0.000010	LD_0.9_14_1553
QG2893	0.000010	0.000010	0.000010	0.000010	0.000010	0.000010	0.000010	0.000010	0.000010	0.000010	0.000010	0.174886	0.824994	0.000010	LD_0.9_14_1553
QG2895	0.000010	0.000010	0.000010	0.000010	0.000010	0.000010	0.000010	0.000013	0.000010	0.000010	0.999867	0.000010	0.000010	0.000010	LD_0.9_14_1553
QG2902	0.000010	0.000010	0.000010	0.000010	0.000010	0.000010	0.000010	0.000010	0.000010	0.000010	0.999870	0.000010	0.000010	0.000010	LD_0.9_14_1553
QG2903	0.000010	0.000010	0.000010	0.000010	0.000010	0.000010	0.000010	0.000010	0.000010	0.000010	0.999870	0.000010	0.000010	0.000010	LD_0.9_14_1553
QG2906	0.000010	0.000010	0.000010	0.000010	0.000010	0.000010	0.000010	0.000010	0.000010	0.000010	0.999870	0.000010	0.000010	0.000010	LD_0.9_14_1553
QG2908	0.000010	0.000010	0.000010	0.000010	0.000010	0.000010	0.000010	0.000010	0.000010	0.000010	0.000010	0.175922	0.823957	0.000010	LD_0.9_14_1553
QG2910	0.000010	0.000010	0.000010	0.000010	0.000010	0.213209	0.739817	0.000010	0.000010	0.000010	0.000010	0.000010	0.000010	0.046864	LD_0.9_14_1553
QG2919	0.000010	0.000010	0.000010	0.000010	0.000010	0.000010	0.000010	0.000010	0.000010	0.000010	0.000010	0.000010	0.999870	0.000010	LD_0.9_14_1553
QG2923	0.000010	0.000010	0.000010	0.000010	0.000010	0.000010	0.000010	0.000010	0.000010	0.000010	0.999870	0.000010	0.000010	0.000010	LD_0.9_14_1553
QG2925	0.000010	0.000010	0.000010	0.000010	0.000010	0.000010	0.000010	0.000010	0.000010	0.000010	0.999870	0.000010	0.000010	0.000010	LD_0.9_14_1553
QG2964	0.000010	0.000010	0.000010	0.000010	0.999870	0.000010	0.000010	0.000010	0.000010	0.000010	0.000010	0.000010	0.000010	0.000010	LD_0.9_14_1553
QG2966	0.000010	0.000010	0.000010	0.000010	0.688811	0.262907	0.000010	0.000010	0.000010	0.000010	0.000010	0.000010	0.000010	0.048172	LD_0.9_14_1553
QG2969	0.000010	0.000010	0.000010	0.000010	0.050875	0.000010	0.000010	0.949005	0.000010	0.000010	0.000010	0.000010	0.000010	0.000010	LD_0.9_14_1553
QG2972	0.000010	0.000010	0.000010	0.000010	0.340733	0.000010	0.000010	0.659147	0.000010	0.000010	0.000010	0.000010	0.000010	0.000010	LD_0.9_14_1553
QG2996	0.000010	0.000010	0.000010	0.000010	0.000010	0.000010	0.000010	0.999870	0.000010	0.000010	0.000010	0.000010	0.000010	0.000010	LD_0.9_14_1553
QG3004	0.000010	0.000010	0.000015	0.000010	0.597663	0.006232	0.073479	0.200059	0.000010	0.000010	0.000010	0.000010	0.000010	0.122472	LD_0.9_14_1553
QG3006	0.000010	0.000010	0.000010	0.000010	0.255819	0.000010	0.000010	0.744061	0.000010	0.000010	0.000010	0.000010	0.000010	0.000010	LD_0.9_14_1553
QG3019	0.000010	0.000015	0.000010	0.000010	0.641147	0.000010	0.000010	0.231298	0.000016	0.000010	0.000010	0.000010	0.000010	0.127435	LD_0.9_14_1553
QG3025	0.000010	0.000010	0.000010	0.000010	0.000010	0.000010	0.000010	0.999870	0.000010	0.000010	0.000010	0.000010	0.000010	0.000010	LD_0.9_14_1553
QG3030	0.000010	0.000010	0.000010	0.000010	0.000010	0.000010	0.000010	0.999870	0.000010	0.000010	0.000010	0.000010	0.000010	0.000010	LD_0.9_14_1553
QG3032	0.000010	0.000010	0.000011	0.000010	0.694974	0.000011	0.000010	0.095625	0.000010	0.000010	0.000012	0.000010	0.000010	0.209288	LD_0.9_14_1553
QG3034	0.000010	0.000010	0.000010	0.000010	0.000010	0.000010	0.000010	0.999870	0.000010	0.000010	0.000010	0.000010	0.000010	0.000010	LD_0.9_14_1553
QG3041	0.000010	0.000010	0.000010	0.000010	0.000010	0.000010	0.000010	0.999870	0.000010	0.000010	0.000010	0.000010	0.000010	0.000010	LD_0.9_14_1553
QG3053	0.000010	0.000010	0.000010	0.000010	0.000010	0.068441	0.513368	0.000010	0.000010	0.000010	0.000010	0.000010	0.000010	0.418081	LD_0.9_14_1553
QG3056	0.000010	0.000010	0.000011	0.000010	0.679526	0.260721	0.000010	0.000010	0.000010	0.000010	0.000010	0.000010	0.000010	0.059642	LD_0.9_14_1553
QG3057	0.000010	0.000010	0.000010	0.000010	0.119015	0.000010	0.000010	0.880865	0.000010	0.000010	0.000010	0.000010	0.000010	0.000010	LD_0.9_14_1553
QG3058	0.000010	0.000010	0.000010	0.000010	0.656889	0.013018	0.000010	0.280896	0.000010	0.000010	0.000014	0.000010	0.000010	0.049092	LD_0.9_14_1553
QG3527	0.000010	0.000010	0.000010	0.000010	0.111600	0.000010	0.323956	0.011588	0.000012	0.000010	0.000012	0.000013	0.000010	0.552747	LD_0.9_14_1553
QG3661	0.000010	0.000010	0.000010	0.999867	0.000010	0.000013	0.000010	0.000010	0.000010	0.000010	0.000010	0.000010	0.000010	0.000010	LD_0.9_14_1553
QG3783	0.000015	0.000010	0.000010	0.000010	0.029806	0.000010	0.428227	0.000011	0.000010	0.000010	0.000010	0.000010	0.000010	0.541851	LD_0.9_14_1553
QG3801	0.000010	0.000010	0.000010	0.000010	0.562845	0.000010	0.015310	0.333327	0.000010	0.000010	0.000010	0.000010	0.000010	0.088419	LD_0.9_14_1553
QG3815	0.000010	0.000014	0.000011	0.000010	0.000010	0.269633	0.054406	0.000010	0.000013	0.000010	0.000010	0.000010	0.000010	0.675844	LD_0.9_14_1553
QG3816	0.000010	0.000010	0.000010	0.000010	0.031293	0.134767	0.302545	0.000010	0.000010	0.000010	0.000010	0.000010	0.000010	0.531295	LD_0.9_14_1553
QG3823	0.000010	0.000010	0.000010	0.000010	0.097255	0.000010	0.055418	0.750815	0.000010	0.000010	0.000010	0.000010	0.000010	0.096412	LD_0.9_14_1553
QG3825	0.000010	0.000010	0.000010	0.000010	0.000010	0.174495	0.286935	0.000010	0.000010	0.000010	0.000010	0.000010	0.000010	0.538460	LD_0.9_14_1553
QG3826	0.000010	0.000010	0.000010	0.000012	0.054901	0.262434	0.172946	0.000010	0.000010	0.000010	0.000010	0.000010	0.000010	0.509617	LD_0.9_14_1553
QG3837	0.000010	0.000010	0.000010	0.000010	0.000010	0.112018	0.292258	0.000010	0.000010	0.000010	0.000010	0.000010	0.000010	0.595613	LD_0.9_14_1553
QG3851	0.000010	0.000010	0.000010	0.000010	0.030507	0.000010	0.404342	0.000010	0.000010	0.000010	0.000010	0.000010	0.000010	0.565041	LD_0.9_14_1553
QG3861	0.000010	0.000010	0.000010	0.000010	0.010703	0.219279	0.202927	0.000010	0.000011	0.000010	0.000010	0.000011	0.000010	0.566989	LD_0.9_14_1553
QG3867	0.000018	0.000010	0.000011	0.000010	0.207648	0.000010	0.039481	0.597695	0.000010	0.000010	0.000010	0.000011	0.000010	0.155066	LD_0.9_14_1553
QG3874	0.000010	0.000010	0.000010	0.000010	0.000010	0.442913	0.118011	0.000010	0.000010	0.000010	0.000010	0.000010	0.000010	0.438966	LD_0.9_14_1553
QG3875	0.000010	0.000010	0.000010	0.000010	0.000010	0.320307	0.000010	0.000010	0.000010	0.000010	0.000010	0.000010	0.000010	0.679573	LD_0.9_14_1553
QG3876	0.000010	0.000010	0.000010	0.000010	0.022973	0.000010	0.390972	0.000012	0.000010	0.000010	0.000010	0.000010	0.000010	0.585943	LD_0.9_14_1553
QG3878	0.000010	0.000010	0.000010	0.000010	0.000010	0.151726	0.106238	0.000010	0.000010	0.000010	0.000010	0.000010	0.000010	0.741925	LD_0.9_14_1553
QG3920	0.000010	0.000010	0.000010	0.000010	0.012178	0.458601	0.000010	0.000010	0.000010	0.000010	0.000010	0.000010	0.000010	0.529111	LD_0.9_14_1553
QG3921	0.000010	0.000010	0.000010	0.000019	0.004227	0.463933	0.000010	0.000010	0.000010	0.000010	0.000010	0.000010	0.000010	0.531722	LD_0.9_14_1553
QG3923	0.000010	0.000010	0.000010	0.000010	0.000010	0.618036	0.000010	0.000010	0.000010	0.000010	0.000010	0.000010	0.000010	0.381844	LD_0.9_14_1553
QG3924	0.000010	0.000010	0.000010	0.000010	0.146332	0.006464	0.287694	0.000010	0.000010	0.000010	0.000014	0.000010	0.000010	0.559405	LD_0.9_14_1553
QG3925	0.000010	0.000010	0.000010	0.000010	0.000010	0.387732	0.000010	0.000010	0.000010	0.000010	0.000010	0.000010	0.000010	0.612148	LD_0.9_14_1553
QG3926	0.000010	0.000010	0.000010	0.000010	0.000010	0.401488	0.000010	0.000019	0.000010	0.000010	0.000010	0.000010	0.000010	0.598383	LD_0.9_14_1553
QG3927	0.000010	0.000010	0.000010	0.000010	0.000010	0.517584	0.000010	0.000010	0.000010	0.000010	0.000010	0.000010	0.000010	0.482296	LD_0.9_14_1553
QG3931	0.000010	0.000010	0.000010	0.000010	0.037342	0.142254	0.053852	0.000010	0.000010	0.000010	0.000010	0.000012	0.000010	0.766450	LD_0.9_14_1553
QG3932	0.000010	0.000010	0.000011	0.000012	0.000010	0.566328	0.000010	0.000010	0.000010	0.000010	0.000010	0.000012	0.000010	0.433547	LD_0.9_14_1553
QG3933	0.000010	0.000010	0.000010	0.000010	0.000010	0.858868	0.031492	0.000010	0.000010	0.000010	0.000010	0.000010	0.000010	0.109530	LD_0.9_14_1553
QG4026	0.000010	0.000010	0.000010	0.000010	0.000010	0.000010	0.000010	0.000010	0.000010	0.000010	0.000010	0.000010	0.999870	0.000010	LD_0.9_14_1553
QG4028	0.000010	0.000010	0.000010	0.000010	0.000010	0.000010	0.000010	0.000010	0.000010	0.000010	0.000010	0.000010	0.999870	0.000010	LD_0.9_14_1553
QG4031	0.000010	0.000010	0.000010	0.000010	0.000010	0.000010	0.000010	0.000010	0.000010	0.000010	0.000010	0.000010	0.999870	0.000010	LD_0.9_14_1553
QG4063	0.000010	0.000011	0.000010	0.000010	0.000010	0.000010	0.000010	0.000010	0.000010	0.000010	0.000010	0.000010	0.999869	0.000010	LD_0.9_14_1553
QG4064	0.000010	0.000010	0.000010	0.000010	0.000010	0.000010	0.000010	0.000010	0.000010	0.000010	0.000010	0.000010	0.999870	0.000010	LD_0.9_14_1553
QG4067	0.000010	0.000015	0.000010	0.000010	0.000010	0.000010	0.000010	0.000010	0.000010	0.000010	0.000010	0.000010	0.999865	0.000010	LD_0.9_14_1553
QG4068	0.000010	0.000010	0.000010	0.000010	0.000010	0.000010	0.000010	0.000010	0.000010	0.000010	0.000010	0.000010	0.999870	0.000010	LD_0.9_14_1553
QG4070	0.000010	0.000010	0.000010	0.000010	0.000010	0.687711	0.312169	0.000010	0.000010	0.000010	0.000010	0.000010	0.000010	0.000010	LD_0.9_14_1553
QG4093	0.000010	0.000010	0.000010	0.000010	0.000010	0.000010	0.000010	0.000010	0.000010	0.000010	0.000010	0.111628	0.888252	0.000010	LD_0.9_14_1553
QG4094	0.000010	0.000010	0.000010	0.000010	0.000010	0.000010	0.000010	0.000010	0.000010	0.000010	0.000010	0.000010	0.999870	0.000010	LD_0.9_14_1553
QG4095	0.000010	0.000010	0.000010	0.000010	0.000010	0.000010	0.000010	0.000010	0.000010	0.000010	0.000010	0.000010	0.999870	0.000010	LD_0.9_14_1553
QG4096	0.000010	0.000017	0.000010	0.000010	0.000010	0.000010	0.000010	0.000010	0.000010	0.000010	0.000010	0.000010	0.999863	0.000010	LD_0.9_14_1553
QG4097	0.000010	0.000010	0.000010	0.000011	0.000010	0.000010	0.000010	0.000010	0.000010	0.000010	0.000010	0.000015	0.999864	0.000010	LD_0.9_14_1553
QG4104	0.000010	0.000010	0.000012	0.000010	0.000010	0.000010	0.000010	0.000010	0.000018	0.000010	0.000010	0.000010	0.999860	0.000010	LD_0.9_14_1553
QG4114	0.000010	0.000010	0.000010	0.000010	0.000010	0.000010	0.000010	0.000010	0.000010	0.000010	0.000010	0.000010	0.999870	0.000010	LD_0.9_14_1553
QG4131	0.000010	0.000010	0.000010	0.000010	0.000010	0.000019	0.000010	0.000010	0.000010	0.000010	0.000010	0.000011	0.999860	0.000010	LD_0.9_14_1553
QG4132	0.000010	0.000010	0.000010	0.000010	0.000010	0.000010	0.000010	0.000010	0.000010	0.000010	0.000010	0.000010	0.999870	0.000010	LD_0.9_14_1553
QG4208	0.000010	0.000010	0.000010	0.000010	0.000010	0.000010	0.000010	0.000010	0.000010	0.000010	0.000010	0.137749	0.862131	0.000010	LD_0.9_14_1553
QG4214	0.000010	0.000010	0.000011	0.000010	0.000010	0.000010	0.000010	0.000010	0.000010	0.000010	0.000010	0.000011	0.999867	0.000010	LD_0.9_14_1553
QG4225	0.000010	0.000010	0.000010	0.000011	0.000010	0.000010	0.000010	0.000010	0.000014	0.000010	0.000010	0.000010	0.999865	0.000010	LD_0.9_14_1553
QG4232	0.000010	0.000010	0.000010	0.000010	0.000010	0.000010	0.000010	0.000010	0.000010	0.000010	0.000010	0.031129	0.968751	0.000010	LD_0.9_14_1553
QG4233	0.000010	0.000010	0.000010	0.000010	0.000010	0.000010	0.000010	0.000010	0.000014	0.000010	0.000010	0.000010	0.999866	0.000010	LD_0.9_14_1553
QG4647	0.000010	0.000010	0.000010	0.000010	0.000010	0.000010	0.000010	0.000010	0.000010	0.000010	0.999870	0.000010	0.000010	0.000010	LD_0.9_14_1553
QG4648	0.000010	0.000010	0.000010	0.000010	0.000010	0.000010	0.999864	0.000016	0.000010	0.000010	0.000010	0.000010	0.000010	0.000010	LD_0.9_14_1553
QG4683	0.000010	0.000010	0.000010	0.000010	0.000010	0.306644	0.693236	0.000010	0.000010	0.000010	0.000010	0.000010	0.000010	0.000010	LD_0.9_14_1553
QG4701	0.000010	0.000010	0.000010	0.000010	0.000010	0.000010	0.457752	0.000010	0.000010	0.000010	0.542128	0.000010	0.000010	0.000010	LD_0.9_14_1553
QG4706	0.000010	0.000010	0.000010	0.000010	0.000010	0.094780	0.905100	0.000010	0.000010	0.000010	0.000010	0.000010	0.000010	0.000010	LD_0.9_14_1553
QG4718	0.000010	0.000010	0.000010	0.000010	0.000010	0.000010	0.999870	0.000010	0.000010	0.000010	0.000010	0.000010	0.000010	0.000010	LD_0.9_14_1553
QG4742	0.000010	0.000010	0.000010	0.000010	0.000010	0.014942	0.984938	0.000010	0.000010	0.000010	0.000010	0.000010	0.000010	0.000010	LD_0.9_14_1553
QG4805	0.000010	0.000010	0.000010	0.000010	0.000010	0.000010	0.000010	0.000010	0.000010	0.000010	0.999870	0.000010	0.000010	0.000010	LD_0.9_14_1553
QG4847	0.000010	0.000012	0.000010	0.000011	0.000010	0.000010	0.999863	0.000010	0.000011	0.000011	0.000012	0.000010	0.000010	0.000010	LD_0.9_14_1553
QG4966	0.000010	0.000010	0.000010	0.000010	0.000010	0.000010	0.999870	0.000010	0.000010	0.000010	0.000010	0.000010	0.000010	0.000010	LD_0.9_14_1553
QG5348	0.000010	0.000010	0.000010	0.000010	0.000010	0.000010	0.999868	0.000011	0.000011	0.000010	0.000010	0.000010	0.000010	0.000010	LD_0.9_14_1553
QG5406	0.000010	0.000010	0.000010	0.000010	0.000010	0.220895	0.778985	0.000010	0.000010	0.000010	0.000010	0.000010	0.000010	0.000010	LD_0.9_14_1553
QG547	0.000010	0.000010	0.000010	0.999870	0.000010	0.000010	0.000010	0.000010	0.000010	0.000010	0.000010	0.000010	0.000010	0.000010	LD_0.9_14_1553
QG5474	0.000010	0.000010	0.000010	0.000010	0.000010	0.302586	0.031067	0.000010	0.000010	0.000010	0.666237	0.000010	0.000010	0.000010	LD_0.9_14_1553
QG5488	0.000010	0.000010	0.000010	0.000010	0.000010	0.000010	0.999870	0.000010	0.000010	0.000010	0.000010	0.000010	0.000010	0.000010	LD_0.9_14_1553
QG550	0.619042	0.000010	0.000010	0.000010	0.000010	0.115271	0.198444	0.000010	0.000010	0.000010	0.067143	0.000010	0.000010	0.000010	LD_0.9_14_1553
QG5507	0.000010	0.000010	0.000010	0.000010	0.000010	0.000010	0.831351	0.000010	0.000010	0.000010	0.168529	0.000010	0.000010	0.000010	LD_0.9_14_1553
QG5525	0.000010	0.000010	0.000010	0.000010	0.000010	0.000010	0.999870	0.000010	0.000010	0.000010	0.000010	0.000010	0.000010	0.000010	LD_0.9_14_1553
QG5589	0.000010	0.000010	0.000010	0.000010	0.000010	0.000010	0.170374	0.000010	0.000010	0.000010	0.829506	0.000010	0.000010	0.000010	LD_0.9_14_1553
QG5603	0.000010	0.000010	0.000010	0.000010	0.000010	0.171837	0.164897	0.000010	0.000010	0.000010	0.663156	0.000010	0.000010	0.000010	LD_0.9_14_1553
QG5611	0.000010	0.000010	0.000010	0.000010	0.000010	0.000010	0.999870	0.000010	0.000010	0.000010	0.000010	0.000010	0.000010	0.000010	LD_0.9_14_1553
QG5612	0.000010	0.000010	0.000010	0.000010	0.000010	0.417463	0.494744	0.000010	0.000010	0.000010	0.000010	0.000010	0.000010	0.087683	LD_0.9_14_1553
QG5633	0.000010	0.000010	0.000010	0.000010	0.000010	0.000010	0.999870	0.000010	0.000010	0.000010	0.000010	0.000010	0.000010	0.000010	LD_0.9_14_1553
QG581	0.000010	0.000010	0.000010	0.999863	0.000010	0.000010	0.000017	0.000010	0.000010	0.000010	0.000010	0.000010	0.000010	0.000010	LD_0.9_14_1553
QG588	0.000010	0.000010	0.000010	0.999867	0.000010	0.000010	0.000010	0.000010	0.000013	0.000010	0.000010	0.000010	0.000010	0.000010	LD_0.9_14_1553
QG700	0.000010	0.000010	0.000010	0.000010	0.841761	0.000010	0.000010	0.000010	0.000010	0.000010	0.000010	0.000010	0.000010	0.158119	LD_0.9_14_1553
QG727	0.000010	0.000010	0.000010	0.000010	0.999870	0.000010	0.000010	0.000010	0.000010	0.000010	0.000010	0.000010	0.000010	0.000010	LD_0.9_14_1553
QG733	0.000010	0.000010	0.000010	0.000010	0.999870	0.000010	0.000010	0.000010	0.000010	0.000010	0.000010	0.000010	0.000010	0.000010	LD_0.9_14_1553
QG736	0.000010	0.000010	0.000010	0.000010	0.749055	0.000010	0.000010	0.250825	0.000010	0.000010	0.000010	0.000010	0.000010	0.000010	LD_0.9_14_1553
QG737	0.000010	0.000010	0.000010	0.000010	0.379761	0.000010	0.000010	0.620119	0.000010	0.000010	0.000010	0.000010	0.000010	0.000010	LD_0.9_14_1553
QG739	0.000010	0.000010	0.000010	0.000010	0.999870	0.000010	0.000010	0.000010	0.000010	0.000010	0.000010	0.000010	0.000010	0.000010	LD_0.9_14_1553
QG761	0.000010	0.000010	0.000010	0.000010	0.725427	0.000010	0.000010	0.000010	0.000010	0.000010	0.000010	0.000010	0.000010	0.274453	LD_0.9_14_1553
QG763	0.000010	0.000010	0.000010	0.000010	0.629588	0.000010	0.000010	0.315409	0.000010	0.000010	0.000010	0.000010	0.000010	0.054893	LD_0.9_14_1553
QG776	0.000010	0.000010	0.000010	0.000010	0.732799	0.000010	0.000010	0.267081	0.000010	0.000010	0.000010	0.000010	0.000010	0.000010	LD_0.9_14_1553
QG781	0.000010	0.000010	0.000010	0.000010	0.999870	0.000010	0.000010	0.000010	0.000010	0.000010	0.000010	0.000010	0.000010	0.000010	LD_0.9_14_1553
QG784	0.000010	0.000010	0.000010	0.000010	0.151275	0.000010	0.000010	0.848605	0.000010	0.000010	0.000010	0.000010	0.000010	0.000010	LD_0.9_14_1553
QG786	0.000010	0.000010	0.000010	0.000010	0.233032	0.000010	0.000010	0.766845	0.000013	0.000010	0.000010	0.000010	0.000010	0.000010	LD_0.9_14_1553
QG788	0.000010	0.000010	0.000010	0.000010	0.999863	0.000010	0.000017	0.000010	0.000010	0.000010	0.000010	0.000010	0.000010	0.000010	LD_0.9_14_1553
QG790	0.000010	0.000010	0.000010	0.000010	0.350140	0.000010	0.000010	0.649740	0.000010	0.000010	0.000010	0.000010	0.000010	0.000010	LD_0.9_14_1553
QG791	0.000010	0.000010	0.000010	0.000010	0.763928	0.000010	0.057541	0.178421	0.000010	0.000010	0.000010	0.000010	0.000010	0.000010	LD_0.9_14_1553
QG795	0.000016	0.000010	0.000010	0.000010	0.638026	0.024027	0.000010	0.047837	0.000010	0.000010	0.000010	0.000010	0.000010	0.290003	LD_0.9_14_1553
QG797	0.000011	0.000010	0.000010	0.000010	0.000010	0.000018	0.000010	0.999861	0.000010	0.000010	0.000010	0.000010	0.000010	0.000010	LD_0.9_14_1553
QG802	0.000010	0.000010	0.000010	0.000010	0.999870	0.000010	0.000010	0.000010	0.000010	0.000010	0.000010	0.000010	0.000010	0.000010	LD_0.9_14_1553
QG804	0.000010	0.000010	0.000010	0.000010	0.000010	0.000010	0.000010	0.999870	0.000010	0.000010	0.000010	0.000010	0.000010	0.000010	LD_0.9_14_1553
QG806	0.000010	0.000010	0.000010	0.000010	0.999870	0.000010	0.000010	0.000010	0.000010	0.000010	0.000010	0.000010	0.000010	0.000010	LD_0.9_14_1553
QG807	0.000010	0.000010	0.000010	0.000010	0.999870	0.000010	0.000010	0.000010	0.000010	0.000010	0.000010	0.000010	0.000010	0.000010	LD_0.9_14_1553
QG808	0.000010	0.000010	0.000010	0.000010	0.447828	0.000010	0.047994	0.504068	0.000010	0.000010	0.000010	0.000010	0.000010	0.000010	LD_0.9_14_1553
QG809	0.000010	0.000010	0.000010	0.000010	0.000010	0.000010	0.000010	0.999870	0.000010	0.000010	0.000010	0.000010	0.000010	0.000010	LD_0.9_14_1553
QG825	0.000010	0.000010	0.000010	0.000010	0.999870	0.000010	0.000010	0.000010	0.000010	0.000010	0.000010	0.000010	0.000010	0.000010	LD_0.9_14_1553
QG827	0.000010	0.000010	0.000010	0.000010	0.999870	0.000010	0.000010	0.000010	0.000010	0.000010	0.000010	0.000010	0.000010	0.000010	LD_0.9_14_1553
QG828	0.000010	0.000010	0.000010	0.000010	0.999870	0.000010	0.000010	0.000010	0.000010	0.000010	0.000010	0.000010	0.000010	0.000010	LD_0.9_14_1553
QG833	0.000010	0.000010	0.000010	0.000010	0.999870	0.000010	0.000010	0.000010	0.000010	0.000010	0.000010	0.000010	0.000010	0.000010	LD_0.9_14_1553
QG855	0.000010	0.000010	0.000010	0.000010	0.424888	0.000019	0.033685	0.541308	0.000010	0.000010	0.000010	0.000010	0.000010	0.000010	LD_0.9_14_1553
QG856	0.000010	0.000010	0.000010	0.000010	0.889723	0.000010	0.000010	0.110157	0.000010	0.000010	0.000010	0.000010	0.000010	0.000010	LD_0.9_14_1553
QG858	0.000010	0.000010	0.000012	0.000010	0.160831	0.000014	0.000010	0.839043	0.000010	0.000010	0.000010	0.000010	0.000010	0.000010	LD_0.9_14_1553
QG860	0.000010	0.000010	0.000010	0.000010	0.780828	0.000010	0.000010	0.000010	0.000010	0.000010	0.000010	0.000010	0.000010	0.219052	LD_0.9_14_1553
QG864	0.000010	0.000010	0.000010	0.000010	0.326268	0.000010	0.000010	0.673612	0.000010	0.000010	0.000010	0.000010	0.000010	0.000010	LD_0.9_14_1553
QG865	0.000010	0.000010	0.000010	0.000010	0.989662	0.000010	0.000010	0.010218	0.000010	0.000010	0.000010	0.000010	0.000010	0.000010	LD_0.9_14_1553
QG866	0.000010	0.000010	0.000010	0.000010	0.867226	0.000010	0.000010	0.132654	0.000010	0.000010	0.000010	0.000010	0.000010	0.000010	LD_0.9_14_1553
QG868	0.000010	0.000010	0.000010	0.000010	0.999870	0.000010	0.000010	0.000010	0.000010	0.000010	0.000010	0.000010	0.000010	0.000010	LD_0.9_14_1553
QG874	0.000010	0.000010	0.000011	0.000010	0.999869	0.000010	0.000010	0.000010	0.000010	0.000010	0.000010	0.000010	0.000010	0.000010	LD_0.9_14_1553
QG875	0.000010	0.000010	0.000010	0.000010	0.000010	0.000010	0.000010	0.999870	0.000010	0.000010	0.000010	0.000010	0.000010	0.000010	LD_0.9_14_1553
QG878	0.000010	0.000010	0.000010	0.000010	0.999870	0.000010	0.000010	0.000010	0.000010	0.000010	0.000010	0.000010	0.000010	0.000010	LD_0.9_14_1553
QG879	0.000010	0.000010	0.000010	0.000010	0.999870	0.000010	0.000010	0.000010	0.000010	0.000010	0.000010	0.000010	0.000010	0.000010	LD_0.9_14_1553
QG880	0.000010	0.000010	0.000010	0.000010	0.758893	0.000010	0.000010	0.240987	0.000010	0.000010	0.000010	0.000010	0.000010	0.000010	LD_0.9_14_1553
QG881	0.000010	0.000010	0.000010	0.000010	0.744022	0.000010	0.000010	0.000010	0.000010	0.000010	0.000010	0.000010	0.000010	0.255858	LD_0.9_14_1553
QG887	0.000010	0.000010	0.000010	0.000010	0.979112	0.000010	0.000010	0.020768	0.000010	0.000010	0.000010	0.000010	0.000010	0.000010	LD_0.9_14_1553
QG888	0.000010	0.000010	0.000010	0.000010	0.000010	0.000010	0.000010	0.999870	0.000010	0.000010	0.000010	0.000010	0.000010	0.000010	LD_0.9_14_1553
QG926	0.000010	0.000010	0.000010	0.000010	0.999870	0.000010	0.000010	0.000010	0.000010	0.000010	0.000010	0.000010	0.000010	0.000010	LD_0.9_14_1553
QG927	0.000010	0.000010	0.000010	0.000010	0.000010	0.000010	0.929979	0.069901	0.000010	0.000010	0.000010	0.000010	0.000010	0.000010	LD_0.9_14_1553
QG933	0.000010	0.000010	0.000010	0.000010	0.000010	0.000010	0.000010	0.999870	0.000010	0.000010	0.000010	0.000010	0.000010	0.000010	LD_0.9_14_1553
QG937	0.000010	0.000010	0.000010	0.000010	0.000010	0.030090	0.000010	0.969790	0.000010	0.000010	0.000010	0.000010	0.000010	0.000010	LD_0.9_14_1553
QG945	0.000010	0.000010	0.000010	0.000010	0.000010	0.000010	0.000010	0.999870	0.000010	0.000010	0.000010	0.000010	0.000010	0.000010	LD_0.9_14_1553
QG946	0.000010	0.000010	0.000010	0.000010	0.000010	0.000017	0.000010	0.999859	0.000010	0.000010	0.000014	0.000010	0.000010	0.000010	LD_0.9_14_1553
QG947	0.000010	0.000010	0.000010	0.000010	0.999870	0.000010	0.000010	0.000010	0.000010	0.000010	0.000010	0.000010	0.000010	0.000010	LD_0.9_14_1553
QG948	0.000010	0.000010	0.000010	0.000010	0.999870	0.000010	0.000010	0.000010	0.000010	0.000010	0.000010	0.000010	0.000010	0.000010	LD_0.9_14_1553
QG952	0.000010	0.000010	0.000010	0.000010	0.942295	0.057585	0.000010	0.000010	0.000010	0.000010	0.000010	0.000010	0.000010	0.000010	LD_0.9_14_1553
QG978	0.000010	0.000010	0.000010	0.000010	0.000010	0.038749	0.000010	0.835789	0.000010	0.000010	0.000010	0.000010	0.000010	0.125353	LD_0.9_14_1553
QG980	0.000010	0.000010	0.000010	0.000010	0.999870	0.000010	0.000010	0.000010	0.000010	0.000010	0.000010	0.000010	0.000010	0.000010	LD_0.9_14_1553
QG986	0.000010	0.000010	0.000010	0.000010	0.999870	0.000010	0.000010	0.000010	0.000010	0.000010	0.000010	0.000010	0.000010	0.000010	LD_0.9_14_1553
QG991	0.000010	0.000010	0.000010	0.000010	0.999870	0.000010	0.000010	0.000010	0.000010	0.000010	0.000010	0.000010	0.000010	0.000010	LD_0.9_14_1553
QG994	0.000010	0.000012	0.000010	0.000010	0.000010	0.000010	0.000010	0.999862	0.000017	0.000010	0.000010	0.000010	0.000010	0.000010	LD_0.9_14_1553
QG995	0.000010	0.000010	0.000010	0.000010	0.999870	0.000010	0.000010	0.000010	0.000010	0.000010	0.000010	0.000010	0.000010	0.000010	LD_0.9_14_1553
QG997	0.000010	0.000010	0.000010	0.000010	0.996403	0.000010	0.000010	0.003477	0.000010	0.000010	0.000010	0.000010	0.000010	0.000010	LD_0.9_14_1553
QG998	0.000010	0.000010	0.000010	0.000010	0.000010	0.000010	0.000010	0.999870	0.000010	0.000010	0.000010	0.000010	0.000010	0.000010	LD_0.9_14_1553
QR25	0.000010	0.221772	0.000010	0.580803	0.000010	0.098749	0.000010	0.000010	0.045889	0.030706	0.000010	0.022000	0.000010	0.000010	LD_0.9_14_1553
QX1410	0.000010	0.000010	0.000010	0.000010	0.000010	0.394379	0.082285	0.000010	0.000010	0.000010	0.000010	0.000010	0.000010	0.523227	LD_0.9_14_1553
QX1547	0.000010	0.000010	0.000010	0.999865	0.000015	0.000010	0.000010	0.000010	0.000010	0.000010	0.000010	0.000010	0.000010	0.000010	LD_0.9_14_1553
QX1795	0.000010	0.000010	0.000010	0.000010	0.000010	0.142213	0.731553	0.000010	0.000010	0.000010	0.000010	0.000010	0.000010	0.126124	LD_0.9_14_1553
QX1796	0.000010	0.000010	0.000010	0.000010	0.000010	0.999870	0.000010	0.000010	0.000010	0.000010	0.000010	0.000010	0.000010	0.000010	LD_0.9_14_1553
QX1798	0.000010	0.000010	0.000010	0.000010	0.000010	0.000010	0.000010	0.000010	0.000010	0.999870	0.000010	0.000010	0.000010	0.000010	LD_0.9_14_1553
QX1800	0.000010	0.000013	0.000010	0.000010	0.000010	0.405462	0.594415	0.000010	0.000010	0.000010	0.000010	0.000010	0.000010	0.000010	LD_0.9_14_1553
QX1801	0.000010	0.000010	0.000010	0.000010	0.000010	0.820903	0.178977	0.000010	0.000010	0.000010	0.000010	0.000010	0.000010	0.000010	LD_0.9_14_1553
QX1802	0.000010	0.000010	0.000010	0.000010	0.000010	0.724821	0.275059	0.000010	0.000010	0.000010	0.000010	0.000010	0.000010	0.000010	LD_0.9_14_1553
QX1803	0.000010	0.000010	0.000010	0.000010	0.000010	0.985393	0.014487	0.000010	0.000010	0.000010	0.000010	0.000010	0.000010	0.000010	LD_0.9_14_1553
QX1804	0.000010	0.000010	0.000010	0.000010	0.000010	0.999870	0.000010	0.000010	0.000010	0.000010	0.000010	0.000010	0.000010	0.000010	LD_0.9_14_1553
SOW18	0.000010	0.000010	0.000010	0.999870	0.000010	0.000010	0.000010	0.000010	0.000010	0.000010	0.000010	0.000010	0.000010	0.000010	LD_0.9_14_1553
SOW21	0.000010	0.000010	0.000010	0.999868	0.000010	0.000010	0.000010	0.000012	0.000010	0.000010	0.000010	0.000010	0.000010	0.000010	LD_0.9_14_1553
SOW22	0.000010	0.000010	0.000010	0.999870	0.000010	0.000010	0.000010	0.000010	0.000010	0.000010	0.000010	0.000010	0.000010	0.000010	LD_0.9_14_1553
TT3408	0.000010	0.000010	0.000010	0.000010	0.000010	0.000010	0.999870	0.000010	0.000010	0.000010	0.000010	0.000010	0.000010	0.000010	LD_0.9_14_1553
TT3411	0.000010	0.000010	0.000010	0.000010	0.000010	0.000010	0.999870	0.000010	0.000010	0.000010	0.000010	0.000010	0.000010	0.000010	LD_0.9_14_1553
TWN1772	0.000010	0.000010	0.000010	0.000010	0.000010	0.000010	0.000010	0.000010	0.000010	0.999870	0.000010	0.000010	0.000010	0.000010	LD_0.9_14_1553
TWN1824	0.000010	0.000010	0.000010	0.000010	0.000010	0.000010	0.000010	0.000010	0.999870	0.000010	0.000010	0.000010	0.000010	0.000010	LD_0.9_14_1553
TWN1899	0.000010	0.000010	0.000010	0.000010	0.000010	0.000010	0.000010	0.000010	0.999870	0.000010	0.000010	0.000010	0.000010	0.000010	LD_0.9_14_1553
TWN1907	0.000010	0.000010	0.999870	0.000010	0.000010	0.000010	0.000010	0.000010	0.000010	0.000010	0.000010	0.000010	0.000010	0.000010	LD_0.9_14_1553
TWN2919	0.000011	0.000010	0.999866	0.000010	0.000010	0.000010	0.000010	0.000013	0.000010	0.000010	0.000010	0.000010	0.000010	0.000010	LD_0.9_14_1553
TWN3077	0.000010	0.000012	0.000010	0.000010	0.000010	0.000010	0.000010	0.000010	0.000010	0.999867	0.000010	0.000012	0.000010	0.000010	LD_0.9_14_1553
UH1	0.000010	0.000010	0.000010	0.000010	0.000010	0.000010	0.000010	0.000010	0.000010	0.999870	0.000010	0.000010	0.000010	0.000010	LD_0.9_14_1553
VSL2201	0.680556	0.000010	0.000010	0.000011	0.000010	0.319323	0.000010	0.000010	0.000010	0.000010	0.000010	0.000010	0.000010	0.000010	LD_0.9_14_1553
VSL2207	0.000010	0.000010	0.000010	0.000010	0.000010	0.000010	0.000010	0.000010	0.000010	0.000010	0.000010	0.999870	0.000010	0.000010	LD_0.9_14_1553
VSL2209	0.000010	0.000012	0.000010	0.000010	0.000010	0.000010	0.000010	0.000010	0.000010	0.000010	0.000010	0.999868	0.000010	0.000010	LD_0.9_14_1553
VSL2210	0.000010	0.000010	0.000010	0.000010	0.000016	0.999858	0.000010	0.000010	0.000010	0.000016	0.000010	0.000010	0.000010	0.000010	LD_0.9_14_1553
VSL2212	0.000010	0.000010	0.000010	0.000010	0.000010	0.999870	0.000010	0.000010	0.000010	0.000010	0.000010	0.000010	0.000010	0.000010	LD_0.9_14_1553
VSL2213	0.999860	0.000010	0.000010	0.000010	0.000010	0.000020	0.000010	0.000010	0.000010	0.000010	0.000010	0.000010	0.000010	0.000010	LD_0.9_14_1553
VSL2215	0.907039	0.000010	0.000010	0.000014	0.000010	0.092837	0.000010	0.000010	0.000010	0.000010	0.000010	0.000010	0.000010	0.000010	LD_0.9_14_1553
VSL2216	0.999870	0.000010	0.000010	0.000010	0.000010	0.000010	0.000010	0.000010	0.000010	0.000010	0.000010	0.000010	0.000010	0.000010	LD_0.9_14_1553
VSL2217	0.000010	0.000010	0.000010	0.000010	0.000010	0.000010	0.000010	0.000010	0.000010	0.000010	0.999870	0.000010	0.000010	0.000010	LD_0.9_14_1553
VSL2219	0.000010	0.000010	0.000010	0.000010	0.000010	0.960820	0.039060	0.000010	0.000010	0.000010	0.000010	0.000010	0.000010	0.000010	LD_0.9_14_1553
VT847	0.000010	0.000010	0.000010	0.000010	0.000010	0.732704	0.229079	0.000010	0.000010	0.000010	0.000010	0.000010	0.000010	0.038107	LD_0.9_14_1553
VX34	0.000010	0.237749	0.000010	0.574578	0.000010	0.081103	0.000010	0.000010	0.063069	0.043411	0.000010	0.000010	0.000010	0.000010	LD_0.9_14_1553
XZ1204	0.457962	0.000010	0.000010	0.000010	0.000010	0.541918	0.000010	0.000010	0.000010	0.000010	0.000010	0.000010	0.000010	0.000010	LD_0.9_14_1553
XZ1205	0.999870	0.000010	0.000010	0.000010	0.000010	0.000010	0.000010	0.000010	0.000010	0.000010	0.000010	0.000010	0.000010	0.000010	LD_0.9_14_1553
XZ1206	0.999864	0.000010	0.000010	0.000010	0.000010	0.000010	0.000010	0.000010	0.000010	0.000010	0.000016	0.000010	0.000010	0.000010	LD_0.9_14_1553
XZ1207	0.019973	0.000010	0.000010	0.000010	0.000010	0.977998	0.000010	0.000010	0.000010	0.000010	0.000010	0.000010	0.000010	0.001919	LD_0.9_14_1553
XZ1210	0.000010	0.000010	0.000010	0.000010	0.000010	0.999870	0.000010	0.000010	0.000010	0.000010	0.000010	0.000010	0.000010	0.000010	LD_0.9_14_1553
XZ1212	0.000010	0.000010	0.000010	0.000010	0.000010	0.950219	0.010032	0.000010	0.000010	0.000010	0.000010	0.000010	0.000010	0.039640	LD_0.9_14_1553
XZ1213	0.000010	0.000010	0.000010	0.000010	0.000010	0.999870	0.000010	0.000010	0.000010	0.000010	0.000010	0.000010	0.000010	0.000010	LD_0.9_14_1553
XZ1731	0.000010	0.000010	0.000010	0.000010	0.000010	0.999870	0.000010	0.000010	0.000010	0.000010	0.000010	0.000010	0.000010	0.000010	LD_0.9_14_1553
XZ1732	0.000010	0.000010	0.000010	0.000010	0.000010	0.949223	0.000010	0.000010	0.000010	0.000010	0.000010	0.000010	0.000010	0.050657	LD_0.9_14_1553
ZZY0992	0.000010	0.000010	0.000010	0.000010	0.000010	0.000010	0.000010	0.000010	0.000010	0.000010	0.999870	0.000010	0.000010	0.000010	LD_0.9_14_1553
ZZY1034	0.000010	0.000010	0.000012	0.000014	0.000010	0.000010	0.999864	0.000010	0.000010	0.000010	0.000010	0.000010	0.000010	0.000010	LD_0.9_14_1553
ZZY1075	0.000010	0.000010	0.000010	0.000010	0.000010	0.000010	0.999870	0.000010	0.000010	0.000010	0.000010	0.000010	0.000010	0.000010	LD_0.9_14_1553
ZZY1123	0.000010	0.000010	0.000010	0.000010	0.000010	0.000010	0.000010	0.000010	0.000010	0.000010	0.999870	0.000010	0.000010	0.000010	LD_0.9_14_1553
ZZY1130	0.000010	0.000010	0.000010	0.000010	0.000010	0.000010	0.999870	0.000010	0.000010	0.000010	0.000010	0.000010	0.000010	0.000010	LD_0.9_14_1553
ZZY405	0.000010	0.000010	0.000010	0.000010	0.000010	0.000010	0.999870	0.000010	0.000010	0.000010	0.000010	0.000010	0.000010	0.000010	LD_0.9_14_1553
AF16	0.000010	0.000010	0.000010	0.000011	0.000010	0.000010	0.000010	0.000010	0.000010	0.999867	0.000011	0.000010	0.000010	0.000010	LD_0.9_14_1706
BRC20069	0.000010	0.000010	0.000013	0.000011	0.000010	0.000010	0.000011	0.000010	0.000010	0.999865	0.000010	0.000010	0.000010	0.000010	LD_0.9_14_1706
BRC20073	0.000010	0.000010	0.000010	0.000010	0.000010	0.000010	0.000010	0.000010	0.000010	0.999870	0.000010	0.000010	0.000010	0.000010	LD_0.9_14_1706
BRC20075	0.000010	0.000010	0.000010	0.000010	0.000010	0.000010	0.000010	0.000010	0.999870	0.000010	0.000010	0.000010	0.000010	0.000010	LD_0.9_14_1706
BRC20077	0.000010	0.000010	0.000010	0.000010	0.000010	0.000010	0.000010	0.000010	0.000010	0.999870	0.000010	0.000010	0.000010	0.000010	LD_0.9_14_1706
BRC20081	0.000010	0.000010	0.000010	0.000010	0.000010	0.000010	0.000010	0.000010	0.000010	0.000010	0.000010	0.999870	0.000010	0.000010	LD_0.9_14_1706
BRC20085	0.000010	0.000010	0.000010	0.000010	0.000010	0.520497	0.000010	0.000010	0.000010	0.287847	0.000010	0.000010	0.108033	0.083523	LD_0.9_14_1706
BRC20088	0.000010	0.000010	0.000010	0.000010	0.000010	0.000017	0.000010	0.000010	0.000019	0.000010	0.000010	0.999855	0.000010	0.000010	LD_0.9_14_1706
BRC20089	0.000010	0.000010	0.000010	0.000010	0.000010	0.000010	0.000010	0.000010	0.000012	0.999868	0.000010	0.000010	0.000010	0.000010	LD_0.9_14_1706
BRC20090	0.000010	0.000010	0.000010	0.000010	0.000010	0.018050	0.000010	0.000010	0.000010	0.931014	0.000010	0.000010	0.042729	0.008107	LD_0.9_14_1706
BRC20092	0.000010	0.000010	0.000011	0.000010	0.000010	0.667131	0.000010	0.000010	0.000010	0.241328	0.000010	0.000010	0.009487	0.081952	LD_0.9_14_1706
BRC20093	0.000010	0.000010	0.000010	0.000010	0.000010	0.000010	0.000010	0.000010	0.000010	0.999870	0.000010	0.000010	0.000010	0.000010	LD_0.9_14_1706
BRC20094	0.000010	0.000010	0.000012	0.000010	0.000010	0.656603	0.000010	0.000010	0.000010	0.249706	0.000010	0.000010	0.050489	0.043101	LD_0.9_14_1706
BRC20095	0.000010	0.000010	0.000010	0.000010	0.000010	0.000012	0.000010	0.000010	0.000010	0.999868	0.000010	0.000010	0.000010	0.000010	LD_0.9_14_1706
BRC20096	0.000010	0.000010	0.000010	0.000010	0.000010	0.000010	0.000010	0.000010	0.000010	0.999870	0.000010	0.000010	0.000010	0.000010	LD_0.9_14_1706
BRC20098	0.000010	0.000010	0.000010	0.000010	0.000010	0.000010	0.000010	0.000010	0.000010	0.999870	0.000010	0.000010	0.000010	0.000010	LD_0.9_14_1706
BRC20099	0.000010	0.000010	0.000010	0.000010	0.000010	0.000010	0.000010	0.000010	0.000010	0.991423	0.000010	0.000010	0.000010	0.008457	LD_0.9_14_1706
BRC20100	0.000010	0.000010	0.000010	0.000010	0.000010	0.000010	0.000010	0.000010	0.000010	0.999870	0.000010	0.000010	0.000010	0.000010	LD_0.9_14_1706
BRC20102	0.000010	0.000010	0.000010	0.000010	0.000010	0.000010	0.000010	0.000010	0.000010	0.999870	0.000010	0.000010	0.000010	0.000010	LD_0.9_14_1706
BRC20103	0.000010	0.000010	0.000010	0.000010	0.000010	0.000010	0.000010	0.000010	0.000010	0.999870	0.000010	0.000010	0.000010	0.000010	LD_0.9_14_1706
BRC20105	0.000010	0.000010	0.000011	0.000010	0.000010	0.650631	0.000010	0.000010	0.000010	0.177854	0.000010	0.000010	0.111720	0.059693	LD_0.9_14_1706
BRC20107	0.000010	0.000010	0.000011	0.000010	0.000010	0.629954	0.019256	0.000010	0.000010	0.202771	0.000010	0.000010	0.107933	0.039995	LD_0.9_14_1706
BRC20115	0.000010	0.000010	0.000010	0.999865	0.000013	0.000010	0.000010	0.000012	0.000010	0.000010	0.000010	0.000010	0.000010	0.000010	LD_0.9_14_1706
BRC20119	0.000010	0.000010	0.000010	0.000010	0.000010	0.000010	0.000010	0.000010	0.000010	0.277773	0.000010	0.000010	0.722107	0.000010	LD_0.9_14_1706
BRC20228	0.000014	0.000014	0.000015	0.000010	0.000010	0.000010	0.000010	0.000010	0.000010	0.999857	0.000010	0.000010	0.000010	0.000010	LD_0.9_14_1706
BRC20229	0.000010	0.000019	0.000010	0.000010	0.000010	0.000010	0.000010	0.000017	0.999854	0.000010	0.000010	0.000010	0.000010	0.000010	LD_0.9_14_1706
BRC20230	0.000010	0.000010	0.000010	0.000010	0.000010	0.000010	0.000010	0.000010	0.000010	0.000010	0.000010	0.999870	0.000010	0.000010	LD_0.9_14_1706
BRC20232	0.000010	0.000020	0.000010	0.000010	0.000019	0.000010	0.000010	0.000016	0.999845	0.000010	0.000010	0.000010	0.000010	0.000010	LD_0.9_14_1706
BRC20238	0.000010	0.000010	0.000010	0.000010	0.000010	0.000010	0.000012	0.000010	0.000010	0.000010	0.000010	0.999868	0.000010	0.000010	LD_0.9_14_1706
BRC20239	0.000010	0.000010	0.000010	0.000010	0.000010	0.000010	0.000010	0.000010	0.999870	0.000010	0.000010	0.000010	0.000010	0.000010	LD_0.9_14_1706
BRC20241	0.000010	0.000010	0.000010	0.000010	0.000010	0.000010	0.000010	0.000010	0.000010	0.929546	0.000010	0.000010	0.070334	0.000010	LD_0.9_14_1706
BRC20242	0.000010	0.000010	0.000010	0.000010	0.000010	0.000010	0.000010	0.000010	0.000010	0.999870	0.000010	0.000010	0.000010	0.000010	LD_0.9_14_1706
BRC20244	0.000012	0.000010	0.000010	0.000010	0.000010	0.000010	0.000010	0.000010	0.000010	0.000010	0.000010	0.999868	0.000010	0.000010	LD_0.9_14_1706
BRC20246	0.000010	0.000010	0.000010	0.000010	0.000010	0.000010	0.000010	0.000010	0.000010	0.000010	0.000010	0.999870	0.000010	0.000010	LD_0.9_14_1706
BRC20257	0.000010	0.000010	0.000010	0.000010	0.000010	0.000010	0.000010	0.000010	0.000010	0.000010	0.000010	0.000010	0.999870	0.000010	LD_0.9_14_1706
BRC20260	0.000010	0.000010	0.000010	0.000010	0.000010	0.000010	0.000010	0.000010	0.000010	0.999870	0.000010	0.000010	0.000010	0.000010	LD_0.9_14_1706
BRC20270	0.000010	0.000010	0.000010	0.000010	0.000010	0.000010	0.000010	0.000010	0.000010	0.000010	0.000010	0.999870	0.000010	0.000010	LD_0.9_14_1706
BRC20272	0.000010	0.000010	0.000010	0.000010	0.000010	0.000010	0.000010	0.000010	0.000010	0.000015	0.000010	0.999865	0.000010	0.000010	LD_0.9_14_1706
BRC20289	0.000010	0.000010	0.000010	0.000010	0.000010	0.000010	0.000011	0.000010	0.000010	0.000010	0.000010	0.999869	0.000010	0.000010	LD_0.9_14_1706
BRC20290	0.000010	0.000010	0.000010	0.000012	0.000010	0.000010	0.000013	0.000010	0.000010	0.000010	0.000010	0.999865	0.000010	0.000010	LD_0.9_14_1706
BRC20294	0.000010	0.000010	0.000010	0.000010	0.000010	0.000010	0.000010	0.000010	0.000010	0.999853	0.000010	0.000010	0.000027	0.000010	LD_0.9_14_1706
BRC20308	0.000010	0.000010	0.000010	0.000010	0.000010	0.000010	0.000010	0.000011	0.000010	0.000010	0.000010	0.999869	0.000010	0.000010	LD_0.9_14_1706
BRC20309	0.000010	0.000010	0.000010	0.000010	0.000010	0.000010	0.000010	0.000010	0.000010	0.000010	0.000010	0.999870	0.000010	0.000010	LD_0.9_14_1706
BRC20311	0.000012	0.000010	0.000010	0.000010	0.000010	0.000010	0.000010	0.000010	0.000010	0.000010	0.000010	0.999868	0.000010	0.000010	LD_0.9_14_1706
BRC20312	0.000010	0.000010	0.000010	0.000010	0.000010	0.000010	0.000010	0.000010	0.000010	0.000010	0.000010	0.999870	0.000010	0.000010	LD_0.9_14_1706
BRC20315	0.000010	0.000010	0.000010	0.000010	0.000010	0.000010	0.000011	0.000010	0.000010	0.000010	0.000010	0.999869	0.000010	0.000010	LD_0.9_14_1706
BRC20320	0.000010	0.000010	0.000010	0.000010	0.000010	0.000010	0.000010	0.000010	0.000010	0.000010	0.000010	0.999870	0.000010	0.000010	LD_0.9_14_1706
BRC20324	0.000010	0.000010	0.000010	0.000010	0.000010	0.000010	0.009790	0.000010	0.642176	0.347924	0.000010	0.000010	0.000010	0.000010	LD_0.9_14_1706
BRC20331	0.000010	0.000018	0.000018	0.000010	0.000010	0.000010	0.000014	0.000010	0.000012	0.000010	0.000010	0.999848	0.000010	0.000010	LD_0.9_14_1706
BRC20333	0.000010	0.000010	0.000010	0.000010	0.000010	0.000010	0.000010	0.000010	0.000010	0.000010	0.000010	0.999870	0.000010	0.000010	LD_0.9_14_1706
BRC20334	0.000010	0.000010	0.000010	0.000010	0.000010	0.000010	0.000010	0.000010	0.000010	0.000010	0.000010	0.999870	0.000010	0.000010	LD_0.9_14_1706
BRC20339	0.000010	0.000010	0.000010	0.000010	0.000010	0.000010	0.000010	0.000010	0.000010	0.000010	0.000010	0.999870	0.000010	0.000010	LD_0.9_14_1706
BRC20341	0.000010	0.000010	0.000010	0.000010	0.000010	0.000010	0.000010	0.000010	0.000010	0.000010	0.000010	0.999870	0.000010	0.000010	LD_0.9_14_1706
BRC20343	0.000010	0.000010	0.000010	0.000010	0.000010	0.000010	0.000010	0.000010	0.999870	0.000010	0.000010	0.000010	0.000010	0.000010	LD_0.9_14_1706
BRC20346	0.000010	0.000010	0.000010	0.000010	0.000010	0.000012	0.000010	0.000010	0.000010	0.000010	0.000010	0.999868	0.000010	0.000010	LD_0.9_14_1706
BRC20347	0.000010	0.000010	0.000010	0.000010	0.000010	0.000010	0.000010	0.000010	0.999870	0.000010	0.000010	0.000010	0.000010	0.000010	LD_0.9_14_1706
BRC20348	0.000010	0.000010	0.000010	0.000010	0.000010	0.000010	0.000010	0.000010	0.000010	0.000010	0.000010	0.999870	0.000010	0.000010	LD_0.9_14_1706
BRC20353	0.000010	0.000010	0.000010	0.000010	0.000010	0.999870	0.000010	0.000010	0.000010	0.000010	0.000010	0.000010	0.000010	0.000010	LD_0.9_14_1706
BRC20360	0.000010	0.000010	0.000010	0.000010	0.000010	0.999870	0.000010	0.000010	0.000010	0.000010	0.000010	0.000010	0.000010	0.000010	LD_0.9_14_1706
BRC20361	0.000010	0.000010	0.000010	0.000010	0.000010	0.999864	0.000010	0.000010	0.000016	0.000010	0.000010	0.000010	0.000010	0.000010	LD_0.9_14_1706
BRC20362	0.000010	0.000010	0.000010	0.000010	0.000010	0.999870	0.000010	0.000010	0.000010	0.000010	0.000010	0.000010	0.000010	0.000010	LD_0.9_14_1706
BRC20366	0.000010	0.000010	0.000010	0.000010	0.000010	0.000010	0.000010	0.000010	0.000010	0.000010	0.000010	0.999870	0.000010	0.000010	LD_0.9_14_1706
BRC20367	0.000010	0.000010	0.000010	0.000010	0.000010	0.000010	0.000011	0.000010	0.000010	0.000010	0.000010	0.999869	0.000010	0.000010	LD_0.9_14_1706
BRC20369	0.000010	0.000010	0.000010	0.000010	0.000010	0.000010	0.000010	0.000010	0.000010	0.999870	0.000010	0.000010	0.000010	0.000010	LD_0.9_14_1706
BRC20370	0.000010	0.000010	0.000010	0.000010	0.000010	0.000010	0.000010	0.000010	0.000010	0.000010	0.000010	0.999870	0.000010	0.000010	LD_0.9_14_1706
BRC20388	0.000010	0.999865	0.000010	0.000014	0.000010	0.000010	0.000010	0.000010	0.000011	0.000010	0.000010	0.000010	0.000010	0.000010	LD_0.9_14_1706
BRC20390	0.000010	0.000019	0.000010	0.000010	0.000010	0.000010	0.000010	0.000010	0.000010	0.000010	0.000010	0.999861	0.000010	0.000010	LD_0.9_14_1706
BRC20401	0.000013	0.000010	0.000010	0.000010	0.000012	0.000010	0.000010	0.000010	0.000014	0.999860	0.000010	0.000010	0.000010	0.000010	LD_0.9_14_1706
BRC20463	0.000010	0.000010	0.000010	0.000010	0.000010	0.000010	0.000011	0.000010	0.000010	0.000017	0.000010	0.999861	0.000010	0.000010	LD_0.9_14_1706
BRC20492	0.000010	0.000010	0.000010	0.999870	0.000010	0.000010	0.000010	0.000010	0.000010	0.000010	0.000010	0.000010	0.000010	0.000010	LD_0.9_14_1706
BRC20498	0.000010	0.000010	0.000010	0.000010	0.000010	0.000010	0.000010	0.000010	0.000010	0.999870	0.000010	0.000010	0.000010	0.000010	LD_0.9_14_1706
BRC20499	0.000010	0.000010	0.000010	0.000010	0.000010	0.000010	0.000015	0.000010	0.000010	0.000010	0.000010	0.999865	0.000010	0.000010	LD_0.9_14_1706
BRC20501	0.000010	0.000010	0.000010	0.000010	0.000010	0.000010	0.000010	0.000010	0.000010	0.000018	0.000010	0.999862	0.000010	0.000010	LD_0.9_14_1706
BRC20502	0.000010	0.000010	0.999870	0.000010	0.000010	0.000010	0.000010	0.000010	0.000010	0.000010	0.000010	0.000010	0.000010	0.000010	LD_0.9_14_1706
BRC20503	0.000010	0.000010	0.999870	0.000010	0.000010	0.000010	0.000010	0.000010	0.000010	0.000010	0.000010	0.000010	0.000010	0.000010	LD_0.9_14_1706
BRC20519	0.000010	0.000010	0.000010	0.999870	0.000010	0.000010	0.000010	0.000010	0.000010	0.000010	0.000010	0.000010	0.000010	0.000010	LD_0.9_14_1706
BRC20520	0.000010	0.000010	0.000010	0.999870	0.000010	0.000010	0.000010	0.000010	0.000010	0.000010	0.000010	0.000010	0.000010	0.000010	LD_0.9_14_1706
BRC20522	0.000010	0.000010	0.000010	0.000010	0.000010	0.000010	0.000010	0.000010	0.999870	0.000010	0.000010	0.000010	0.000010	0.000010	LD_0.9_14_1706
BRC20524	0.000010	0.000010	0.000010	0.000010	0.000010	0.000010	0.000010	0.000010	0.999870	0.000010	0.000010	0.000010	0.000010	0.000010	LD_0.9_14_1706
BRC20529	0.000010	0.000010	0.000010	0.000010	0.000010	0.000010	0.000010	0.000010	0.000014	0.000010	0.000010	0.999866	0.000010	0.000010	LD_0.9_14_1706
BRC20530	0.000010	0.000010	0.000010	0.000015	0.000010	0.000010	0.000010	0.000010	0.999865	0.000010	0.000010	0.000010	0.000010	0.000010	LD_0.9_14_1706
BRC20531	0.000010	0.000010	0.000010	0.000010	0.000010	0.000010	0.000010	0.000010	0.999870	0.000010	0.000010	0.000010	0.000010	0.000010	LD_0.9_14_1706
BRC20532	0.000010	0.000010	0.000010	0.000015	0.000010	0.000010	0.000010	0.000010	0.000010	0.000010	0.000010	0.999865	0.000010	0.000010	LD_0.9_14_1706
BRC20533	0.000010	0.000010	0.000010	0.000010	0.000010	0.000010	0.000010	0.000010	0.000010	0.000010	0.000010	0.999870	0.000010	0.000010	LD_0.9_14_1706
BRC20534	0.000010	0.000010	0.000010	0.000010	0.000010	0.000010	0.000010	0.000010	0.000010	0.000010	0.000010	0.999870	0.000010	0.000010	LD_0.9_14_1706
BRC20535	0.000010	0.000010	0.000010	0.000010	0.000010	0.000010	0.000010	0.000010	0.000010	0.000010	0.000010	0.999870	0.000010	0.000010	LD_0.9_14_1706
BRC20536	0.000010	0.000010	0.000010	0.000010	0.000010	0.000017	0.000010	0.000010	0.000018	0.000010	0.000010	0.999854	0.000010	0.000010	LD_0.9_14_1706
BRC20537	0.000014	0.000010	0.000010	0.000010	0.000010	0.000010	0.000010	0.000010	0.000010	0.000010	0.000010	0.999866	0.000010	0.000010	LD_0.9_14_1706
BRC20541	0.000010	0.000010	0.000010	0.999861	0.000010	0.000010	0.000010	0.000010	0.000018	0.000011	0.000010	0.000010	0.000010	0.000010	LD_0.9_14_1706
BRC20543	0.000010	0.000010	0.000010	0.000019	0.000010	0.000010	0.000010	0.000010	0.000010	0.000010	0.000010	0.999861	0.000010	0.000010	LD_0.9_14_1706
BRC20544	0.000010	0.000010	0.000010	0.000010	0.000010	0.000010	0.000010	0.000010	0.000010	0.000010	0.000010	0.999870	0.000010	0.000010	LD_0.9_14_1706
BRC20545	0.000010	0.000010	0.000010	0.000010	0.000010	0.000010	0.000010	0.000010	0.000010	0.000010	0.000010	0.999870	0.000010	0.000010	LD_0.9_14_1706
BRC20556	0.000010	0.000010	0.000010	0.000010	0.000010	0.000010	0.000010	0.000010	0.000010	0.999870	0.000010	0.000010	0.000010	0.000010	LD_0.9_14_1706
BRC20557	0.000013	0.000010	0.000010	0.000019	0.000010	0.000012	0.000010	0.000014	0.000011	0.000010	0.000010	0.999852	0.000010	0.000010	LD_0.9_14_1706
BRC20565	0.000010	0.000010	0.000010	0.000010	0.000010	0.000010	0.000010	0.000010	0.000010	0.999870	0.000010	0.000010	0.000010	0.000010	LD_0.9_14_1706
BRC20571	0.000010	0.000010	0.000010	0.000010	0.000010	0.033725	0.000010	0.000010	0.000010	0.931697	0.000010	0.000010	0.034468	0.000010	LD_0.9_14_1706
BRC20574	0.000010	0.000010	0.000010	0.000011	0.000010	0.000010	0.000010	0.000010	0.000010	0.999869	0.000010	0.000010	0.000010	0.000010	LD_0.9_14_1706
BW287	0.000010	0.999870	0.000010	0.000010	0.000010	0.000010	0.000010	0.000010	0.000010	0.000010	0.000010	0.000010	0.000010	0.000010	LD_0.9_14_1706
DF5100	0.000010	0.000010	0.000010	0.000010	0.000010	0.000010	0.122589	0.000010	0.000010	0.877291	0.000010	0.000010	0.000010	0.000010	LD_0.9_14_1706
ECA1129	0.000010	0.000010	0.000010	0.000010	0.000010	0.000010	0.000010	0.000010	0.000010	0.999870	0.000010	0.000010	0.000010	0.000010	LD_0.9_14_1706
ECA1143	0.000010	0.000010	0.000010	0.000010	0.000010	0.000016	0.330275	0.000010	0.000010	0.669599	0.000010	0.000010	0.000010	0.000010	LD_0.9_14_1706
ECA1147	0.000010	0.000010	0.000010	0.000011	0.000010	0.000016	0.000010	0.000010	0.000010	0.999863	0.000010	0.000010	0.000010	0.000010	LD_0.9_14_1706
ECA1149	0.000010	0.000010	0.000010	0.000010	0.000010	0.000010	0.000010	0.000010	0.000010	0.957099	0.000010	0.042781	0.000010	0.000010	LD_0.9_14_1706
ECA1160	0.000010	0.000010	0.000010	0.000010	0.000010	0.000010	0.018427	0.000010	0.000010	0.981452	0.000010	0.000010	0.000010	0.000010	LD_0.9_14_1706
ECA1164	0.000010	0.000010	0.000010	0.000010	0.000010	0.000016	0.000010	0.000010	0.000010	0.999864	0.000010	0.000010	0.000010	0.000010	LD_0.9_14_1706
ECA1170	0.000010	0.000010	0.000010	0.000010	0.000010	0.000010	0.000010	0.000010	0.000010	0.000010	0.000010	0.999870	0.000010	0.000010	LD_0.9_14_1706
ECA1174	0.000010	0.000010	0.000010	0.000010	0.000010	0.000010	0.000010	0.000010	0.000010	0.999870	0.000010	0.000010	0.000010	0.000010	LD_0.9_14_1706
ECA1383	0.000010	0.000010	0.000010	0.000010	0.000010	0.000010	0.000010	0.000010	0.000010	0.000010	0.000010	0.999870	0.000010	0.000010	LD_0.9_14_1706
ECA1411	0.000010	0.000010	0.000010	0.000010	0.000010	0.000010	0.000010	0.000010	0.000010	0.999870	0.000010	0.000010	0.000010	0.000010	LD_0.9_14_1706
ECA1423	0.000010	0.000010	0.000010	0.000010	0.000010	0.000010	0.042025	0.000010	0.000010	0.957855	0.000010	0.000010	0.000010	0.000010	LD_0.9_14_1706
ECA1429	0.000010	0.000010	0.000013	0.000010	0.000010	0.000010	0.000010	0.000010	0.000010	0.999867	0.000010	0.000010	0.000010	0.000010	LD_0.9_14_1706
ECA1431	0.000010	0.000010	0.000010	0.000010	0.000010	0.000010	0.000010	0.000010	0.000010	0.999870	0.000010	0.000010	0.000010	0.000010	LD_0.9_14_1706
ECA1437	0.000010	0.000010	0.000010	0.000010	0.000010	0.000010	0.000010	0.000010	0.000010	0.999870	0.000010	0.000010	0.000010	0.000010	LD_0.9_14_1706
ECA1439	0.000010	0.000010	0.000010	0.000010	0.000010	0.000010	0.155339	0.000010	0.000010	0.844541	0.000010	0.000010	0.000010	0.000010	LD_0.9_14_1706
ECA1443	0.000010	0.000010	0.000010	0.000010	0.000010	0.000010	0.000010	0.000010	0.000010	0.059284	0.000010	0.940596	0.000010	0.000010	LD_0.9_14_1706
ECA1471	0.000010	0.000010	0.000010	0.000010	0.000010	0.000010	0.000010	0.000010	0.000010	0.999870	0.000010	0.000010	0.000010	0.000010	LD_0.9_14_1706
ECA1489	0.000010	0.000010	0.000010	0.000010	0.000010	0.000010	0.386974	0.000010	0.000010	0.588310	0.024606	0.000010	0.000010	0.000010	LD_0.9_14_1706
ECA1507	0.000010	0.000010	0.000010	0.000010	0.000010	0.000010	0.000010	0.000010	0.000010	0.999870	0.000010	0.000010	0.000010	0.000010	LD_0.9_14_1706
ECA1509	0.000010	0.000010	0.000010	0.000010	0.000010	0.000010	0.000010	0.000010	0.000010	0.999870	0.000010	0.000010	0.000010	0.000010	LD_0.9_14_1706
ECA1517	0.000010	0.000010	0.000010	0.000010	0.000010	0.000010	0.060075	0.000010	0.000010	0.936882	0.000010	0.000010	0.000010	0.002933	LD_0.9_14_1706
ECA1521	0.000010	0.000010	0.000010	0.000010	0.000010	0.000010	0.000010	0.000010	0.000010	0.999870	0.000010	0.000010	0.000010	0.000010	LD_0.9_14_1706
ECA1555	0.000010	0.000010	0.000010	0.000010	0.000010	0.000010	0.000010	0.000010	0.000010	0.999870	0.000010	0.000010	0.000010	0.000010	LD_0.9_14_1706
ECA1559	0.000010	0.000010	0.000010	0.000010	0.000010	0.000019	0.000010	0.000010	0.000010	0.000010	0.000010	0.999861	0.000010	0.000010	LD_0.9_14_1706
ECA1563	0.000010	0.000010	0.000010	0.000010	0.000010	0.000010	0.000010	0.000010	0.000010	0.999870	0.000010	0.000010	0.000010	0.000010	LD_0.9_14_1706
ECA1571	0.000010	0.000010	0.000010	0.000010	0.000010	0.000010	0.404548	0.000010	0.000010	0.595332	0.000010	0.000010	0.000010	0.000010	LD_0.9_14_1706
ECA1587	0.000010	0.000010	0.000010	0.000010	0.000010	0.000010	0.000010	0.000010	0.000010	0.999870	0.000010	0.000010	0.000010	0.000010	LD_0.9_14_1706
ECA1605	0.000010	0.000010	0.000010	0.000010	0.000010	0.000010	0.111798	0.000010	0.000010	0.000010	0.006365	0.881726	0.000010	0.000010	LD_0.9_14_1706
ECA1609	0.000010	0.000010	0.000010	0.000010	0.000010	0.000010	0.000010	0.000010	0.000010	0.999870	0.000010	0.000010	0.000010	0.000010	LD_0.9_14_1706
ECA161	0.000010	0.000010	0.000010	0.000010	0.000010	0.000010	0.000010	0.000010	0.000010	0.999870	0.000010	0.000010	0.000010	0.000010	LD_0.9_14_1706
ECA1611	0.000010	0.000010	0.000010	0.000010	0.000010	0.000010	0.000010	0.000010	0.000010	0.999870	0.000010	0.000010	0.000010	0.000010	LD_0.9_14_1706
ECA1615	0.000010	0.000010	0.000010	0.000010	0.000010	0.000010	0.000010	0.000010	0.000010	0.999870	0.000010	0.000010	0.000010	0.000010	LD_0.9_14_1706
ECA162	0.000014	0.000010	0.000010	0.000010	0.000010	0.000010	0.000010	0.000010	0.000010	0.999866	0.000010	0.000010	0.000010	0.000010	LD_0.9_14_1706
ECA1621	0.000010	0.000010	0.000010	0.000010	0.000010	0.000010	0.000010	0.000010	0.000010	0.999870	0.000010	0.000010	0.000010	0.000010	LD_0.9_14_1706
ECA163	0.000010	0.000010	0.000010	0.999868	0.000010	0.000012	0.000010	0.000010	0.000010	0.000010	0.000010	0.000010	0.000010	0.000010	LD_0.9_14_1706
ECA1637	0.000011	0.000010	0.000010	0.000010	0.000010	0.000010	0.000010	0.000010	0.000010	0.999869	0.000010	0.000010	0.000010	0.000010	LD_0.9_14_1706
ECA1657	0.000010	0.000010	0.000010	0.000010	0.000010	0.000010	0.000010	0.000010	0.000010	0.992565	0.000010	0.000010	0.007315	0.000010	LD_0.9_14_1706
ECA1701	0.000010	0.000010	0.000010	0.000010	0.000010	0.014408	0.000010	0.000010	0.000010	0.979613	0.002045	0.000010	0.000010	0.003835	LD_0.9_14_1706
ECA175	0.000010	0.000010	0.000010	0.000010	0.000010	0.000010	0.000010	0.000010	0.000010	0.999870	0.000010	0.000010	0.000010	0.000010	LD_0.9_14_1706
ECA176	0.000010	0.000010	0.000010	0.000010	0.000010	0.000010	0.000010	0.000010	0.000010	0.983030	0.000010	0.000010	0.000010	0.016850	LD_0.9_14_1706
ECA177	0.000010	0.000010	0.000010	0.000010	0.000010	0.000010	0.000010	0.000010	0.000010	0.999870	0.000010	0.000010	0.000010	0.000010	LD_0.9_14_1706
ECA180	0.000010	0.000010	0.000010	0.000010	0.000010	0.000011	0.000010	0.000010	0.000010	0.999869	0.000010	0.000010	0.000010	0.000010	LD_0.9_14_1706
ECA182	0.000010	0.000010	0.000010	0.000010	0.000010	0.000010	0.000010	0.000010	0.000010	0.999870	0.000010	0.000010	0.000010	0.000010	LD_0.9_14_1706
ECA183	0.000010	0.000010	0.000010	0.000010	0.000010	0.000010	0.000010	0.000010	0.000010	0.999870	0.000010	0.000010	0.000010	0.000010	LD_0.9_14_1706
ECA185	0.000010	0.000010	0.000010	0.000010	0.000010	0.000010	0.062664	0.000010	0.000010	0.937216	0.000010	0.000010	0.000010	0.000010	LD_0.9_14_1706
ECA186	0.000010	0.000010	0.000010	0.000010	0.000010	0.000010	0.063597	0.000010	0.000010	0.936283	0.000010	0.000010	0.000010	0.000010	LD_0.9_14_1706
ECA2083	0.000010	0.000010	0.000010	0.000010	0.000010	0.000010	0.000010	0.000010	0.000010	0.999870	0.000010	0.000010	0.000010	0.000010	LD_0.9_14_1706
ECA2093	0.000010	0.000010	0.000010	0.000010	0.000010	0.000010	0.000010	0.000010	0.000010	0.999870	0.000010	0.000010	0.000010	0.000010	LD_0.9_14_1706
ECA2115	0.000012	0.000010	0.000010	0.000010	0.000010	0.000010	0.000010	0.000010	0.000010	0.999868	0.000010	0.000010	0.000010	0.000010	LD_0.9_14_1706
ECA2299	0.000010	0.000010	0.000017	0.000010	0.000011	0.000010	0.000010	0.000010	0.000010	0.000010	0.000010	0.999862	0.000010	0.000010	LD_0.9_14_1706
ECA2373	0.000010	0.000010	0.000010	0.000010	0.000010	0.000458	0.000010	0.000010	0.000010	0.953244	0.000010	0.000010	0.000010	0.046188	LD_0.9_14_1706
ECA2385	0.000010	0.000010	0.000010	0.000010	0.000010	0.000010	0.000010	0.000010	0.000010	0.000010	0.000010	0.999870	0.000010	0.000010	LD_0.9_14_1706
ECA2425	0.000010	0.000010	0.000010	0.000010	0.000010	0.000010	0.000010	0.000010	0.000010	0.999870	0.000010	0.000010	0.000010	0.000010	LD_0.9_14_1706
ECA2617	0.999859	0.000012	0.000010	0.000010	0.000010	0.000010	0.000010	0.000011	0.000013	0.000010	0.000012	0.000013	0.000010	0.000010	LD_0.9_14_1706
ECA2618	0.999870	0.000010	0.000010	0.000010	0.000010	0.000010	0.000010	0.000010	0.000010	0.000010	0.000010	0.000010	0.000010	0.000010	LD_0.9_14_1706
ECA2621	0.999863	0.000010	0.000010	0.000010	0.000017	0.000010	0.000010	0.000010	0.000010	0.000010	0.000010	0.000010	0.000010	0.000010	LD_0.9_14_1706
ECA2623	0.000010	0.000010	0.000010	0.000010	0.000010	0.000010	0.794819	0.000010	0.000010	0.205061	0.000010	0.000010	0.000010	0.000010	LD_0.9_14_1706
ECA2625	0.000010	0.000010	0.000010	0.000010	0.000010	0.000010	0.000010	0.000010	0.000010	0.999870	0.000010	0.000010	0.000010	0.000010	LD_0.9_14_1706
ECA2626	0.000010	0.000010	0.000010	0.000010	0.000010	0.000010	0.000010	0.000010	0.000010	0.999870	0.000010	0.000010	0.000010	0.000010	LD_0.9_14_1706
ECA2636	0.000012	0.000010	0.000010	0.000010	0.000013	0.000010	0.000010	0.000010	0.000010	0.999865	0.000010	0.000010	0.000010	0.000010	LD_0.9_14_1706
ECA2637	0.000010	0.000010	0.000010	0.000010	0.000010	0.000010	0.000010	0.000010	0.000010	0.999870	0.000010	0.000010	0.000010	0.000010	LD_0.9_14_1706
ECA2639	0.999866	0.000010	0.000010	0.000010	0.000010	0.000010	0.000010	0.000010	0.000014	0.000010	0.000010	0.000010	0.000010	0.000010	LD_0.9_14_1706
ECA2645	0.000010	0.000010	0.000010	0.000010	0.000010	0.000010	0.000010	0.000010	0.000010	0.999870	0.000010	0.000010	0.000010	0.000010	LD_0.9_14_1706
ECA2647	0.000010	0.000010	0.000010	0.000010	0.999870	0.000010	0.000010	0.000010	0.000010	0.000010	0.000010	0.000010	0.000010	0.000010	LD_0.9_14_1706
ECA2663	0.000010	0.000010	0.000010	0.000010	0.000010	0.000010	0.000010	0.000010	0.000010	0.999870	0.000010	0.000010	0.000010	0.000010	LD_0.9_14_1706
ECA2664	0.000010	0.000010	0.000010	0.000010	0.000010	0.000010	0.820133	0.000010	0.000010	0.179747	0.000010	0.000010	0.000010	0.000010	LD_0.9_14_1706
ECA2666	0.000010	0.000010	0.000010	0.000010	0.999865	0.000015	0.000010	0.000010	0.000010	0.000010	0.000010	0.000010	0.000010	0.000010	LD_0.9_14_1706
ECA2667	0.000010	0.000010	0.000010	0.000011	0.000010	0.000010	0.000010	0.000010	0.000010	0.999869	0.000010	0.000011	0.000010	0.000010	LD_0.9_14_1706
ECA2670	0.999867	0.000010	0.000010	0.000010	0.000010	0.000010	0.000010	0.000010	0.000013	0.000010	0.000010	0.000010	0.000010	0.000010	LD_0.9_14_1706
ECA276	0.000010	0.000010	0.000010	0.999870	0.000010	0.000010	0.000010	0.000010	0.000010	0.000010	0.000010	0.000010	0.000010	0.000010	LD_0.9_14_1706
ECA278	0.000010	0.999870	0.000010	0.000010	0.000010	0.000010	0.000010	0.000010	0.000010	0.000010	0.000010	0.000010	0.000010	0.000010	LD_0.9_14_1706
ECA2808	0.000010	0.000010	0.000010	0.000010	0.000010	0.000010	0.045908	0.000010	0.000010	0.953972	0.000010	0.000010	0.000010	0.000010	LD_0.9_14_1706
ECA287	0.000010	0.000010	0.000010	0.000010	0.000010	0.000010	0.000010	0.000010	0.000010	0.011546	0.000010	0.988334	0.000010	0.000010	LD_0.9_14_1706
ECA288	0.000010	0.000010	0.000010	0.000010	0.000010	0.000019	0.522469	0.000010	0.000010	0.374939	0.000010	0.102472	0.000011	0.000010	LD_0.9_14_1706
ECA2883	0.000010	0.000010	0.000010	0.000010	0.000010	0.000010	0.000010	0.000010	0.000010	0.999870	0.000010	0.000010	0.000010	0.000010	LD_0.9_14_1706
ECA2890	0.000010	0.000010	0.000010	0.000010	0.000010	0.000010	0.000010	0.000010	0.000010	0.999870	0.000010	0.000010	0.000010	0.000010	LD_0.9_14_1706
ECA2894	0.000010	0.000010	0.000010	0.000010	0.000010	0.000010	0.097630	0.000010	0.000010	0.902250	0.000010	0.000010	0.000010	0.000010	LD_0.9_14_1706
ECA2975	0.000010	0.000010	0.000010	0.000010	0.000010	0.000010	0.000010	0.000010	0.000010	0.999870	0.000010	0.000010	0.000010	0.000010	LD_0.9_14_1706
ECA3091	0.000010	0.000010	0.000010	0.000010	0.000010	0.000010	0.000010	0.000010	0.000010	0.999870	0.000010	0.000010	0.000010	0.000010	LD_0.9_14_1706
ECA343	0.000010	0.000010	0.000010	0.000010	0.000010	0.000010	0.000010	0.000010	0.000010	0.999870	0.000010	0.000010	0.000010	0.000010	LD_0.9_14_1706
ECA346	0.000010	0.000010	0.000010	0.000010	0.000010	0.000010	0.085126	0.000010	0.000010	0.914754	0.000010	0.000010	0.000010	0.000010	LD_0.9_14_1706
ECA3502	0.000010	0.000010	0.000010	0.000011	0.000010	0.000010	0.000010	0.000010	0.000010	0.000010	0.000010	0.999869	0.000010	0.000010	LD_0.9_14_1706
ECA3503	0.000010	0.000010	0.000010	0.000010	0.000010	0.000010	0.000010	0.000010	0.000010	0.999870	0.000010	0.000010	0.000010	0.000010	LD_0.9_14_1706
ECA3509	0.000010	0.000010	0.000010	0.000010	0.000010	0.000010	0.000010	0.000010	0.000010	0.999870	0.000010	0.000010	0.000010	0.000010	LD_0.9_14_1706
ECA3708	0.000010	0.000010	0.000010	0.000010	0.000010	0.000010	0.000016	0.000010	0.000010	0.999858	0.000016	0.000010	0.000010	0.000010	LD_0.9_14_1706
ECA371	0.000010	0.000010	0.000010	0.000010	0.000010	0.000010	0.000010	0.000010	0.000010	0.981780	0.000010	0.000010	0.000010	0.018100	LD_0.9_14_1706
ECA3712	0.000010	0.000010	0.000010	0.000010	0.000010	0.000010	0.000010	0.000010	0.000010	0.999870	0.000010	0.000010	0.000010	0.000010	LD_0.9_14_1706
ECA3713	0.000010	0.000010	0.000010	0.000010	0.000010	0.000010	0.000010	0.000010	0.000010	0.999870	0.000010	0.000010	0.000010	0.000010	LD_0.9_14_1706
ECA3899	0.000010	0.000010	0.000010	0.000010	0.000010	0.000010	0.000010	0.000010	0.000010	0.999870	0.000010	0.000010	0.000010	0.000010	LD_0.9_14_1706
ECA569	0.000010	0.999870	0.000010	0.000010	0.000010	0.000010	0.000010	0.000010	0.000010	0.000010	0.000010	0.000010	0.000010	0.000010	LD_0.9_14_1706
ED3032	0.000010	0.000010	0.000010	0.000010	0.000010	0.000010	0.000010	0.000010	0.000010	0.999870	0.000010	0.000010	0.000010	0.000010	LD_0.9_14_1706
ED3037	0.000010	0.000010	0.000010	0.000010	0.000010	0.000010	0.000010	0.000010	0.000010	0.999870	0.000010	0.000010	0.000010	0.000010	LD_0.9_14_1706
ED3088	0.000010	0.000010	0.000010	0.000010	0.000010	0.000010	0.000010	0.000010	0.000010	0.999870	0.000010	0.000010	0.000010	0.000010	LD_0.9_14_1706
ED3102	0.000010	0.000010	0.000010	0.999865	0.000010	0.000010	0.000010	0.000015	0.000010	0.000010	0.000010	0.000010	0.000010	0.000010	LD_0.9_14_1706
EG4360	0.000010	0.999860	0.000010	0.000010	0.000010	0.000020	0.000010	0.000010	0.000010	0.000010	0.000010	0.000010	0.000010	0.000010	LD_0.9_14_1706
EG5612	0.000010	0.000010	0.000010	0.000010	0.000010	0.999870	0.000010	0.000010	0.000010	0.000010	0.000010	0.000010	0.000010	0.000010	LD_0.9_14_1706
EG5613	0.000010	0.000010	0.000010	0.000010	0.000010	0.028407	0.410503	0.000010	0.000010	0.524884	0.000010	0.000010	0.036105	0.000010	LD_0.9_14_1706
EG6179	0.000010	0.000010	0.000010	0.000010	0.000010	0.038792	0.307987	0.000010	0.000010	0.653103	0.000010	0.000010	0.000018	0.000010	LD_0.9_14_1706
EG6260	0.000010	0.000010	0.000010	0.000010	0.000010	0.000010	0.857156	0.000010	0.000010	0.142724	0.000010	0.000010	0.000010	0.000010	LD_0.9_14_1706
EG6261	0.000010	0.000010	0.000010	0.000010	0.000010	0.000010	0.392244	0.000010	0.000010	0.607636	0.000010	0.000010	0.000010	0.000010	LD_0.9_14_1706
EG6265	0.000010	0.000010	0.000010	0.000010	0.000010	0.000010	0.000010	0.000010	0.000010	0.000010	0.015005	0.984875	0.000010	0.000010	LD_0.9_14_1706
EG6267	0.000010	0.000010	0.000010	0.000010	0.000010	0.000010	0.356638	0.000010	0.000010	0.643242	0.000010	0.000010	0.000010	0.000010	LD_0.9_14_1706
EG6268	0.000010	0.000010	0.000010	0.000010	0.000010	0.000010	0.000010	0.000010	0.000010	0.000010	0.000010	0.999870	0.000010	0.000010	LD_0.9_14_1706
EG6271	0.000010	0.000010	0.000010	0.000010	0.000010	0.000010	0.893221	0.000010	0.000010	0.106659	0.000010	0.000010	0.000010	0.000010	LD_0.9_14_1706
EG6272	0.000010	0.000010	0.000010	0.000010	0.000010	0.000010	0.549963	0.000010	0.000010	0.449917	0.000010	0.000010	0.000010	0.000010	LD_0.9_14_1706
EG6274	0.000010	0.000010	0.000010	0.000010	0.000010	0.000010	0.128135	0.000010	0.000010	0.871745	0.000010	0.000010	0.000010	0.000010	LD_0.9_14_1706
EG6275	0.000010	0.000010	0.000010	0.000010	0.000010	0.000010	0.117832	0.000010	0.000010	0.882048	0.000010	0.000010	0.000010	0.000010	LD_0.9_14_1706
EG6276	0.000010	0.000010	0.000010	0.000010	0.000010	0.000010	0.041196	0.000010	0.000010	0.958684	0.000010	0.000010	0.000010	0.000010	LD_0.9_14_1706
EG6329	0.000010	0.000010	0.000010	0.000010	0.000010	0.000010	0.956502	0.000010	0.000010	0.043378	0.000010	0.000010	0.000010	0.000010	LD_0.9_14_1706
GUN124	0.000010	0.999870	0.000010	0.000010	0.000010	0.000010	0.000010	0.000010	0.000010	0.000010	0.000010	0.000010	0.000010	0.000010	LD_0.9_14_1706
GXW22	0.000010	0.000010	0.000010	0.000010	0.000010	0.000010	0.000010	0.000010	0.000010	0.999870	0.000010	0.000010	0.000010	0.000010	LD_0.9_14_1706
GXW23	0.000010	0.000010	0.000010	0.000010	0.000010	0.812908	0.000010	0.000010	0.000010	0.186972	0.000010	0.000010	0.000010	0.000010	LD_0.9_14_1706
HK104	0.000010	0.999870	0.000010	0.000010	0.000010	0.000010	0.000010	0.000010	0.000010	0.000010	0.000010	0.000010	0.000010	0.000010	LD_0.9_14_1706
HPT11	0.000010	0.000010	0.999861	0.000017	0.000010	0.000010	0.000010	0.000010	0.000010	0.000010	0.000010	0.000012	0.000010	0.000010	LD_0.9_14_1706
HPT16	0.000010	0.000010	0.000010	0.000010	0.000010	0.335090	0.139343	0.000010	0.000010	0.525457	0.000010	0.000010	0.000010	0.000010	LD_0.9_14_1706
HPT18	0.000010	0.000010	0.999870	0.000010	0.000010	0.000010	0.000010	0.000010	0.000010	0.000010	0.000010	0.000010	0.000010	0.000010	LD_0.9_14_1706
HPT19	0.000010	0.000010	0.000010	0.000010	0.000010	0.345229	0.094009	0.000010	0.000010	0.560652	0.000010	0.000010	0.000010	0.000010	LD_0.9_14_1706
HPT2	0.000010	0.000010	0.000010	0.000010	0.000010	0.403859	0.121685	0.000010	0.000010	0.474346	0.000010	0.000010	0.000010	0.000010	LD_0.9_14_1706
HPT21	0.000010	0.000010	0.000010	0.000010	0.000010	0.000010	0.009815	0.000010	0.000010	0.990065	0.000010	0.000010	0.000010	0.000010	LD_0.9_14_1706
HPT24	0.000010	0.000010	0.999850	0.000018	0.000010	0.000010	0.000012	0.000016	0.000010	0.000010	0.000010	0.000014	0.000010	0.000010	LD_0.9_14_1706
HPT34	0.000010	0.000010	0.000010	0.000010	0.000010	0.363954	0.130874	0.000010	0.000010	0.505062	0.000010	0.000010	0.000010	0.000010	LD_0.9_14_1706
HPT37	0.000010	0.000010	0.000010	0.000010	0.000010	0.318445	0.067315	0.000010	0.000010	0.579918	0.024354	0.000010	0.000010	0.009879	LD_0.9_14_1706
HPT4	0.000010	0.000010	0.000010	0.000010	0.000010	0.367745	0.141786	0.000010	0.000010	0.490359	0.000010	0.000010	0.000010	0.000010	LD_0.9_14_1706
HPT42	0.000010	0.000010	0.000010	0.000010	0.000010	0.315952	0.104805	0.000010	0.000010	0.579134	0.000010	0.000010	0.000010	0.000010	LD_0.9_14_1706
HPT52	0.000010	0.000010	0.000010	0.000010	0.000010	0.000010	0.000010	0.000010	0.000010	0.564178	0.000010	0.000010	0.435702	0.000010	LD_0.9_14_1706
HPT53	0.000010	0.000010	0.000010	0.000010	0.000010	0.000010	0.000010	0.000010	0.000010	0.999870	0.000010	0.000010	0.000010	0.000010	LD_0.9_14_1706
HPT54	0.000010	0.000010	0.000010	0.000010	0.000010	0.000010	0.000010	0.000010	0.000010	0.999870	0.000010	0.000010	0.000010	0.000010	LD_0.9_14_1706
HPT55	0.000010	0.000010	0.000010	0.000010	0.000010	0.000010	0.000010	0.000010	0.000010	0.999870	0.000010	0.000010	0.000010	0.000010	LD_0.9_14_1706
HPT59	0.000010	0.000010	0.000010	0.000010	0.000010	0.000010	0.000010	0.000010	0.000010	0.999870	0.000010	0.000010	0.000010	0.000010	LD_0.9_14_1706
HPT60	0.000010	0.000010	0.000010	0.000010	0.000010	0.000011	0.000010	0.000010	0.000010	0.999869	0.000010	0.000010	0.000010	0.000010	LD_0.9_14_1706
HPT62	0.000010	0.000010	0.000010	0.000010	0.000010	0.000010	0.000010	0.000010	0.000010	0.000010	0.000010	0.000010	0.999870	0.000010	LD_0.9_14_1706
HPT63	0.000010	0.000010	0.000010	0.000010	0.000010	0.023503	0.000011	0.000010	0.000010	0.976376	0.000010	0.000010	0.000010	0.000010	LD_0.9_14_1706
HPT7	0.000010	0.000010	0.000010	0.000010	0.000010	0.360637	0.168077	0.000010	0.000010	0.471177	0.000010	0.000010	0.000010	0.000010	LD_0.9_14_1706
HPT8	0.000010	0.000010	0.000010	0.000010	0.000010	0.364185	0.129393	0.000010	0.000010	0.506312	0.000010	0.000010	0.000010	0.000010	LD_0.9_14_1706
HPT9	0.000010	0.000010	0.000010	0.000010	0.000010	0.888866	0.000010	0.000010	0.000010	0.111010	0.000010	0.000010	0.000014	0.000010	LD_0.9_14_1706
JU1257	0.000010	0.999870	0.000010	0.000010	0.000010	0.000010	0.000010	0.000010	0.000010	0.000010	0.000010	0.000010	0.000010	0.000010	LD_0.9_14_1706
JU1337	0.000010	0.000010	0.000010	0.000010	0.000010	0.000010	0.033308	0.000010	0.000010	0.920622	0.000010	0.000010	0.045960	0.000010	LD_0.9_14_1706
JU1338	0.000010	0.000010	0.000010	0.000010	0.000010	0.999864	0.000010	0.000010	0.000010	0.000010	0.000010	0.000010	0.000016	0.000010	LD_0.9_14_1706
JU1341	0.000010	0.000010	0.000010	0.000010	0.000010	0.000010	0.000010	0.999865	0.000010	0.000015	0.000010	0.000010	0.000010	0.000010	LD_0.9_14_1706
JU1344	0.000010	0.000010	0.000010	0.000010	0.000010	0.364179	0.000010	0.000010	0.000010	0.635701	0.000010	0.000010	0.000010	0.000010	LD_0.9_14_1706
JU1346	0.000010	0.000010	0.000010	0.000010	0.000010	0.999870	0.000010	0.000010	0.000010	0.000010	0.000010	0.000010	0.000010	0.000010	LD_0.9_14_1706
JU1347	0.000010	0.000010	0.000010	0.000010	0.000010	0.178982	0.000010	0.000010	0.000010	0.820898	0.000010	0.000010	0.000010	0.000010	LD_0.9_14_1706
JU1348	0.000010	0.000010	0.000010	0.000010	0.000010	0.000010	0.000010	0.999870	0.000010	0.000010	0.000010	0.000010	0.000010	0.000010	LD_0.9_14_1706
JU1375	0.000010	0.000010	0.000010	0.000010	0.000010	0.000010	0.000010	0.000010	0.000010	0.999870	0.000010	0.000010	0.000010	0.000010	LD_0.9_14_1706
JU1377	0.000010	0.000010	0.000010	0.000010	0.000010	0.000010	0.000010	0.000010	0.000010	0.999870	0.000010	0.000010	0.000010	0.000010	LD_0.9_14_1706
JU1378	0.000010	0.000010	0.000010	0.000010	0.000010	0.000010	0.059614	0.000010	0.000010	0.940266	0.000010	0.000010	0.000010	0.000010	LD_0.9_14_1706
JU1392	0.000010	0.000010	0.000010	0.000010	0.000010	0.000010	0.087715	0.000010	0.000010	0.912165	0.000010	0.000010	0.000010	0.000010	LD_0.9_14_1706
JU1399	0.000010	0.000010	0.000010	0.000010	0.000010	0.000010	0.386115	0.000010	0.000010	0.310010	0.000010	0.000010	0.000010	0.303765	LD_0.9_14_1706
JU1424	0.000010	0.000010	0.000010	0.000010	0.000010	0.999870	0.000010	0.000010	0.000010	0.000010	0.000010	0.000010	0.000010	0.000010	LD_0.9_14_1706
JU1435	0.000010	0.000010	0.000010	0.000010	0.000010	0.000010	0.029944	0.000010	0.000010	0.969936	0.000010	0.000010	0.000010	0.000010	LD_0.9_14_1706
JU1564	0.000010	0.999870	0.000010	0.000010	0.000010	0.000010	0.000010	0.000010	0.000010	0.000010	0.000010	0.000010	0.000010	0.000010	LD_0.9_14_1706
JU1637	0.000010	0.000010	0.000010	0.000010	0.000010	0.000010	0.333040	0.000010	0.000010	0.666840	0.000010	0.000010	0.000010	0.000010	LD_0.9_14_1706
JU1638	0.000010	0.000010	0.000010	0.000010	0.000010	0.000010	0.393968	0.000010	0.000010	0.605912	0.000010	0.000010	0.000010	0.000010	LD_0.9_14_1706
JU1794	0.000010	0.000010	0.000010	0.000010	0.000010	0.056914	0.335774	0.000010	0.000010	0.595653	0.000010	0.000010	0.011559	0.000010	LD_0.9_14_1706
JU1795	0.000010	0.000010	0.000010	0.000010	0.000010	0.000010	0.145655	0.000010	0.000010	0.854225	0.000010	0.000010	0.000010	0.000010	LD_0.9_14_1706
JU1799	0.000010	0.000010	0.000010	0.000010	0.000010	0.000010	0.000010	0.000010	0.000010	0.999870	0.000010	0.000010	0.000010	0.000010	LD_0.9_14_1706
JU1802	0.000010	0.000010	0.000010	0.000010	0.000010	0.000010	0.048295	0.000010	0.000010	0.951585	0.000010	0.000010	0.000010	0.000010	LD_0.9_14_1706
JU1814	0.000010	0.000010	0.000010	0.000010	0.000010	0.000010	0.820823	0.000010	0.000010	0.179057	0.000010	0.000010	0.000010	0.000010	LD_0.9_14_1706
JU1884	0.000010	0.000010	0.000010	0.000010	0.000010	0.000010	0.037717	0.000010	0.000010	0.962163	0.000010	0.000010	0.000010	0.000010	LD_0.9_14_1706
JU1885	0.000010	0.000010	0.000012	0.000010	0.000010	0.221247	0.004803	0.000010	0.000010	0.715240	0.000010	0.000010	0.058607	0.000010	LD_0.9_14_1706
JU1907	0.000010	0.000010	0.000010	0.000010	0.000010	0.000010	0.030946	0.000010	0.000010	0.968934	0.000010	0.000010	0.000010	0.000010	LD_0.9_14_1706
JU1908	0.000010	0.000010	0.000010	0.000010	0.000010	0.000010	0.048118	0.000010	0.000010	0.951762	0.000010	0.000010	0.000010	0.000010	LD_0.9_14_1706
JU1909	0.000010	0.000010	0.000010	0.000010	0.000010	0.000010	0.000010	0.000010	0.000010	0.999870	0.000010	0.000010	0.000010	0.000010	LD_0.9_14_1706
JU1913	0.000010	0.000010	0.000010	0.000010	0.000010	0.000010	0.000010	0.000010	0.000010	0.576506	0.000010	0.000010	0.411338	0.012046	LD_0.9_14_1706
JU2053	0.000010	0.000010	0.000010	0.000010	0.000010	0.000010	0.099528	0.000010	0.000010	0.900352	0.000010	0.000010	0.000010	0.000010	LD_0.9_14_1706
JU2054	0.000010	0.000010	0.000010	0.000010	0.000010	0.000010	0.000010	0.000010	0.000010	0.999870	0.000010	0.000010	0.000010	0.000010	LD_0.9_14_1706
JU2056	0.000010	0.000010	0.000010	0.000010	0.000010	0.000010	0.000010	0.000010	0.000010	0.999870	0.000010	0.000010	0.000010	0.000010	LD_0.9_14_1706
JU2057	0.000010	0.000010	0.000010	0.000010	0.000010	0.000010	0.000011	0.000010	0.000010	0.000010	0.000010	0.000010	0.999869	0.000010	LD_0.9_14_1706
JU2160	0.000010	0.000010	0.000010	0.000010	0.000010	0.000010	0.000010	0.000010	0.000010	0.000010	0.000010	0.000010	0.999870	0.000010	LD_0.9_14_1706
JU2162	0.000010	0.000010	0.000010	0.000010	0.000010	0.000010	0.000010	0.000010	0.000010	0.000010	0.000010	0.000010	0.999870	0.000010	LD_0.9_14_1706
JU2214	0.000010	0.000010	0.000010	0.000010	0.000010	0.000010	0.037698	0.000010	0.000010	0.607211	0.000010	0.000010	0.000010	0.354981	LD_0.9_14_1706
JU2216	0.000010	0.000010	0.000010	0.000010	0.000010	0.000011	0.000010	0.000010	0.000010	0.000010	0.000010	0.999869	0.000010	0.000010	LD_0.9_14_1706
JU2457	0.000010	0.492996	0.000010	0.000010	0.000010	0.000010	0.240568	0.000010	0.000010	0.256100	0.000010	0.000010	0.000010	0.010237	LD_0.9_14_1706
JU2470	0.000010	0.000010	0.000010	0.000015	0.000010	0.000010	0.000010	0.000010	0.000010	0.000010	0.000010	0.000010	0.999865	0.000010	LD_0.9_14_1706
JU2472	0.000010	0.000017	0.000010	0.000010	0.000010	0.000010	0.141933	0.000010	0.000010	0.857940	0.000010	0.000010	0.000010	0.000010	LD_0.9_14_1706
JU2506	0.000010	0.000010	0.000010	0.000010	0.000010	0.014190	0.000017	0.000010	0.000010	0.985674	0.000018	0.000010	0.000010	0.000010	LD_0.9_14_1706
JU2507	0.000011	0.000010	0.000010	0.000010	0.000011	0.000010	0.000010	0.000010	0.000010	0.000010	0.000010	0.000010	0.991776	0.008102	LD_0.9_14_1706
JU2518	0.000010	0.000010	0.000010	0.000010	0.000010	0.000010	0.980737	0.000010	0.000010	0.000010	0.000010	0.000010	0.000010	0.019143	LD_0.9_14_1706
JU2536	0.000010	0.999869	0.000010	0.000010	0.000010	0.000010	0.000010	0.000010	0.000011	0.000010	0.000010	0.000010	0.000010	0.000010	LD_0.9_14_1706
JU2597	0.000011	0.000010	0.000011	0.000010	0.000010	0.000010	0.381701	0.000010	0.000010	0.010610	0.161486	0.000010	0.000010	0.446102	LD_0.9_14_1706
JU2747	0.000010	0.000010	0.000010	0.000010	0.000010	0.162686	0.121665	0.000010	0.000010	0.651195	0.000010	0.000010	0.056218	0.008147	LD_0.9_14_1706
JU2767	0.000010	0.000010	0.000010	0.999870	0.000010	0.000010	0.000010	0.000010	0.000010	0.000010	0.000010	0.000010	0.000010	0.000010	LD_0.9_14_1706
JU2799	0.000010	0.000010	0.000010	0.000010	0.000010	0.000010	0.095831	0.000010	0.000010	0.904049	0.000010	0.000010	0.000010	0.000010	LD_0.9_14_1706
JU2801	0.000010	0.000010	0.000010	0.000010	0.000010	0.000010	0.000010	0.999870	0.000010	0.000010	0.000010	0.000010	0.000010	0.000010	LD_0.9_14_1706
JU2836	0.000010	0.000010	0.000010	0.000010	0.000010	0.000010	0.064417	0.000010	0.000010	0.611011	0.000010	0.000010	0.000010	0.324463	LD_0.9_14_1706
JU2849	0.000010	0.000010	0.000010	0.000010	0.000010	0.999870	0.000010	0.000010	0.000010	0.000010	0.000010	0.000010	0.000010	0.000010	LD_0.9_14_1706
JU2861	0.000010	0.000010	0.000010	0.000010	0.000010	0.000010	0.000010	0.000010	0.000010	0.999870	0.000010	0.000010	0.000010	0.000010	LD_0.9_14_1706
JU2868	0.000010	0.000010	0.000010	0.000010	0.000010	0.000010	0.000010	0.000010	0.000010	0.999869	0.000010	0.000010	0.000010	0.000010	LD_0.9_14_1706
JU2872	0.000010	0.999867	0.000010	0.000010	0.000010	0.000013	0.000010	0.000010	0.000010	0.000010	0.000010	0.000010	0.000010	0.000010	LD_0.9_14_1706
JU3171	0.000010	0.000010	0.000010	0.000010	0.000010	0.000010	0.000010	0.000010	0.000010	0.999870	0.000010	0.000010	0.000010	0.000010	LD_0.9_14_1706
JU3200	0.000010	0.000012	0.000010	0.000010	0.000010	0.000010	0.000010	0.999867	0.000011	0.000010	0.000010	0.000010	0.000010	0.000010	LD_0.9_14_1706
JU3201	0.000010	0.000010	0.000010	0.000010	0.000010	0.000010	0.000010	0.999870	0.000010	0.000010	0.000010	0.000010	0.000010	0.000010	LD_0.9_14_1706
JU3202	0.000010	0.000010	0.000012	0.000010	0.000010	0.000010	0.000010	0.999863	0.000010	0.000011	0.000014	0.000010	0.000010	0.000010	LD_0.9_14_1706
JU3203	0.000016	0.000010	0.000010	0.000010	0.000011	0.000010	0.000010	0.999864	0.000010	0.000010	0.000010	0.000010	0.000010	0.000010	LD_0.9_14_1706
JU3206	0.000010	0.000010	0.000010	0.000010	0.000010	0.000010	0.000013	0.999864	0.000010	0.000010	0.000010	0.000013	0.000010	0.000010	LD_0.9_14_1706
JU3207	0.000010	0.000010	0.000010	0.000010	0.000010	0.000010	0.000010	0.000010	0.000010	0.998011	0.001869	0.000010	0.000010	0.000010	LD_0.9_14_1706
JU3237	0.000010	0.000010	0.000010	0.000010	0.000010	0.000010	0.000010	0.000010	0.000010	0.000010	0.000010	0.000010	0.999870	0.000010	LD_0.9_14_1706
JU3272	0.000010	0.999866	0.000014	0.000010	0.000010	0.000010	0.000010	0.000010	0.000010	0.000010	0.000010	0.000010	0.000010	0.000010	LD_0.9_14_1706
JU3281	0.000010	0.000010	0.000010	0.000010	0.000010	0.000010	0.000010	0.000010	0.000010	0.999870	0.000010	0.000010	0.000010	0.000010	LD_0.9_14_1706
JU3319	0.000010	0.000010	0.000010	0.000010	0.000010	0.834766	0.000010	0.000010	0.000010	0.165114	0.000010	0.000010	0.000010	0.000010	LD_0.9_14_1706
JU3321	0.000010	0.000010	0.000010	0.000010	0.000010	0.000010	0.000010	0.000010	0.000010	0.999870	0.000010	0.000010	0.000010	0.000010	LD_0.9_14_1706
JU3326	0.000010	0.109053	0.890827	0.000010	0.000010	0.000010	0.000010	0.000010	0.000010	0.000010	0.000010	0.000010	0.000010	0.000010	LD_0.9_14_1706
JU3327	0.000010	0.000010	0.000010	0.000010	0.000010	0.084422	0.000010	0.000010	0.000019	0.915449	0.000010	0.000010	0.000010	0.000010	LD_0.9_14_1706
JU3416	0.000010	0.901336	0.000010	0.000010	0.000010	0.000010	0.000010	0.000010	0.000010	0.066863	0.000010	0.031691	0.000010	0.000010	LD_0.9_14_1706
JU4042	0.000010	0.000010	0.000010	0.000010	0.000010	0.000010	0.000010	0.000010	0.000010	0.999870	0.000010	0.000010	0.000010	0.000010	LD_0.9_14_1706
JU4051	0.000010	0.000010	0.000010	0.000010	0.000010	0.999870	0.000010	0.000010	0.000010	0.000010	0.000010	0.000010	0.000010	0.000010	LD_0.9_14_1706
JU4058	0.000010	0.000012	0.000010	0.000010	0.000010	0.999864	0.000010	0.000010	0.000014	0.000010	0.000010	0.000010	0.000010	0.000010	LD_0.9_14_1706
JU4060	0.000010	0.000010	0.000010	0.000010	0.000010	0.999870	0.000010	0.000010	0.000010	0.000010	0.000010	0.000010	0.000010	0.000010	LD_0.9_14_1706
JU4062	0.000010	0.000010	0.000010	0.000011	0.000010	0.999861	0.000010	0.000012	0.000010	0.000010	0.000016	0.000010	0.000010	0.000010	LD_0.9_14_1706
JU4064	0.000010	0.000010	0.000010	0.000010	0.000010	0.999870	0.000010	0.000010	0.000010	0.000010	0.000010	0.000010	0.000010	0.000010	LD_0.9_14_1706
JU4080	0.000010	0.000010	0.000010	0.000010	0.000010	0.000010	0.000010	0.000010	0.000010	0.999870	0.000010	0.000010	0.000010	0.000010	LD_0.9_14_1706
JU4084	0.000010	0.000010	0.000010	0.000010	0.000010	0.999870	0.000010	0.000010	0.000010	0.000010	0.000010	0.000010	0.000010	0.000010	LD_0.9_14_1706
JU4097	0.000010	0.000010	0.000010	0.000010	0.000010	0.999870	0.000010	0.000010	0.000010	0.000010	0.000010	0.000010	0.000010	0.000010	LD_0.9_14_1706
JU725	0.000010	0.000010	0.000010	0.000010	0.000010	0.771530	0.000010	0.000010	0.000010	0.228350	0.000010	0.000010	0.000010	0.000010	LD_0.9_14_1706
MY2716	0.000010	0.000010	0.000010	0.000010	0.000010	0.000010	0.000018	0.000010	0.000010	0.999862	0.000010	0.000010	0.000010	0.000010	LD_0.9_14_1706
MY539	0.000010	0.000010	0.000010	0.000010	0.000010	0.000010	0.000010	0.000010	0.000010	0.999870	0.000010	0.000010	0.000010	0.000010	LD_0.9_14_1706
NIC1050	0.000010	0.000010	0.000010	0.000010	0.000010	0.000010	0.442951	0.000010	0.000010	0.001095	0.081237	0.000010	0.000010	0.474617	LD_0.9_14_1706
NIC1052	0.000010	0.000010	0.000010	0.000010	0.000011	0.000010	0.421723	0.000010	0.000010	0.000010	0.218669	0.000010	0.000010	0.359498	LD_0.9_14_1706
NIC1054	0.000010	0.000011	0.000010	0.000010	0.000010	0.000010	0.590453	0.000011	0.000010	0.000010	0.000510	0.000010	0.000010	0.408924	LD_0.9_14_1706
NIC1055	0.000010	0.000010	0.000010	0.000010	0.000010	0.000010	0.470074	0.000010	0.000010	0.000010	0.122013	0.000010	0.000010	0.407803	LD_0.9_14_1706
NIC1057	0.000010	0.000010	0.000010	0.000010	0.000010	0.000010	0.443904	0.000010	0.000010	0.000010	0.105492	0.000010	0.000010	0.450494	LD_0.9_14_1706
NIC1058	0.000010	0.000010	0.000010	0.000010	0.000010	0.000010	0.404853	0.000010	0.000010	0.000010	0.000010	0.000010	0.000010	0.595027	LD_0.9_14_1706
NIC1059	0.000010	0.000010	0.000010	0.000010	0.000010	0.000010	0.524769	0.000010	0.000010	0.000010	0.003659	0.000010	0.000010	0.471462	LD_0.9_14_1706
NIC1060	0.000012	0.000010	0.000010	0.000010	0.000010	0.000010	0.566747	0.000011	0.000010	0.000010	0.000010	0.000010	0.000010	0.433130	LD_0.9_14_1706
NIC1062	0.000010	0.000010	0.000010	0.000010	0.000010	0.000010	0.636097	0.000010	0.000010	0.238418	0.125375	0.000010	0.000010	0.000010	LD_0.9_14_1706
NIC1069	0.000010	0.000010	0.000010	0.000010	0.000010	0.000010	0.561754	0.000010	0.000010	0.438126	0.000010	0.000010	0.000010	0.000010	LD_0.9_14_1706
NIC1103	0.000010	0.000010	0.000010	0.000010	0.000010	0.000010	0.374098	0.000010	0.000010	0.066554	0.158526	0.000010	0.000010	0.400722	LD_0.9_14_1706
NIC1104	0.000010	0.000010	0.000010	0.000010	0.000010	0.000010	0.204167	0.000010	0.000010	0.732284	0.018058	0.000010	0.000010	0.045391	LD_0.9_14_1706
NIC1106	0.000010	0.000010	0.000010	0.000010	0.000010	0.000010	0.472669	0.000010	0.000010	0.305455	0.012965	0.000010	0.000010	0.208810	LD_0.9_14_1706
NIC1117	0.000010	0.000010	0.000011	0.000010	0.000010	0.000010	0.000010	0.000010	0.000010	0.999869	0.000010	0.000010	0.000010	0.000010	LD_0.9_14_1706
NIC1123	0.000010	0.000010	0.000010	0.000010	0.000010	0.999870	0.000010	0.000010	0.000010	0.000010	0.000010	0.000010	0.000010	0.000010	LD_0.9_14_1706
NIC1124	0.000010	0.000010	0.000010	0.000010	0.000010	0.000010	0.999870	0.000010	0.000010	0.000010	0.000010	0.000010	0.000010	0.000010	LD_0.9_14_1706
NIC1135	0.000010	0.000010	0.000010	0.000010	0.000010	0.000010	0.919710	0.000010	0.000011	0.000010	0.000010	0.000010	0.000010	0.080169	LD_0.9_14_1706
NIC1138	0.000010	0.000010	0.000010	0.000010	0.000010	0.000010	0.999870	0.000010	0.000010	0.000010	0.000010	0.000010	0.000010	0.000010	LD_0.9_14_1706
NIC1141	0.000010	0.000010	0.000010	0.000011	0.000010	0.000010	0.999869	0.000010	0.000010	0.000010	0.000010	0.000010	0.000010	0.000010	LD_0.9_14_1706
NIC115	0.000010	0.000010	0.000010	0.000010	0.000010	0.000010	0.919843	0.000010	0.000010	0.080037	0.000010	0.000010	0.000010	0.000010	LD_0.9_14_1706
NIC117	0.000010	0.000010	0.000010	0.000010	0.000010	0.000010	0.919929	0.000010	0.000010	0.079951	0.000010	0.000010	0.000010	0.000010	LD_0.9_14_1706
NIC1183	0.000010	0.000010	0.000010	0.000010	0.000010	0.000010	0.980755	0.000010	0.000010	0.000010	0.000010	0.000010	0.000010	0.019125	LD_0.9_14_1706
NIC119	0.000010	0.000010	0.000010	0.000010	0.000010	0.000010	0.944965	0.000010	0.000010	0.054915	0.000010	0.000010	0.000010	0.000010	LD_0.9_14_1706
NIC1190	0.000010	0.000010	0.000010	0.000010	0.000010	0.000010	0.999870	0.000010	0.000010	0.000010	0.000010	0.000010	0.000010	0.000010	LD_0.9_14_1706
NIC1202	0.000010	0.000010	0.000010	0.000010	0.000010	0.153643	0.000010	0.000010	0.000010	0.846237	0.000010	0.000010	0.000010	0.000010	LD_0.9_14_1706
NIC1204	0.000010	0.000010	0.000010	0.000010	0.000010	0.199702	0.000010	0.000010	0.000010	0.800178	0.000010	0.000010	0.000010	0.000010	LD_0.9_14_1706
NIC1205	0.000011	0.000010	0.000010	0.000010	0.000010	0.000010	0.000010	0.000010	0.000010	0.000011	0.000010	0.999868	0.000010	0.000010	LD_0.9_14_1706
NIC1218	0.000010	0.000010	0.000010	0.000010	0.000010	0.000010	0.000010	0.000010	0.000010	0.999870	0.000010	0.000010	0.000010	0.000010	LD_0.9_14_1706
NIC1220	0.000010	0.000010	0.000010	0.000010	0.000010	0.000010	0.000010	0.000010	0.000011	0.000010	0.000010	0.999869	0.000010	0.000010	LD_0.9_14_1706
NIC1221	0.000010	0.000010	0.000010	0.000010	0.000010	0.229394	0.000010	0.000010	0.000010	0.770486	0.000010	0.000010	0.000010	0.000010	LD_0.9_14_1706
NIC123	0.000010	0.000010	0.000010	0.000010	0.000010	0.000010	0.923982	0.000010	0.000010	0.075898	0.000010	0.000010	0.000010	0.000010	LD_0.9_14_1706
NIC1267	0.000010	0.000010	0.000010	0.000010	0.000010	0.000010	0.874955	0.000010	0.000010	0.124925	0.000010	0.000010	0.000010	0.000010	LD_0.9_14_1706
NIC1283	0.000010	0.000010	0.000010	0.000010	0.000010	0.000010	0.994126	0.000010	0.000010	0.000010	0.000010	0.000010	0.000010	0.005754	LD_0.9_14_1706
NIC1288	0.000010	0.000010	0.000010	0.000010	0.000010	0.098061	0.669741	0.000010	0.000010	0.000010	0.066566	0.000010	0.000010	0.165533	LD_0.9_14_1706
NIC1292	0.000010	0.000010	0.000010	0.000010	0.000010	0.000010	0.940231	0.000010	0.000010	0.000010	0.035088	0.000010	0.000010	0.024571	LD_0.9_14_1706
NIC1302	0.000010	0.000010	0.000010	0.000010	0.000010	0.000010	0.999870	0.000010	0.000010	0.000010	0.000010	0.000010	0.000010	0.000010	LD_0.9_14_1706
NIC1304	0.000010	0.000010	0.000010	0.000010	0.000010	0.000010	0.948574	0.000010	0.000010	0.000010	0.038009	0.000010	0.000010	0.013306	LD_0.9_14_1706
NIC1308	0.000010	0.000010	0.000010	0.000010	0.000010	0.580470	0.386844	0.000010	0.000010	0.032576	0.000010	0.000010	0.000010	0.000010	LD_0.9_14_1706
NIC1407	0.000010	0.000010	0.000010	0.000010	0.000010	0.000010	0.916712	0.000010	0.000010	0.000010	0.083168	0.000010	0.000010	0.000010	LD_0.9_14_1706
NIC1421	0.000010	0.000010	0.000010	0.000010	0.000010	0.000010	0.803716	0.000010	0.000010	0.000010	0.000010	0.000010	0.000010	0.196164	LD_0.9_14_1706
NIC1423	0.000010	0.000010	0.000010	0.000010	0.000010	0.000010	0.730409	0.000010	0.000010	0.000010	0.055915	0.000010	0.000010	0.213566	LD_0.9_14_1706
NIC1442	0.000010	0.000010	0.000010	0.000010	0.000010	0.000010	0.999870	0.000010	0.000010	0.000010	0.000010	0.000010	0.000010	0.000010	LD_0.9_14_1706
NIC1491	0.000010	0.000010	0.000010	0.000010	0.000010	0.000010	0.999870	0.000010	0.000010	0.000010	0.000010	0.000010	0.000010	0.000010	LD_0.9_14_1706
NIC1525	0.000010	0.000010	0.000010	0.000010	0.000010	0.005274	0.097480	0.000010	0.000010	0.897136	0.000010	0.000010	0.000010	0.000010	LD_0.9_14_1706
NIC1528	0.000013	0.000014	0.000017	0.000010	0.000010	0.000010	0.137570	0.000010	0.000012	0.862292	0.000010	0.000012	0.000010	0.000010	LD_0.9_14_1706
NIC1529	0.000010	0.000010	0.000010	0.000010	0.000010	0.000010	0.068484	0.000010	0.000010	0.931394	0.000010	0.000012	0.000010	0.000010	LD_0.9_14_1706
NIC1533	0.000010	0.000010	0.000010	0.000010	0.000010	0.000010	0.096258	0.000010	0.000010	0.903622	0.000010	0.000010	0.000010	0.000010	LD_0.9_14_1706
NIC1535	0.000010	0.000010	0.000010	0.000010	0.000010	0.000010	0.039583	0.000010	0.000010	0.954503	0.000010	0.000010	0.000010	0.005804	LD_0.9_14_1706
NIC1539	0.000010	0.000010	0.000010	0.000010	0.000010	0.000011	0.000010	0.000010	0.000013	0.000013	0.000010	0.999863	0.000010	0.000010	LD_0.9_14_1706
NIC1540	0.000010	0.000010	0.000010	0.000010	0.000010	0.000010	0.000010	0.000010	0.999870	0.000010	0.000010	0.000010	0.000010	0.000010	LD_0.9_14_1706
NIC1562	0.000010	0.000010	0.000016	0.000010	0.000011	0.000010	0.000010	0.000015	0.000010	0.000010	0.000010	0.999857	0.000010	0.000010	LD_0.9_14_1706
NIC1589	0.000010	0.000010	0.000010	0.000010	0.000010	0.000010	0.000010	0.000010	0.999870	0.000010	0.000010	0.000010	0.000010	0.000010	LD_0.9_14_1706
NIC1590	0.000010	0.000010	0.000010	0.000010	0.000010	0.000010	0.000010	0.000010	0.000010	0.000010	0.000010	0.999870	0.000010	0.000010	LD_0.9_14_1706
NIC1591	0.000010	0.000010	0.000010	0.000010	0.000010	0.000010	0.000010	0.000010	0.999870	0.000010	0.000010	0.000010	0.000010	0.000010	LD_0.9_14_1706
NIC1593	0.000010	0.000010	0.000010	0.000010	0.000010	0.000010	0.000010	0.000010	0.999867	0.000013	0.000010	0.000010	0.000010	0.000010	LD_0.9_14_1706
NIC1595	0.000010	0.000010	0.000010	0.000010	0.000010	0.000018	0.000010	0.000010	0.000010	0.000010	0.000010	0.999862	0.000010	0.000010	LD_0.9_14_1706
NIC1598	0.000010	0.000010	0.000010	0.000010	0.000010	0.000010	0.000010	0.000010	0.000010	0.012516	0.000010	0.987364	0.000010	0.000010	LD_0.9_14_1706
NIC1602	0.000010	0.000010	0.000010	0.000010	0.000010	0.000010	0.000010	0.000010	0.000010	0.000010	0.000010	0.999870	0.000010	0.000010	LD_0.9_14_1706
NIC1607	0.000010	0.000010	0.000010	0.999870	0.000010	0.000010	0.000010	0.000010	0.000010	0.000010	0.000010	0.000010	0.000010	0.000010	LD_0.9_14_1706
NIC1628	0.000012	0.000010	0.000010	0.000010	0.000010	0.000010	0.000010	0.000010	0.000010	0.999868	0.000010	0.000010	0.000010	0.000010	LD_0.9_14_1706
NIC1630	0.000010	0.000010	0.000012	0.000010	0.000010	0.000014	0.000012	0.000011	0.000010	0.000010	0.000010	0.999862	0.000010	0.000010	LD_0.9_14_1706
NIC1631	0.000011	0.000010	0.000010	0.000010	0.000010	0.000010	0.000010	0.000010	0.000010	0.000011	0.000010	0.999869	0.000010	0.000010	LD_0.9_14_1706
NIC1632	0.000010	0.999870	0.000010	0.000010	0.000010	0.000010	0.000010	0.000010	0.000010	0.000010	0.000010	0.000010	0.000010	0.000010	LD_0.9_14_1706
NIC1633	0.000010	0.999866	0.000010	0.000014	0.000010	0.000010	0.000010	0.000010	0.000010	0.000010	0.000010	0.000010	0.000010	0.000010	LD_0.9_14_1706
NIC1635	0.000010	0.999870	0.000010	0.000010	0.000010	0.000010	0.000010	0.000010	0.000010	0.000010	0.000010	0.000010	0.000010	0.000010	LD_0.9_14_1706
NIC1645	0.000011	0.000010	0.000010	0.000010	0.000010	0.000010	0.000011	0.000010	0.000014	0.000020	0.000010	0.999855	0.000010	0.000010	LD_0.9_14_1706
NIC1660	0.000010	0.000010	0.000010	0.000010	0.000010	0.000010	0.000010	0.000010	0.000010	0.000014	0.000010	0.999866	0.000010	0.000010	LD_0.9_14_1706
NIC1661	0.000010	0.000010	0.000010	0.000013	0.000010	0.000010	0.000010	0.000010	0.000010	0.000010	0.000010	0.999867	0.000010	0.000010	LD_0.9_14_1706
NIC1662	0.000010	0.000010	0.000013	0.000010	0.000010	0.000010	0.000010	0.000010	0.000010	0.000010	0.000010	0.999867	0.000010	0.000010	LD_0.9_14_1706
NIC1663	0.000010	0.000010	0.000010	0.000010	0.000010	0.000010	0.000016	0.000010	0.000010	0.000010	0.000010	0.999864	0.000010	0.000010	LD_0.9_14_1706
NIC1664	0.000010	0.000015	0.000014	0.000010	0.000010	0.000010	0.000010	0.000010	0.999861	0.000010	0.000010	0.000010	0.000010	0.000010	LD_0.9_14_1706
NIC1665	0.000010	0.000010	0.000010	0.000010	0.000010	0.000010	0.000010	0.000010	0.999870	0.000010	0.000010	0.000010	0.000010	0.000010	LD_0.9_14_1706
NIC1666	0.000010	0.000010	0.000010	0.000019	0.000010	0.000010	0.000010	0.000010	0.000010	0.000010	0.000010	0.999861	0.000010	0.000010	LD_0.9_14_1706
NIC1667	0.000010	0.000010	0.000010	0.000010	0.000010	0.000010	0.000010	0.000010	0.000010	0.000010	0.000010	0.999870	0.000010	0.000010	LD_0.9_14_1706
NIC1681	0.000011	0.000010	0.000010	0.000017	0.000010	0.000010	0.000010	0.000015	0.000010	0.000010	0.000010	0.999857	0.000010	0.000010	LD_0.9_14_1706
NIC1688	0.000010	0.000010	0.000010	0.000010	0.000010	0.000010	0.000010	0.000010	0.000010	0.999870	0.000010	0.000010	0.000010	0.000010	LD_0.9_14_1706
NIC1692	0.000010	0.000010	0.000010	0.000010	0.000010	0.000010	0.000010	0.000010	0.000010	0.000010	0.000010	0.999870	0.000010	0.000010	LD_0.9_14_1706
NIC1693	0.000010	0.000010	0.000019	0.000010	0.000010	0.000010	0.000010	0.000010	0.000010	0.000010	0.000010	0.999861	0.000010	0.000010	LD_0.9_14_1706
NIC17	0.000010	0.000010	0.000010	0.000010	0.000010	0.000010	0.000010	0.000010	0.000010	0.994188	0.000010	0.000010	0.000010	0.005692	LD_0.9_14_1706
NIC174	0.000010	0.999870	0.000010	0.000010	0.000010	0.000010	0.000010	0.000010	0.000010	0.000010	0.000010	0.000010	0.000010	0.000010	LD_0.9_14_1706
NIC187	0.000010	0.000010	0.000010	0.000010	0.000010	0.000010	0.950354	0.000010	0.000010	0.049526	0.000010	0.000010	0.000010	0.000010	LD_0.9_14_1706
NIC188	0.000010	0.000010	0.000010	0.000010	0.000010	0.000010	0.945348	0.000010	0.000010	0.054532	0.000010	0.000010	0.000010	0.000010	LD_0.9_14_1706
NIC19	0.000010	0.000010	0.000010	0.000010	0.000010	0.000010	0.000010	0.000010	0.999870	0.000010	0.000010	0.000010	0.000010	0.000010	LD_0.9_14_1706
NIC191	0.000010	0.000010	0.000010	0.000010	0.000010	0.000010	0.886811	0.000010	0.000010	0.113069	0.000010	0.000010	0.000010	0.000010	LD_0.9_14_1706
NIC20	0.000010	0.000010	0.000010	0.000010	0.000010	0.000010	0.000010	0.000010	0.999870	0.000010	0.000010	0.000010	0.000010	0.000010	LD_0.9_14_1706
NIC21	0.000010	0.000010	0.000010	0.000010	0.000010	0.000010	0.000010	0.000010	0.999870	0.000010	0.000010	0.000010	0.000010	0.000010	LD_0.9_14_1706
NIC22	0.000010	0.000010	0.000010	0.000010	0.000010	0.000010	0.000010	0.000010	0.999870	0.000010	0.000010	0.000010	0.000010	0.000010	LD_0.9_14_1706
NIC2369	0.000010	0.000010	0.000010	0.000010	0.000010	0.999870	0.000010	0.000010	0.000010	0.000010	0.000010	0.000010	0.000010	0.000010	LD_0.9_14_1706
NIC248	0.000010	0.000010	0.000010	0.000010	0.000010	0.000010	0.887825	0.000010	0.000010	0.112055	0.000010	0.000010	0.000010	0.000010	LD_0.9_14_1706
NIC250	0.000010	0.000010	0.000010	0.000010	0.000010	0.000010	0.834947	0.000010	0.000010	0.164933	0.000010	0.000010	0.000010	0.000010	LD_0.9_14_1706
NIC2527	0.000010	0.000010	0.000010	0.000010	0.000010	0.000010	0.000010	0.000010	0.000010	0.999870	0.000010	0.000010	0.000010	0.000010	LD_0.9_14_1706
NIC309	0.000010	0.000010	0.000010	0.000010	0.000010	0.000010	0.999870	0.000010	0.000010	0.000010	0.000010	0.000010	0.000010	0.000010	LD_0.9_14_1706
NIC325	0.000010	0.000010	0.000010	0.000010	0.000010	0.000010	0.999870	0.000010	0.000010	0.000010	0.000010	0.000010	0.000010	0.000010	LD_0.9_14_1706
NIC327	0.000010	0.000010	0.000010	0.000010	0.000010	0.000010	0.769596	0.000010	0.000010	0.000010	0.230284	0.000010	0.000010	0.000010	LD_0.9_14_1706
NIC329	0.000010	0.000010	0.000010	0.000010	0.000010	0.000010	0.851316	0.000010	0.000010	0.000010	0.148564	0.000010	0.000010	0.000010	LD_0.9_14_1706
NIC330	0.000010	0.000010	0.000010	0.000010	0.000010	0.000010	0.888088	0.000010	0.000010	0.000010	0.111792	0.000010	0.000010	0.000010	LD_0.9_14_1706
NIC331	0.000010	0.000010	0.000010	0.000010	0.000010	0.000010	0.822685	0.000010	0.000010	0.000010	0.000010	0.000010	0.000010	0.177195	LD_0.9_14_1706
NIC332	0.000010	0.000010	0.000010	0.000010	0.000010	0.000010	0.767522	0.000010	0.000010	0.000010	0.232358	0.000010	0.000010	0.000010	LD_0.9_14_1706
NIC333	0.000010	0.000010	0.000010	0.000010	0.000010	0.000010	0.901977	0.000010	0.000010	0.000010	0.097903	0.000010	0.000010	0.000010	LD_0.9_14_1706
NIC343	0.000010	0.000010	0.000010	0.000010	0.000010	0.027416	0.000010	0.000010	0.000010	0.972464	0.000010	0.000010	0.000010	0.000010	LD_0.9_14_1706
NIC392	0.000010	0.000010	0.000010	0.000010	0.000010	0.000010	0.791354	0.000010	0.000010	0.208526	0.000010	0.000010	0.000010	0.000010	LD_0.9_14_1706
NIC400	0.000010	0.000010	0.000010	0.000010	0.000010	0.000010	0.788734	0.000010	0.000011	0.000010	0.201960	0.000010	0.000010	0.009195	LD_0.9_14_1706
NIC402	0.000010	0.000010	0.000010	0.000010	0.000010	0.000010	0.797382	0.000010	0.000010	0.000010	0.202498	0.000010	0.000010	0.000010	LD_0.9_14_1706
NIC419	0.000010	0.000010	0.000010	0.000010	0.000010	0.999870	0.000010	0.000010	0.000010	0.000010	0.000010	0.000010	0.000010	0.000010	LD_0.9_14_1706
NIC504	0.000012	0.000010	0.000010	0.000010	0.000010	0.000011	0.000010	0.000012	0.000010	0.000010	0.000010	0.999866	0.000010	0.000010	LD_0.9_14_1706
NIC505	0.000010	0.000010	0.000010	0.000010	0.000010	0.000010	0.000010	0.000010	0.000010	0.000010	0.000010	0.999870	0.000010	0.000010	LD_0.9_14_1706
NIC518	0.000010	0.000010	0.000010	0.000010	0.000010	0.000010	0.000010	0.000010	0.000010	0.000010	0.000010	0.999870	0.000010	0.000010	LD_0.9_14_1706
NIC519	0.000010	0.000010	0.000010	0.000010	0.000010	0.000010	0.000010	0.000010	0.000010	0.000010	0.000010	0.999870	0.000010	0.000010	LD_0.9_14_1706
NIC532	0.000010	0.000010	0.000010	0.000010	0.000010	0.000010	0.874354	0.000010	0.000010	0.125526	0.000010	0.000010	0.000010	0.000010	LD_0.9_14_1706
NIC541	0.000010	0.000010	0.000010	0.000010	0.000010	0.000010	0.566891	0.000010	0.000010	0.000010	0.039317	0.000010	0.304731	0.088961	LD_0.9_14_1706
NIC549	0.000010	0.000010	0.000010	0.000010	0.000010	0.000010	0.768177	0.000010	0.000010	0.231703	0.000010	0.000010	0.000010	0.000010	LD_0.9_14_1706
NIC552	0.000010	0.000011	0.000010	0.000010	0.000010	0.000010	0.678282	0.000011	0.000010	0.321596	0.000010	0.000010	0.000010	0.000010	LD_0.9_14_1706
NIC555	0.000010	0.000010	0.000010	0.000010	0.000010	0.000010	0.807274	0.000010	0.000010	0.061389	0.000010	0.000010	0.000010	0.131227	LD_0.9_14_1706
NIC561	0.000010	0.000012	0.000010	0.000012	0.000010	0.000010	0.627159	0.000018	0.000010	0.372709	0.000010	0.000010	0.000010	0.000010	LD_0.9_14_1706
NIC574	0.000010	0.000010	0.000010	0.000010	0.000010	0.000010	0.864384	0.000010	0.000010	0.135496	0.000010	0.000010	0.000010	0.000010	LD_0.9_14_1706
NIC578	0.000010	0.000010	0.000010	0.000011	0.000010	0.000010	0.981537	0.000010	0.000010	0.018342	0.000010	0.000010	0.000010	0.000010	LD_0.9_14_1706
NIC583	0.000010	0.000010	0.000010	0.000010	0.000010	0.000010	0.972233	0.000010	0.000010	0.020995	0.000010	0.000010	0.000010	0.006662	LD_0.9_14_1706
NIC590	0.000010	0.000010	0.000010	0.000010	0.000010	0.000010	0.888074	0.000010	0.000010	0.000010	0.000010	0.000010	0.111806	0.000010	LD_0.9_14_1706
NIC593	0.000010	0.000011	0.000010	0.000010	0.000010	0.000010	0.815463	0.000011	0.000011	0.184413	0.000010	0.000010	0.000010	0.000010	LD_0.9_14_1706
NIC60	0.000010	0.000010	0.000010	0.000010	0.000010	0.000010	0.999870	0.000010	0.000010	0.000010	0.000010	0.000010	0.000010	0.000010	LD_0.9_14_1706
NIC61	0.000010	0.000010	0.000010	0.000010	0.000010	0.000010	0.634989	0.000010	0.000010	0.364891	0.000010	0.000010	0.000010	0.000010	LD_0.9_14_1706
NIC62	0.000010	0.000010	0.000010	0.000010	0.000010	0.000010	0.970566	0.000010	0.000010	0.029314	0.000010	0.000010	0.000010	0.000010	LD_0.9_14_1706
NIC67	0.000010	0.000010	0.000010	0.000010	0.000010	0.999870	0.000010	0.000010	0.000010	0.000010	0.000010	0.000010	0.000010	0.000010	LD_0.9_14_1706
NIC758	0.000010	0.000010	0.000010	0.000010	0.000010	0.000010	0.881191	0.000010	0.000010	0.000010	0.000010	0.000010	0.118689	0.000010	LD_0.9_14_1706
NIC777	0.000010	0.000010	0.000010	0.000010	0.000010	0.000010	0.788103	0.000010	0.000010	0.077825	0.000010	0.000010	0.000010	0.133962	LD_0.9_14_1706
NIC779	0.000010	0.000013	0.000010	0.000010	0.000010	0.000010	0.000010	0.000014	0.000010	0.000010	0.000010	0.999863	0.000010	0.000010	LD_0.9_14_1706
NIC790	0.000010	0.000010	0.000010	0.000010	0.000010	0.000010	0.000010	0.000010	0.000010	0.999870	0.000010	0.000010	0.000010	0.000010	LD_0.9_14_1706
NIC791	0.000010	0.000010	0.000010	0.000010	0.000010	0.000010	0.000010	0.000010	0.000010	0.081021	0.000010	0.000010	0.918859	0.000010	LD_0.9_14_1706
NIC792	0.000010	0.000010	0.000010	0.000010	0.000010	0.000010	0.000010	0.000011	0.000010	0.683333	0.000010	0.000010	0.316546	0.000010	LD_0.9_14_1706
NIC793	0.000010	0.000010	0.000010	0.000010	0.000010	0.000010	0.000010	0.000010	0.000010	0.999870	0.000010	0.000010	0.000010	0.000010	LD_0.9_14_1706
NIC795	0.000010	0.000010	0.000010	0.000010	0.000010	0.000010	0.000010	0.000010	0.000010	0.999870	0.000010	0.000010	0.000010	0.000010	LD_0.9_14_1706
NIC796	0.000010	0.000010	0.000010	0.000010	0.000010	0.000010	0.000010	0.000010	0.007954	0.991926	0.000010	0.000010	0.000010	0.000010	LD_0.9_14_1706
NIC802	0.000010	0.000010	0.000010	0.000010	0.000010	0.000010	0.000010	0.000010	0.000010	0.999870	0.000010	0.000010	0.000010	0.000010	LD_0.9_14_1706
NIC803	0.000010	0.000010	0.000010	0.000010	0.000010	0.000010	0.094352	0.000010	0.000010	0.905528	0.000010	0.000010	0.000010	0.000010	LD_0.9_14_1706
NIC805	0.000012	0.000010	0.000010	0.000010	0.000010	0.000010	0.000015	0.000010	0.000014	0.000010	0.000010	0.999860	0.000010	0.000010	LD_0.9_14_1706
NIC811	0.000010	0.000010	0.000010	0.000010	0.000010	0.048838	0.000010	0.000010	0.000010	0.946973	0.000010	0.000010	0.004079	0.000010	LD_0.9_14_1706
NIC814	0.000010	0.000010	0.000010	0.000010	0.000010	0.000010	0.000010	0.000015	0.000010	0.000010	0.000010	0.999865	0.000010	0.000010	LD_0.9_14_1706
NIC815	0.000018	0.000010	0.000010	0.000010	0.000010	0.000010	0.000010	0.000010	0.000010	0.000010	0.000010	0.999862	0.000010	0.000010	LD_0.9_14_1706
NIC816	0.000010	0.000010	0.000010	0.000010	0.000010	0.000010	0.000010	0.000010	0.999870	0.000010	0.000010	0.000010	0.000010	0.000010	LD_0.9_14_1706
NIC819	0.000010	0.000010	0.000010	0.999866	0.000010	0.000010	0.000010	0.000010	0.000011	0.000010	0.000010	0.000013	0.000010	0.000010	LD_0.9_14_1706
NIC821	0.000010	0.000010	0.000010	0.000010	0.000010	0.000010	0.092252	0.000010	0.000010	0.901241	0.000010	0.000010	0.000010	0.006397	LD_0.9_14_1706
NIC822	0.000010	0.000010	0.000010	0.000010	0.000010	0.000010	0.000010	0.000010	0.000010	0.000010	0.000010	0.999870	0.000010	0.000010	LD_0.9_14_1706
NIC824	0.000010	0.000010	0.000010	0.000010	0.000010	0.000010	0.000010	0.000010	0.000010	0.000010	0.000010	0.999870	0.000010	0.000010	LD_0.9_14_1706
NIC825	0.000010	0.000010	0.000010	0.000010	0.000010	0.000010	0.000010	0.000010	0.999870	0.000010	0.000010	0.000010	0.000010	0.000010	LD_0.9_14_1706
NIC827	0.000010	0.000010	0.000010	0.000010	0.000010	0.000010	0.000010	0.000010	0.999870	0.000010	0.000010	0.000010	0.000010	0.000010	LD_0.9_14_1706
NIC828	0.000010	0.000010	0.000010	0.000018	0.000010	0.000010	0.000010	0.000010	0.999862	0.000010	0.000010	0.000010	0.000010	0.000010	LD_0.9_14_1706
NIC863	0.000015	0.000012	0.000010	0.000010	0.000010	0.000016	0.000014	0.000010	0.000010	0.000010	0.000010	0.999853	0.000010	0.000010	LD_0.9_14_1706
NIC864	0.000010	0.000010	0.000010	0.000010	0.000010	0.000010	0.000010	0.000013	0.000013	0.000010	0.000010	0.999864	0.000010	0.000010	LD_0.9_14_1706
NIC865	0.000010	0.000010	0.000010	0.000010	0.000010	0.000010	0.000010	0.000010	0.000010	0.000020	0.000010	0.999860	0.000010	0.000010	LD_0.9_14_1706
NIC871	0.000010	0.000010	0.000010	0.000010	0.000010	0.000010	0.000010	0.000010	0.000010	0.999870	0.000010	0.000010	0.000010	0.000010	LD_0.9_14_1706
NIC883	0.000010	0.000010	0.000010	0.000010	0.000010	0.000010	0.000010	0.000010	0.000010	0.999870	0.000010	0.000010	0.000010	0.000010	LD_0.9_14_1706
NIC889	0.000010	0.000010	0.000010	0.000010	0.000010	0.000010	0.000010	0.000010	0.000010	0.000010	0.000010	0.999870	0.000010	0.000010	LD_0.9_14_1706
NIC893	0.000010	0.000010	0.999870	0.000010	0.000010	0.000010	0.000010	0.000010	0.000010	0.000010	0.000010	0.000010	0.000010	0.000010	LD_0.9_14_1706
NIC897	0.000010	0.000010	0.000010	0.000010	0.000010	0.000010	0.000010	0.000010	0.000010	0.000010	0.000010	0.999870	0.000010	0.000010	LD_0.9_14_1706
NIC899	0.000010	0.999870	0.000010	0.000010	0.000010	0.000010	0.000010	0.000010	0.000010	0.000010	0.000010	0.000010	0.000010	0.000010	LD_0.9_14_1706
NIC901	0.000010	0.000010	0.000010	0.000010	0.000010	0.000010	0.000010	0.000010	0.000010	0.999870	0.000010	0.000010	0.000010	0.000010	LD_0.9_14_1706
NIC911	0.000010	0.000012	0.000010	0.000011	0.000010	0.000010	0.428444	0.000010	0.000010	0.571433	0.000011	0.000010	0.000010	0.000010	LD_0.9_14_1706
NIC96	0.000010	0.000010	0.000010	0.000010	0.000010	0.000010	0.999870	0.000010	0.000010	0.000010	0.000010	0.000010	0.000010	0.000010	LD_0.9_14_1706
NIC984	0.000010	0.000010	0.000010	0.000010	0.000010	0.000010	0.232158	0.000010	0.000010	0.767722	0.000010	0.000010	0.000010	0.000010	LD_0.9_14_1706
NIC985	0.000010	0.000010	0.000010	0.000010	0.000010	0.164322	0.297510	0.000010	0.000010	0.538058	0.000010	0.000010	0.000010	0.000010	LD_0.9_14_1706
PB800	0.000010	0.999869	0.000010	0.000010	0.000010	0.000011	0.000010	0.000010	0.000010	0.000010	0.000010	0.000010	0.000010	0.000010	LD_0.9_14_1706
PB857	0.000010	0.999870	0.000010	0.000010	0.000010	0.000010	0.000010	0.000010	0.000010	0.000010	0.000010	0.000010	0.000010	0.000010	LD_0.9_14_1706
PE887	0.000010	0.000010	0.000010	0.000010	0.000010	0.000011	0.073347	0.000010	0.000010	0.926532	0.000010	0.000010	0.000010	0.000010	LD_0.9_14_1706
QG1005	0.000010	0.000010	0.000010	0.000010	0.000010	0.000010	0.061343	0.000010	0.000010	0.000010	0.461979	0.000010	0.000010	0.476568	LD_0.9_14_1706
QG1007	0.000010	0.000010	0.000010	0.000010	0.000010	0.000010	0.000010	0.000010	0.000010	0.000010	0.999867	0.000012	0.000010	0.000010	LD_0.9_14_1706
QG1111	0.000011	0.000010	0.000010	0.000011	0.000010	0.000010	0.000010	0.000011	0.000010	0.000012	0.572420	0.000010	0.000010	0.427455	LD_0.9_14_1706
QG1126	0.000010	0.000010	0.000010	0.000010	0.000010	0.000010	0.000010	0.000010	0.000010	0.000010	0.999870	0.000010	0.000010	0.000010	LD_0.9_14_1706
QG1141	0.000010	0.000010	0.000010	0.000010	0.000010	0.000010	0.000010	0.000010	0.000010	0.000010	0.000010	0.000010	0.000010	0.999870	LD_0.9_14_1706
QG1155	0.000010	0.000010	0.000010	0.000010	0.000010	0.000010	0.000010	0.000010	0.000010	0.000010	0.000010	0.000010	0.000010	0.999870	LD_0.9_14_1706
QG130	0.000010	0.000010	0.000010	0.000010	0.000010	0.000010	0.000010	0.000010	0.000010	0.999870	0.000010	0.000010	0.000010	0.000010	LD_0.9_14_1706
QG132	0.000010	0.000010	0.000010	0.000010	0.000010	0.000010	0.099264	0.000010	0.000010	0.900616	0.000010	0.000010	0.000010	0.000010	LD_0.9_14_1706
QG133	0.000010	0.000010	0.000012	0.000010	0.000010	0.000010	0.000010	0.000010	0.000010	0.022934	0.000010	0.976944	0.000010	0.000010	LD_0.9_14_1706
QG2641	0.000010	0.000010	0.000010	0.000010	0.000010	0.000010	0.000010	0.000011	0.000010	0.000015	0.819819	0.000010	0.000010	0.180055	LD_0.9_14_1706
QG2648	0.000010	0.000010	0.000010	0.000010	0.000010	0.000019	0.000010	0.000010	0.000010	0.000011	0.999852	0.000018	0.000010	0.000010	LD_0.9_14_1706
QG2659	0.000010	0.000010	0.000010	0.000010	0.000010	0.000010	0.000010	0.000010	0.000010	0.000010	0.502692	0.000010	0.000010	0.497188	LD_0.9_14_1706
QG2663	0.000010	0.000010	0.000010	0.000010	0.000010	0.000010	0.000010	0.000012	0.000010	0.000010	0.217206	0.000010	0.000010	0.782673	LD_0.9_14_1706
QG2665	0.000012	0.000010	0.000010	0.000010	0.000010	0.000010	0.000010	0.000010	0.000010	0.000010	0.903816	0.000010	0.000010	0.096062	LD_0.9_14_1706
QG2683	0.000010	0.000010	0.000010	0.000010	0.000010	0.000010	0.000010	0.000010	0.000010	0.000010	0.000010	0.000010	0.000010	0.999870	LD_0.9_14_1706
QG2736	0.000010	0.000010	0.000010	0.000010	0.000010	0.000010	0.000010	0.000010	0.000010	0.000010	0.520953	0.000010	0.000010	0.478927	LD_0.9_14_1706
QG2814	0.000010	0.000010	0.000010	0.000010	0.000010	0.000019	0.000010	0.000010	0.000010	0.999861	0.000010	0.000010	0.000010	0.000010	LD_0.9_14_1706
QG2820	0.000010	0.000010	0.000010	0.000010	0.000010	0.000010	0.000010	0.000010	0.000010	0.999870	0.000010	0.000010	0.000010	0.000010	LD_0.9_14_1706
QG2848	0.000010	0.000010	0.000010	0.000010	0.000010	0.000010	0.000010	0.000010	0.000010	0.999870	0.000010	0.000010	0.000010	0.000010	LD_0.9_14_1706
QG2849	0.000010	0.000010	0.000010	0.000010	0.000010	0.000010	0.000010	0.000010	0.000010	0.999870	0.000010	0.000010	0.000010	0.000010	LD_0.9_14_1706
QG2880	0.000010	0.000010	0.000010	0.000010	0.000010	0.000010	0.000010	0.000010	0.000010	0.000010	0.000010	0.000010	0.999870	0.000010	LD_0.9_14_1706
QG2881	0.000010	0.000010	0.000011	0.000011	0.000010	0.000010	0.000010	0.000010	0.000010	0.999868	0.000010	0.000010	0.000010	0.000010	LD_0.9_14_1706
QG2883	0.000010	0.000010	0.000010	0.000011	0.000010	0.000010	0.000010	0.000010	0.000010	0.999869	0.000010	0.000010	0.000010	0.000010	LD_0.9_14_1706
QG2884	0.000010	0.000010	0.000010	0.000010	0.000010	0.000010	0.000010	0.000010	0.000010	0.000016	0.000010	0.000010	0.999864	0.000010	LD_0.9_14_1706
QG2891	0.227529	0.000011	0.000013	0.000010	0.772344	0.000010	0.000010	0.000010	0.000010	0.000010	0.000010	0.000013	0.000010	0.000010	LD_0.9_14_1706
QG2892	0.000010	0.000010	0.000010	0.000010	0.000010	0.000010	0.000010	0.000010	0.000010	0.000010	0.000010	0.000010	0.999870	0.000010	LD_0.9_14_1706
QG2893	0.000010	0.000010	0.000010	0.000010	0.836797	0.000010	0.000010	0.163075	0.000017	0.000010	0.000011	0.000010	0.000010	0.000010	LD_0.9_14_1706
QG2895	0.000010	0.000010	0.000010	0.000010	0.000010	0.000010	0.000010	0.000010	0.000010	0.000010	0.000010	0.000010	0.999870	0.000010	LD_0.9_14_1706
QG2902	0.000010	0.000010	0.000010	0.000010	0.000010	0.000010	0.000010	0.000010	0.000010	0.000010	0.000010	0.000010	0.999870	0.000010	LD_0.9_14_1706
QG2903	0.000010	0.000010	0.000012	0.000010	0.000010	0.000010	0.000010	0.000010	0.000010	0.000010	0.000010	0.000010	0.999868	0.000010	LD_0.9_14_1706
QG2906	0.000010	0.000010	0.000010	0.000010	0.000010	0.000010	0.000010	0.000010	0.000010	0.000010	0.000010	0.000010	0.999870	0.000010	LD_0.9_14_1706
QG2908	0.000010	0.000010	0.000010	0.000010	0.835942	0.000010	0.000015	0.163932	0.000010	0.000010	0.000010	0.000010	0.000010	0.000010	LD_0.9_14_1706
QG2910	0.000010	0.000010	0.000010	0.000010	0.000010	0.000010	0.057716	0.000010	0.000010	0.942163	0.000011	0.000010	0.000010	0.000010	LD_0.9_14_1706
QG2919	0.748815	0.000010	0.000013	0.000010	0.251056	0.000010	0.000016	0.000010	0.000010	0.000010	0.000010	0.000010	0.000010	0.000010	LD_0.9_14_1706
QG2923	0.000010	0.000010	0.000010	0.000010	0.000010	0.000010	0.000010	0.000010	0.000010	0.000010	0.000010	0.000010	0.999870	0.000010	LD_0.9_14_1706
QG2925	0.000010	0.000010	0.000015	0.000010	0.000010	0.000010	0.000010	0.000010	0.000010	0.000010	0.000010	0.000010	0.999865	0.000010	LD_0.9_14_1706
QG2964	0.000010	0.000010	0.000010	0.000010	0.000010	0.000010	0.000010	0.000010	0.000010	0.000010	0.000010	0.000010	0.000010	0.999870	LD_0.9_14_1706
QG2966	0.000010	0.000010	0.000010	0.000010	0.000010	0.000010	0.095544	0.000010	0.000010	0.206483	0.000010	0.000010	0.000010	0.697863	LD_0.9_14_1706
QG2969	0.000010	0.000010	0.000010	0.000010	0.000010	0.000010	0.000010	0.000010	0.000010	0.000010	0.954387	0.000010	0.000010	0.045493	LD_0.9_14_1706
QG2972	0.000010	0.000010	0.000010	0.000010	0.000010	0.000010	0.000010	0.000010	0.000010	0.000010	0.661254	0.000010	0.000010	0.338626	LD_0.9_14_1706
QG2996	0.000010	0.000010	0.000010	0.000010	0.000010	0.000020	0.000010	0.000010	0.000010	0.000011	0.999851	0.000018	0.000010	0.000010	LD_0.9_14_1706
QG3004	0.000010	0.000010	0.000010	0.000010	0.000010	0.000010	0.059642	0.000010	0.000010	0.112092	0.185703	0.000010	0.000010	0.642463	LD_0.9_14_1706
QG3006	0.000010	0.000010	0.000010	0.000010	0.000010	0.000011	0.000010	0.000010	0.000010	0.000010	0.761983	0.000010	0.000010	0.237896	LD_0.9_14_1706
QG3019	0.000010	0.000010	0.000010	0.000010	0.000010	0.000010	0.092235	0.000010	0.000010	0.000010	0.229833	0.000010	0.000010	0.677822	LD_0.9_14_1706
QG3025	0.000010	0.000010	0.000010	0.000010	0.000010	0.000010	0.000010	0.000010	0.000010	0.000010	0.999870	0.000010	0.000010	0.000010	LD_0.9_14_1706
QG3030	0.000010	0.000010	0.000010	0.000010	0.000010	0.000010	0.000016	0.000010	0.000010	0.000010	0.999864	0.000010	0.000010	0.000010	LD_0.9_14_1706
QG3032	0.000010	0.000010	0.000010	0.000010	0.000010	0.000010	0.175704	0.000010	0.000010	0.000010	0.095795	0.000010	0.000010	0.728391	LD_0.9_14_1706
QG3034	0.000010	0.000010	0.000010	0.000010	0.000010	0.000010	0.000010	0.000010	0.000010	0.000010	0.999870	0.000010	0.000010	0.000010	LD_0.9_14_1706
QG3041	0.000010	0.000010	0.000010	0.000010	0.000010	0.000010	0.000010	0.000010	0.000010	0.000010	0.999870	0.000010	0.000010	0.000010	LD_0.9_14_1706
QG3053	0.000014	0.000012	0.000010	0.000010	0.000010	0.000010	0.547011	0.000013	0.000010	0.452861	0.000010	0.000010	0.000010	0.000010	LD_0.9_14_1706
QG3056	0.000010	0.000010	0.000010	0.000011	0.000010	0.000010	0.108708	0.000010	0.000010	0.203261	0.000010	0.000010	0.000010	0.687920	LD_0.9_14_1706
QG3057	0.000010	0.000010	0.000010	0.000010	0.000010	0.000010	0.000010	0.000010	0.000010	0.000010	0.879288	0.000010	0.000010	0.120592	LD_0.9_14_1706
QG3058	0.000010	0.000010	0.000010	0.000010	0.000010	0.000010	0.046726	0.000010	0.000010	0.000010	0.271391	0.000010	0.000010	0.681773	LD_0.9_14_1706
QG3527	0.000010	0.000010	0.000010	0.000010	0.000010	0.000010	0.687712	0.000010	0.000010	0.187926	0.016013	0.000010	0.000010	0.108249	LD_0.9_14_1706
QG3661	0.000010	0.999870	0.000010	0.000010	0.000010	0.000010	0.000010	0.000010	0.000010	0.000010	0.000010	0.000010	0.000010	0.000010	LD_0.9_14_1706
QG3783	0.000010	0.000010	0.000010	0.000010	0.000010	0.000010	0.647652	0.000010	0.000010	0.307026	0.000010	0.000010	0.000010	0.045212	LD_0.9_14_1706
QG3801	0.000010	0.000010	0.000010	0.000010	0.000010	0.000010	0.109409	0.000010	0.000010	0.000010	0.463648	0.000010	0.000010	0.426833	LD_0.9_14_1706
QG3815	0.000010	0.000010	0.000010	0.000011	0.000010	0.000010	0.871130	0.000010	0.000010	0.128748	0.000010	0.000010	0.000010	0.000010	LD_0.9_14_1706
QG3816	0.000010	0.000010	0.000010	0.000010	0.000010	0.000010	0.671374	0.000010	0.000010	0.288254	0.000010	0.000010	0.000010	0.040262	LD_0.9_14_1706
QG3823	0.000010	0.000010	0.000010	0.000010	0.000010	0.000010	0.106774	0.000010	0.000010	0.043731	0.775925	0.000010	0.000010	0.073470	LD_0.9_14_1706
QG3825	0.000010	0.000010	0.000010	0.000010	0.000010	0.000010	0.731914	0.000010	0.000010	0.267966	0.000010	0.000010	0.000010	0.000010	LD_0.9_14_1706
QG3826	0.000010	0.000010	0.000010	0.000010	0.000010	0.000010	0.691830	0.000010	0.000010	0.243661	0.000010	0.000010	0.000010	0.064399	LD_0.9_14_1706
QG3837	0.000010	0.000010	0.000010	0.000010	0.000010	0.000010	0.786531	0.000010	0.000010	0.213349	0.000010	0.000010	0.000010	0.000010	LD_0.9_14_1706
QG3851	0.000010	0.000010	0.000010	0.000010	0.000010	0.000010	0.673814	0.000010	0.000010	0.279579	0.000010	0.000010	0.000010	0.046498	LD_0.9_14_1706
QG3861	0.000010	0.000010	0.000010	0.000010	0.000010	0.000010	0.743600	0.000010	0.000010	0.239105	0.000010	0.000010	0.000010	0.017185	LD_0.9_14_1706
QG3867	0.000010	0.000010	0.000010	0.000010	0.000010	0.000010	0.185583	0.000010	0.000010	0.006622	0.607121	0.000010	0.000010	0.200574	LD_0.9_14_1706
QG3874	0.000010	0.000010	0.000010	0.000010	0.000010	0.000010	0.627861	0.000010	0.000010	0.372019	0.000010	0.000010	0.000010	0.000010	LD_0.9_14_1706
QG3875	0.000010	0.000010	0.000010	0.000010	0.000010	0.000010	0.999870	0.000010	0.000010	0.000010	0.000010	0.000010	0.000010	0.000010	LD_0.9_14_1706
QG3876	0.000010	0.000010	0.000010	0.000010	0.000010	0.000010	0.707356	0.000010	0.000010	0.252447	0.000010	0.000010	0.000010	0.040087	LD_0.9_14_1706
QG3878	0.000010	0.000010	0.000010	0.000010	0.000010	0.000010	0.993711	0.000010	0.000010	0.006169	0.000010	0.000010	0.000010	0.000010	LD_0.9_14_1706
QG3920	0.000010	0.000010	0.000010	0.000010	0.000010	0.000010	0.776024	0.000010	0.000010	0.197266	0.000010	0.000010	0.000010	0.026600	LD_0.9_14_1706
QG3921	0.000012	0.000010	0.000010	0.000012	0.000010	0.000010	0.723581	0.000010	0.000010	0.253174	0.000010	0.000010	0.000010	0.023130	LD_0.9_14_1706
QG3923	0.000010	0.000010	0.000010	0.000010	0.000010	0.000010	0.699677	0.000010	0.000010	0.300202	0.000010	0.000011	0.000010	0.000010	LD_0.9_14_1706
QG3924	0.000010	0.000010	0.000010	0.000010	0.000010	0.000010	0.600650	0.000010	0.000010	0.228687	0.000010	0.000010	0.000010	0.170553	LD_0.9_14_1706
QG3925	0.000010	0.000010	0.000010	0.000010	0.000010	0.000010	0.887806	0.000010	0.000010	0.112074	0.000010	0.000010	0.000010	0.000010	LD_0.9_14_1706
QG3926	0.000010	0.000010	0.000010	0.000010	0.000010	0.000010	0.915459	0.000010	0.000010	0.084421	0.000010	0.000010	0.000010	0.000010	LD_0.9_14_1706
QG3927	0.000010	0.000010	0.000010	0.000010	0.000010	0.000010	0.793223	0.000010	0.000010	0.206657	0.000010	0.000010	0.000010	0.000010	LD_0.9_14_1706
QG3931	0.000010	0.000010	0.000010	0.000010	0.000010	0.000010	0.895971	0.000010	0.000010	0.029510	0.000010	0.000010	0.000010	0.074409	LD_0.9_14_1706
QG3932	0.000010	0.000010	0.000010	0.000010	0.000010	0.000010	0.644661	0.000010	0.000010	0.355219	0.000010	0.000010	0.000010	0.000010	LD_0.9_14_1706
QG3933	0.000010	0.000010	0.000010	0.000010	0.000010	0.000010	0.397129	0.000010	0.000010	0.602751	0.000010	0.000010	0.000010	0.000010	LD_0.9_14_1706
QG4026	0.999870	0.000010	0.000010	0.000010	0.000010	0.000010	0.000010	0.000010	0.000010	0.000010	0.000010	0.000010	0.000010	0.000010	LD_0.9_14_1706
QG4028	0.999868	0.000010	0.000010	0.000010	0.000010	0.000010	0.000010	0.000012	0.000010	0.000010	0.000010	0.000010	0.000010	0.000010	LD_0.9_14_1706
QG4031	0.999868	0.000010	0.000010	0.000010	0.000010	0.000010	0.000010	0.000010	0.000010	0.000010	0.000012	0.000010	0.000010	0.000010	LD_0.9_14_1706
QG4063	0.053483	0.000010	0.000010	0.000010	0.946397	0.000010	0.000010	0.000010	0.000010	0.000010	0.000010	0.000010	0.000010	0.000010	LD_0.9_14_1706
QG4064	0.000010	0.000010	0.000010	0.000010	0.999870	0.000010	0.000010	0.000010	0.000010	0.000010	0.000010	0.000010	0.000010	0.000010	LD_0.9_14_1706
QG4067	0.000010	0.000010	0.000010	0.000010	0.999870	0.000010	0.000010	0.000010	0.000010	0.000010	0.000010	0.000010	0.000010	0.000010	LD_0.9_14_1706
QG4068	0.000010	0.000010	0.000010	0.000010	0.999870	0.000010	0.000010	0.000010	0.000010	0.000010	0.000010	0.000010	0.000010	0.000010	LD_0.9_14_1706
QG4070	0.000010	0.000010	0.000010	0.000010	0.000010	0.000010	0.000010	0.000010	0.000010	0.999870	0.000010	0.000010	0.000010	0.000010	LD_0.9_14_1706
QG4093	0.000010	0.000010	0.000010	0.000010	0.928535	0.000010	0.000010	0.071345	0.000010	0.000010	0.000010	0.000010	0.000010	0.000010	LD_0.9_14_1706
QG4094	0.000010	0.000010	0.000010	0.000010	0.999865	0.000015	0.000010	0.000010	0.000010	0.000010	0.000010	0.000010	0.000010	0.000010	LD_0.9_14_1706
QG4095	0.000010	0.000010	0.000010	0.000010	0.999870	0.000010	0.000010	0.000010	0.000010	0.000010	0.000010	0.000010	0.000010	0.000010	LD_0.9_14_1706
QG4096	0.000010	0.000010	0.000010	0.000010	0.999870	0.000010	0.000010	0.000010	0.000010	0.000010	0.000010	0.000010	0.000010	0.000010	LD_0.9_14_1706
QG4097	0.000019	0.000010	0.000010	0.000010	0.999861	0.000010	0.000010	0.000010	0.000010	0.000010	0.000010	0.000010	0.000010	0.000010	LD_0.9_14_1706
QG4104	0.000010	0.000010	0.000010	0.000010	0.999870	0.000010	0.000010	0.000010	0.000010	0.000010	0.000010	0.000010	0.000010	0.000010	LD_0.9_14_1706
QG4114	0.000010	0.000010	0.000010	0.000010	0.999870	0.000010	0.000010	0.000010	0.000010	0.000010	0.000010	0.000010	0.000010	0.000010	LD_0.9_14_1706
QG4131	0.000010	0.000010	0.000010	0.000010	0.999870	0.000010	0.000010	0.000010	0.000010	0.000010	0.000010	0.000010	0.000010	0.000010	LD_0.9_14_1706
QG4132	0.000010	0.000010	0.000010	0.000010	0.999870	0.000010	0.000010	0.000010	0.000010	0.000010	0.000010	0.000010	0.000010	0.000010	LD_0.9_14_1706
QG4208	0.000010	0.000010	0.000010	0.000010	0.894950	0.000010	0.000010	0.104930	0.000010	0.000010	0.000010	0.000010	0.000010	0.000010	LD_0.9_14_1706
QG4214	0.000010	0.000010	0.000010	0.000010	0.999870	0.000010	0.000010	0.000010	0.000010	0.000010	0.000010	0.000010	0.000010	0.000010	LD_0.9_14_1706
QG4225	0.000010	0.000010	0.000010	0.000010	0.999866	0.000010	0.000010	0.000013	0.000010	0.000010	0.000010	0.000010	0.000011	0.000010	LD_0.9_14_1706
QG4232	0.000010	0.000010	0.000010	0.000010	0.999870	0.000010	0.000010	0.000010	0.000010	0.000010	0.000010	0.000010	0.000010	0.000010	LD_0.9_14_1706
QG4233	0.000010	0.000010	0.000010	0.000010	0.999852	0.000019	0.000018	0.000010	0.000010	0.000010	0.000010	0.000010	0.000010	0.000010	LD_0.9_14_1706
QG4647	0.000010	0.000010	0.000010	0.000010	0.000010	0.000010	0.000010	0.000010	0.000010	0.000014	0.000010	0.000010	0.999866	0.000010	LD_0.9_14_1706
QG4648	0.000010	0.000010	0.000010	0.000010	0.000010	0.000010	0.000010	0.000010	0.000010	0.997079	0.000010	0.000010	0.002801	0.000010	LD_0.9_14_1706
QG4683	0.000010	0.000010	0.000010	0.000010	0.000010	0.000010	0.000010	0.000010	0.000010	0.999870	0.000010	0.000010	0.000010	0.000010	LD_0.9_14_1706
QG4701	0.000010	0.000010	0.000012	0.000010	0.000010	0.000010	0.000010	0.000012	0.000010	0.426646	0.000012	0.000010	0.573229	0.000010	LD_0.9_14_1706
QG4706	0.000010	0.000010	0.000010	0.000010	0.000010	0.000010	0.000010	0.000010	0.000010	0.999870	0.000010	0.000010	0.000010	0.000010	LD_0.9_14_1706
QG4718	0.000010	0.000010	0.000010	0.000010	0.000010	0.000010	0.000010	0.000010	0.000010	0.999870	0.000010	0.000010	0.000010	0.000010	LD_0.9_14_1706
QG4742	0.000010	0.000010	0.000010	0.000010	0.000010	0.000013	0.000010	0.000010	0.000010	0.979814	0.000010	0.000010	0.020063	0.000010	LD_0.9_14_1706
QG4805	0.000010	0.000010	0.000010	0.000010	0.000010	0.000010	0.000010	0.000010	0.000010	0.000010	0.000010	0.000010	0.999870	0.000010	LD_0.9_14_1706
QG4847	0.000010	0.000010	0.000010	0.000010	0.000010	0.000010	0.000010	0.000010	0.000010	0.999870	0.000010	0.000010	0.000010	0.000010	LD_0.9_14_1706
QG4966	0.000010	0.000010	0.000010	0.000010	0.000010	0.000010	0.000010	0.000010	0.000010	0.999870	0.000010	0.000010	0.000010	0.000010	LD_0.9_14_1706
QG5348	0.000010	0.000010	0.000010	0.000010	0.000010	0.000010	0.000010	0.000010	0.000010	0.999870	0.000010	0.000010	0.000010	0.000010	LD_0.9_14_1706
QG5406	0.000010	0.000010	0.000010	0.000010	0.000010	0.000010	0.000010	0.000010	0.000010	0.999870	0.000010	0.000010	0.000010	0.000010	LD_0.9_14_1706
QG547	0.000010	0.999870	0.000010	0.000010	0.000010	0.000010	0.000010	0.000010	0.000010	0.000010	0.000010	0.000010	0.000010	0.000010	LD_0.9_14_1706
QG5474	0.000010	0.000010	0.000010	0.000010	0.000010	0.000010	0.000010	0.000010	0.000010	0.346741	0.000010	0.000010	0.653139	0.000010	LD_0.9_14_1706
QG5488	0.000010	0.000010	0.000010	0.000010	0.000010	0.000010	0.000010	0.000010	0.000010	0.999870	0.000010	0.000010	0.000010	0.000010	LD_0.9_14_1706
QG550	0.000010	0.000010	0.000011	0.000010	0.000010	0.627995	0.017372	0.000010	0.000010	0.288660	0.000010	0.000010	0.065872	0.000010	LD_0.9_14_1706
QG5507	0.000010	0.000010	0.000010	0.000010	0.000010	0.000010	0.000010	0.000010	0.000010	0.798163	0.000010	0.000010	0.201717	0.000010	LD_0.9_14_1706
QG5525	0.000010	0.000010	0.000010	0.000010	0.000010	0.000010	0.000010	0.000010	0.000010	0.999867	0.000010	0.000010	0.000013	0.000010	LD_0.9_14_1706
QG5589	0.000010	0.000010	0.000010	0.000010	0.000010	0.000010	0.000010	0.000010	0.000010	0.161644	0.000010	0.000010	0.838236	0.000010	LD_0.9_14_1706
QG5603	0.000010	0.000010	0.000010	0.000010	0.000010	0.000010	0.000010	0.000010	0.000010	0.338509	0.000010	0.000010	0.661371	0.000010	LD_0.9_14_1706
QG5611	0.000010	0.000010	0.000010	0.000010	0.000010	0.000010	0.000010	0.000010	0.000010	0.999870	0.000010	0.000010	0.000010	0.000010	LD_0.9_14_1706
QG5612	0.000010	0.000010	0.000010	0.000010	0.000010	0.000010	0.109145	0.000010	0.000010	0.887696	0.000010	0.000010	0.000010	0.003049	LD_0.9_14_1706
QG5633	0.000010	0.000010	0.000010	0.000010	0.000010	0.000010	0.000010	0.000010	0.000010	0.991193	0.005838	0.000010	0.002859	0.000010	LD_0.9_14_1706
QG581	0.000010	0.999870	0.000010	0.000010	0.000010	0.000010	0.000010	0.000010	0.000010	0.000010	0.000010	0.000010	0.000010	0.000010	LD_0.9_14_1706
QG588	0.000010	0.999870	0.000010	0.000010	0.000010	0.000010	0.000010	0.000010	0.000010	0.000010	0.000010	0.000010	0.000010	0.000010	LD_0.9_14_1706
QG700	0.000010	0.000010	0.000010	0.000010	0.000010	0.000010	0.116599	0.000010	0.000010	0.000010	0.000010	0.000010	0.000010	0.883281	LD_0.9_14_1706
QG727	0.000010	0.000010	0.000010	0.000010	0.000010	0.000010	0.000010	0.000010	0.000010	0.000010	0.000010	0.000010	0.000010	0.999870	LD_0.9_14_1706
QG733	0.000010	0.000015	0.000016	0.000011	0.000011	0.000010	0.000010	0.000010	0.000010	0.000010	0.000010	0.000010	0.000010	0.999857	LD_0.9_14_1706
QG736	0.000010	0.000010	0.000010	0.000010	0.000010	0.000010	0.000010	0.000010	0.000010	0.000010	0.240698	0.000010	0.000010	0.759182	LD_0.9_14_1706
QG737	0.000010	0.000010	0.000010	0.000010	0.000010	0.000010	0.000010	0.000010	0.000010	0.000010	0.627231	0.000010	0.000010	0.372649	LD_0.9_14_1706
QG739	0.000010	0.000010	0.000010	0.000010	0.000010	0.000010	0.000010	0.000010	0.000010	0.000019	0.000010	0.000010	0.000010	0.999861	LD_0.9_14_1706
QG761	0.000010	0.000010	0.000010	0.000010	0.000010	0.000010	0.220900	0.000010	0.000010	0.000010	0.000010	0.000010	0.000010	0.778980	LD_0.9_14_1706
QG763	0.000010	0.000010	0.000010	0.000010	0.000010	0.000010	0.042107	0.000010	0.000010	0.000010	0.317095	0.000010	0.000010	0.640688	LD_0.9_14_1706
QG776	0.000010	0.000010	0.000010	0.000010	0.000010	0.000010	0.000010	0.000010	0.000010	0.000010	0.265751	0.000010	0.000010	0.734129	LD_0.9_14_1706
QG781	0.000010	0.000010	0.000010	0.000010	0.000010	0.000010	0.000010	0.000010	0.000010	0.000010	0.000010	0.000010	0.000010	0.999870	LD_0.9_14_1706
QG784	0.000010	0.000010	0.000010	0.000010	0.000010	0.000010	0.000010	0.000010	0.000010	0.000014	0.850882	0.000010	0.000010	0.148993	LD_0.9_14_1706
QG786	0.000012	0.000010	0.000010	0.000010	0.000015	0.000010	0.000010	0.000010	0.000010	0.000010	0.768929	0.000010	0.000010	0.230945	LD_0.9_14_1706
QG788	0.000010	0.000010	0.000010	0.000010	0.000010	0.000010	0.000010	0.000010	0.000010	0.000010	0.000010	0.000010	0.000010	0.999870	LD_0.9_14_1706
QG790	0.000010	0.000010	0.000010	0.000010	0.000010	0.000010	0.000010	0.000010	0.000010	0.000010	0.652275	0.000010	0.000010	0.347605	LD_0.9_14_1706
QG791	0.000010	0.000010	0.000010	0.000010	0.000010	0.000010	0.000010	0.000010	0.000010	0.055044	0.296033	0.000010	0.000010	0.648813	LD_0.9_14_1706
QG795	0.000010	0.000010	0.000010	0.000010	0.000010	0.000010	0.285758	0.000010	0.000010	0.000010	0.027906	0.000010	0.000010	0.686226	LD_0.9_14_1706
QG797	0.000010	0.000010	0.000010	0.000010	0.000010	0.000010	0.000010	0.000010	0.000010	0.000019	0.999861	0.000010	0.000010	0.000010	LD_0.9_14_1706
QG802	0.000015	0.000010	0.000010	0.000010	0.000010	0.000011	0.000010	0.000010	0.000010	0.000010	0.000010	0.000010	0.000010	0.999864	LD_0.9_14_1706
QG804	0.000010	0.000010	0.000010	0.000010	0.000010	0.000010	0.000010	0.000010	0.000010	0.000010	0.999870	0.000010	0.000010	0.000010	LD_0.9_14_1706
QG806	0.000010	0.000010	0.000010	0.000010	0.000010	0.000010	0.000010	0.000010	0.000010	0.000010	0.000010	0.000010	0.000010	0.999870	LD_0.9_14_1706
QG807	0.000010	0.000010	0.000010	0.000010	0.000010	0.000010	0.000010	0.000010	0.000010	0.000010	0.000010	0.000010	0.000010	0.999870	LD_0.9_14_1706
QG808	0.000010	0.000010	0.000010	0.000010	0.000010	0.000010	0.000010	0.000010	0.000010	0.049624	0.556649	0.000010	0.000010	0.393616	LD_0.9_14_1706
QG809	0.000010	0.000010	0.000010	0.000010	0.000010	0.000010	0.000010	0.000011	0.000010	0.000010	0.999869	0.000010	0.000010	0.000010	LD_0.9_14_1706
QG825	0.000010	0.000010	0.000010	0.000010	0.000010	0.000010	0.000010	0.000010	0.000010	0.000014	0.000010	0.000010	0.000010	0.999866	LD_0.9_14_1706
QG827	0.000013	0.000010	0.000010	0.000010	0.000010	0.000010	0.000010	0.000010	0.000010	0.000010	0.000010	0.000010	0.000010	0.999867	LD_0.9_14_1706
QG828	0.000010	0.000010	0.000010	0.000010	0.000010	0.000010	0.000010	0.000010	0.000010	0.000010	0.000010	0.000010	0.000010	0.999870	LD_0.9_14_1706
QG833	0.000010	0.000010	0.000010	0.000010	0.000010	0.000010	0.000010	0.000010	0.000010	0.000010	0.000010	0.000010	0.000010	0.999870	LD_0.9_14_1706
QG855	0.000010	0.000010	0.000010	0.000010	0.000010	0.000010	0.000010	0.000010	0.000010	0.034572	0.633030	0.000010	0.000010	0.332288	LD_0.9_14_1706
QG856	0.000010	0.000010	0.000010	0.000010	0.000010	0.000010	0.000010	0.000010	0.000010	0.000010	0.104255	0.000010	0.000010	0.895625	LD_0.9_14_1706
QG858	0.000010	0.000010	0.000010	0.000010	0.000010	0.000010	0.000010	0.000010	0.000010	0.000010	0.855615	0.000010	0.000010	0.144265	LD_0.9_14_1706
QG860	0.000010	0.000010	0.000010	0.000010	0.000010	0.000010	0.173042	0.000010	0.000010	0.008668	0.000010	0.000010	0.000010	0.818180	LD_0.9_14_1706
QG864	0.000010	0.000014	0.000010	0.000015	0.000013	0.000010	0.000010	0.000010	0.000010	0.000010	0.677647	0.000010	0.000010	0.322222	LD_0.9_14_1706
QG865	0.000010	0.000010	0.000010	0.000010	0.000010	0.000010	0.000010	0.000010	0.000010	0.000010	0.000010	0.000010	0.000010	0.999870	LD_0.9_14_1706
QG866	0.000010	0.000010	0.000010	0.000010	0.000013	0.000010	0.000010	0.000010	0.000010	0.000010	0.185347	0.000010	0.000010	0.814530	LD_0.9_14_1706
QG868	0.000010	0.000010	0.000015	0.000010	0.000010	0.000010	0.000010	0.000010	0.000010	0.000010	0.000010	0.000010	0.000010	0.999865	LD_0.9_14_1706
QG874	0.000010	0.000010	0.000010	0.000010	0.000010	0.000010	0.000010	0.000010	0.000010	0.000010	0.000010	0.000010	0.000010	0.999870	LD_0.9_14_1706
QG875	0.000011	0.000010	0.000010	0.000012	0.000010	0.000010	0.000010	0.000010	0.000010	0.000010	0.999868	0.000010	0.000010	0.000010	LD_0.9_14_1706
QG878	0.000010	0.000010	0.000010	0.000010	0.000010	0.000010	0.000010	0.000010	0.000010	0.000010	0.000010	0.000010	0.000010	0.999870	LD_0.9_14_1706
QG879	0.000010	0.000010	0.000010	0.000010	0.000010	0.000010	0.000010	0.000010	0.000010	0.000010	0.000010	0.000010	0.000010	0.999870	LD_0.9_14_1706
QG880	0.000010	0.000010	0.000011	0.000010	0.000010	0.000010	0.000010	0.000010	0.000010	0.000010	0.230456	0.000010	0.000010	0.769423	LD_0.9_14_1706
QG881	0.000010	0.000010	0.000010	0.000010	0.000010	0.000010	0.217566	0.000010	0.000010	0.000010	0.000010	0.000010	0.000010	0.782314	LD_0.9_14_1706
QG887	0.000010	0.000010	0.000010	0.000010	0.000010	0.000010	0.000010	0.000010	0.000010	0.000010	0.000410	0.000010	0.000010	0.999470	LD_0.9_14_1706
QG888	0.000010	0.000010	0.000010	0.000010	0.000010	0.000010	0.000010	0.000010	0.000010	0.000010	0.999870	0.000010	0.000010	0.000010	LD_0.9_14_1706
QG926	0.000010	0.000010	0.000010	0.000010	0.000010	0.000010	0.000010	0.000010	0.000010	0.000010	0.000010	0.000010	0.000010	0.999870	LD_0.9_14_1706
QG927	0.000010	0.000010	0.000010	0.000010	0.000010	0.000010	0.000010	0.000010	0.000010	0.931758	0.068122	0.000010	0.000010	0.000010	LD_0.9_14_1706
QG933	0.000010	0.000010	0.000010	0.000010	0.000010	0.000011	0.000010	0.000010	0.000010	0.000010	0.999869	0.000010	0.000010	0.000010	LD_0.9_14_1706
QG937	0.000010	0.000010	0.000010	0.000010	0.000010	0.000010	0.033444	0.000010	0.000010	0.000010	0.966436	0.000010	0.000010	0.000010	LD_0.9_14_1706
QG945	0.000010	0.000010	0.000010	0.000010	0.000010	0.000010	0.000010	0.000010	0.000010	0.000010	0.999870	0.000010	0.000010	0.000010	LD_0.9_14_1706
QG946	0.000010	0.000010	0.000010	0.000010	0.000010	0.000010	0.000010	0.000010	0.000010	0.000010	0.999868	0.000012	0.000010	0.000010	LD_0.9_14_1706
QG947	0.000010	0.000010	0.000010	0.000010	0.000010	0.000010	0.000010	0.000010	0.000010	0.000010	0.000010	0.000010	0.000010	0.999870	LD_0.9_14_1706
QG948	0.000010	0.000010	0.000010	0.000010	0.000010	0.000010	0.000010	0.000010	0.000010	0.000010	0.000010	0.000010	0.000010	0.999870	LD_0.9_14_1706
QG952	0.000010	0.000010	0.000010	0.000010	0.000010	0.000010	0.049770	0.000010	0.000010	0.000010	0.000010	0.000010	0.000010	0.950110	LD_0.9_14_1706
QG978	0.000010	0.000010	0.000010	0.000010	0.000010	0.000010	0.158794	0.000010	0.000010	0.000010	0.841086	0.000010	0.000010	0.000010	LD_0.9_14_1706
QG980	0.000010	0.000010	0.000010	0.000010	0.000010	0.000010	0.000010	0.000010	0.000010	0.000010	0.000010	0.000010	0.000010	0.999870	LD_0.9_14_1706
QG986	0.000010	0.000010	0.000010	0.000010	0.000010	0.000010	0.000010	0.000010	0.000010	0.000010	0.000010	0.000010	0.000010	0.999870	LD_0.9_14_1706
QG991	0.000010	0.000010	0.000010	0.000010	0.000010	0.000010	0.000010	0.000010	0.000010	0.000010	0.000010	0.000010	0.000010	0.999870	LD_0.9_14_1706
QG994	0.000010	0.000010	0.000010	0.000013	0.000010	0.000010	0.000010	0.000010	0.000010	0.000010	0.999867	0.000010	0.000010	0.000010	LD_0.9_14_1706
QG995	0.000010	0.000010	0.000010	0.000010	0.000010	0.000011	0.000010	0.000010	0.000010	0.000010	0.000019	0.000010	0.000010	0.999860	LD_0.9_14_1706
QG997	0.000011	0.000010	0.000010	0.000010	0.000011	0.000010	0.000010	0.000010	0.000010	0.000010	0.000010	0.000010	0.000010	0.999868	LD_0.9_14_1706
QG998	0.000010	0.000010	0.000010	0.000010	0.000010	0.000010	0.000010	0.000010	0.000010	0.000010	0.999870	0.000010	0.000010	0.000010	LD_0.9_14_1706
QR25	0.000010	0.252948	0.728350	0.000010	0.000010	0.000010	0.000010	0.000010	0.000010	0.018592	0.000010	0.000010	0.000010	0.000010	LD_0.9_14_1706
QX1410	0.000010	0.000010	0.000010	0.000010	0.000010	0.000010	0.812155	0.000010	0.000010	0.187725	0.000010	0.000010	0.000010	0.000010	LD_0.9_14_1706
QX1547	0.000010	0.999870	0.000010	0.000010	0.000010	0.000010	0.000010	0.000010	0.000010	0.000010	0.000010	0.000010	0.000010	0.000010	LD_0.9_14_1706
QX1795	0.000010	0.000010	0.000010	0.000010	0.000010	0.000010	0.137946	0.000010	0.000010	0.861934	0.000010	0.000010	0.000010	0.000010	LD_0.9_14_1706
QX1796	0.000010	0.000010	0.000010	0.000010	0.000010	0.000010	0.000010	0.000010	0.000010	0.999870	0.000010	0.000010	0.000010	0.000010	LD_0.9_14_1706
QX1798	0.000010	0.000010	0.000010	0.000010	0.000010	0.000010	0.000010	0.000010	0.000010	0.000010	0.000010	0.999870	0.000010	0.000010	LD_0.9_14_1706
QX1800	0.000010	0.000010	0.000010	0.000010	0.000010	0.000010	0.000010	0.000010	0.000010	0.999870	0.000010	0.000010	0.000010	0.000010	LD_0.9_14_1706
QX1801	0.000010	0.000010	0.000010	0.000010	0.000010	0.000010	0.000010	0.000010	0.000010	0.999870	0.000010	0.000010	0.000010	0.000010	LD_0.9_14_1706
QX1802	0.000010	0.000010	0.000010	0.000010	0.000010	0.000010	0.000010	0.000010	0.000010	0.999870	0.000010	0.000010	0.000010	0.000010	LD_0.9_14_1706
QX1803	0.000010	0.000010	0.000010	0.000010	0.000010	0.000010	0.000010	0.000010	0.000010	0.999870	0.000010	0.000010	0.000010	0.000010	LD_0.9_14_1706
QX1804	0.000010	0.000010	0.000010	0.000010	0.000010	0.000010	0.000010	0.000010	0.000010	0.999870	0.000010	0.000010	0.000010	0.000010	LD_0.9_14_1706
SOW18	0.000010	0.999862	0.000011	0.000010	0.000010	0.000010	0.000010	0.000010	0.000010	0.000010	0.000010	0.000017	0.000010	0.000010	LD_0.9_14_1706
SOW21	0.000010	0.999870	0.000010	0.000010	0.000010	0.000010	0.000010	0.000010	0.000010	0.000010	0.000010	0.000010	0.000010	0.000010	LD_0.9_14_1706
SOW22	0.000010	0.999859	0.000010	0.000010	0.000010	0.000010	0.000010	0.000010	0.000017	0.000010	0.000014	0.000010	0.000010	0.000010	LD_0.9_14_1706
TT3408	0.000010	0.000010	0.000010	0.000010	0.000010	0.000010	0.000010	0.000010	0.000010	0.999870	0.000010	0.000010	0.000010	0.000010	LD_0.9_14_1706
TT3411	0.000010	0.000010	0.000010	0.000010	0.000010	0.000010	0.000010	0.000010	0.000010	0.999870	0.000010	0.000010	0.000010	0.000010	LD_0.9_14_1706
TWN1772	0.000014	0.000010	0.000010	0.000010	0.000010	0.000010	0.000010	0.000010	0.000010	0.000010	0.000010	0.999866	0.000010	0.000010	LD_0.9_14_1706
TWN1824	0.000010	0.000010	0.000010	0.000010	0.000017	0.000010	0.000010	0.000011	0.999861	0.000010	0.000010	0.000010	0.000010	0.000010	LD_0.9_14_1706
TWN1899	0.000010	0.000010	0.000010	0.000010	0.000010	0.000010	0.000010	0.000010	0.999870	0.000010	0.000010	0.000010	0.000010	0.000010	LD_0.9_14_1706
TWN1907	0.000010	0.000010	0.000019	0.000010	0.000010	0.000010	0.000010	0.000010	0.000010	0.000010	0.000020	0.999851	0.000010	0.000010	LD_0.9_14_1706
TWN2919	0.000010	0.000010	0.000010	0.000010	0.000010	0.000010	0.000010	0.000010	0.000010	0.000010	0.000010	0.999870	0.000010	0.000010	LD_0.9_14_1706
TWN3077	0.000012	0.000010	0.000010	0.000010	0.000010	0.000010	0.000010	0.000010	0.000013	0.000010	0.000010	0.999865	0.000010	0.000010	LD_0.9_14_1706
UH1	0.000010	0.000010	0.000010	0.000010	0.000010	0.000010	0.000012	0.000010	0.000010	0.000010	0.000011	0.999868	0.000010	0.000010	LD_0.9_14_1706
VSL2201	0.000010	0.000011	0.000010	0.000010	0.000010	0.699157	0.000010	0.000010	0.000010	0.300722	0.000010	0.000010	0.000010	0.000010	LD_0.9_14_1706
VSL2207	0.000010	0.000010	0.000010	0.000010	0.000010	0.000010	0.000010	0.999869	0.000010	0.000010	0.000010	0.000010	0.000010	0.000010	LD_0.9_14_1706
VSL2209	0.000010	0.000011	0.000010	0.000010	0.000010	0.000010	0.000010	0.999869	0.000010	0.000010	0.000010	0.000010	0.000010	0.000010	LD_0.9_14_1706
VSL2210	0.000010	0.000010	0.000010	0.000010	0.000010	0.148351	0.042637	0.000010	0.000010	0.808902	0.000010	0.000010	0.000010	0.000010	LD_0.9_14_1706
VSL2212	0.000010	0.000010	0.000010	0.000010	0.000010	0.187318	0.000010	0.000010	0.000010	0.812562	0.000010	0.000010	0.000010	0.000010	LD_0.9_14_1706
VSL2213	0.000010	0.000010	0.000010	0.000010	0.000010	0.999867	0.000010	0.000010	0.000010	0.000010	0.000013	0.000010	0.000010	0.000010	LD_0.9_14_1706
VSL2215	0.000010	0.000010	0.000010	0.000010	0.000010	0.928109	0.000010	0.000010	0.000010	0.071771	0.000010	0.000010	0.000010	0.000010	LD_0.9_14_1706
VSL2216	0.000010	0.000010	0.000010	0.000010	0.000010	0.999870	0.000010	0.000010	0.000010	0.000010	0.000010	0.000010	0.000010	0.000010	LD_0.9_14_1706
VSL2217	0.000010	0.000010	0.000010	0.000010	0.000010	0.000010	0.000010	0.000010	0.000010	0.000010	0.000011	0.000010	0.999869	0.000010	LD_0.9_14_1706
VSL2219	0.000010	0.000010	0.000010	0.000010	0.000010	0.000010	0.000010	0.000010	0.000010	0.999870	0.000010	0.000010	0.000010	0.000010	LD_0.9_14_1706
VT847	0.000010	0.000010	0.000010	0.000010	0.000010	0.000010	0.090823	0.000010	0.000010	0.909057	0.000010	0.000010	0.000010	0.000010	LD_0.9_14_1706
VX34	0.000010	0.116933	0.882947	0.000010	0.000010	0.000010	0.000010	0.000010	0.000010	0.000010	0.000010	0.000010	0.000010	0.000010	LD_0.9_14_1706
XZ1204	0.000010	0.000010	0.000010	0.000010	0.000010	0.484560	0.030346	0.000010	0.000010	0.484984	0.000010	0.000010	0.000010	0.000010	LD_0.9_14_1706
XZ1205	0.000010	0.000010	0.000010	0.000010	0.000010	0.999870	0.000010	0.000010	0.000010	0.000010	0.000010	0.000010	0.000010	0.000010	LD_0.9_14_1706
XZ1206	0.000010	0.000010	0.000010	0.000010	0.000010	0.999870	0.000010	0.000010	0.000010	0.000010	0.000010	0.000010	0.000010	0.000010	LD_0.9_14_1706
XZ1207	0.000010	0.000010	0.000010	0.000010	0.000010	0.012411	0.050227	0.000010	0.000010	0.937252	0.000010	0.000010	0.000010	0.000010	LD_0.9_14_1706
XZ1210	0.000010	0.000010	0.000010	0.000010	0.000010	0.000010	0.133057	0.000010	0.000010	0.866823	0.000010	0.000010	0.000010	0.000010	LD_0.9_14_1706
XZ1212	0.000010	0.000010	0.000010	0.000010	0.000010	0.000015	0.079218	0.000010	0.000010	0.920656	0.000010	0.000010	0.000010	0.000010	LD_0.9_14_1706
XZ1213	0.000010	0.000010	0.000010	0.000010	0.000010	0.000010	0.000010	0.000010	0.000010	0.999870	0.000010	0.000010	0.000010	0.000010	LD_0.9_14_1706
XZ1731	0.000010	0.000010	0.000010	0.000010	0.000010	0.000010	0.115198	0.000010	0.000010	0.884682	0.000010	0.000010	0.000010	0.000010	LD_0.9_14_1706
XZ1732	0.000010	0.000010	0.000010	0.000010	0.000010	0.000010	0.378986	0.000010	0.000010	0.620894	0.000010	0.000010	0.000010	0.000010	LD_0.9_14_1706
ZZY0992	0.000010	0.000010	0.000010	0.000010	0.000010	0.000010	0.000010	0.000010	0.000010	0.000010	0.000010	0.000010	0.999870	0.000010	LD_0.9_14_1706
ZZY1034	0.000010	0.000010	0.000010	0.000010	0.000010	0.000010	0.000010	0.000010	0.000010	0.999870	0.000010	0.000010	0.000010	0.000010	LD_0.9_14_1706
ZZY1075	0.000010	0.000010	0.000010	0.000010	0.000011	0.000010	0.000010	0.000010	0.000010	0.999868	0.000010	0.000010	0.000010	0.000010	LD_0.9_14_1706
ZZY1123	0.000010	0.000010	0.000010	0.000010	0.000010	0.000010	0.000010	0.000010	0.000010	0.000010	0.000010	0.000010	0.999870	0.000010	LD_0.9_14_1706
ZZY1130	0.000010	0.000010	0.000010	0.000012	0.000010	0.000010	0.000010	0.000010	0.000010	0.999865	0.000012	0.000010	0.000010	0.000010	LD_0.9_14_1706
ZZY405	0.000010	0.000010	0.000010	0.000010	0.000010	0.000010	0.000010	0.000010	0.000010	0.999870	0.000010	0.000010	0.000010	0.000010	LD_0.9_14_1706
AF16	0.000010	0.000010	0.000010	0.999870	0.000010	0.000010	0.000010	0.000010	0.000010	0.000010	0.000010	0.000010	0.000010	0.000010	LD_0.9_14_1807
BRC20069	0.000010	0.000010	0.000010	0.999870	0.000010	0.000010	0.000010	0.000010	0.000010	0.000010	0.000010	0.000010	0.000010	0.000010	LD_0.9_14_1807
BRC20073	0.000010	0.000010	0.000010	0.999870	0.000010	0.000010	0.000010	0.000010	0.000010	0.000010	0.000010	0.000010	0.000010	0.000010	LD_0.9_14_1807
BRC20075	0.000010	0.000010	0.000010	0.000010	0.999870	0.000010	0.000010	0.000010	0.000010	0.000010	0.000010	0.000010	0.000010	0.000010	LD_0.9_14_1807
BRC20077	0.012973	0.000010	0.000010	0.984747	0.000010	0.000010	0.000010	0.000010	0.000010	0.000010	0.002171	0.000010	0.000010	0.000010	LD_0.9_14_1807
BRC20081	0.000010	0.000010	0.000010	0.000010	0.000011	0.000010	0.000010	0.000010	0.000010	0.000010	0.000010	0.999869	0.000010	0.000010	LD_0.9_14_1807
BRC20085	0.000010	0.000010	0.000010	0.263929	0.000010	0.000010	0.109610	0.000010	0.000010	0.000010	0.539676	0.000010	0.000010	0.086684	LD_0.9_14_1807
BRC20088	0.000010	0.000010	0.000010	0.000010	0.000010	0.000010	0.000010	0.000010	0.000010	0.000010	0.000010	0.999870	0.000010	0.000010	LD_0.9_14_1807
BRC20089	0.000010	0.000010	0.000010	0.999870	0.000010	0.000010	0.000010	0.000010	0.000010	0.000010	0.000010	0.000010	0.000010	0.000010	LD_0.9_14_1807
BRC20090	0.000010	0.000010	0.002104	0.949830	0.000010	0.000010	0.000010	0.000010	0.000010	0.000010	0.000010	0.000010	0.000010	0.047956	LD_0.9_14_1807
BRC20092	0.000010	0.000010	0.000010	0.206564	0.000010	0.000010	0.203088	0.000010	0.000010	0.000010	0.590239	0.000010	0.000010	0.000010	LD_0.9_14_1807
BRC20093	0.000010	0.000010	0.000010	0.999870	0.000010	0.000010	0.000010	0.000010	0.000010	0.000010	0.000010	0.000010	0.000010	0.000010	LD_0.9_14_1807
BRC20094	0.000010	0.000010	0.000010	0.188118	0.000010	0.000010	0.214552	0.000010	0.000010	0.000010	0.563807	0.000010	0.000010	0.033423	LD_0.9_14_1807
BRC20095	0.000010	0.000010	0.000010	0.999870	0.000010	0.000010	0.000010	0.000010	0.000010	0.000010	0.000010	0.000010	0.000010	0.000010	LD_0.9_14_1807
BRC20096	0.000010	0.000010	0.000010	0.999870	0.000010	0.000010	0.000010	0.000010	0.000010	0.000010	0.000010	0.000010	0.000010	0.000010	LD_0.9_14_1807
BRC20098	0.000010	0.000010	0.000010	0.999870	0.000010	0.000010	0.000010	0.000010	0.000010	0.000010	0.000010	0.000010	0.000010	0.000010	LD_0.9_14_1807
BRC20099	0.000010	0.000010	0.000010	0.991009	0.000010	0.000010	0.000010	0.000010	0.000010	0.000010	0.008871	0.000010	0.000010	0.000010	LD_0.9_14_1807
BRC20100	0.000010	0.000010	0.000010	0.999870	0.000010	0.000010	0.000010	0.000010	0.000010	0.000010	0.000010	0.000010	0.000010	0.000010	LD_0.9_14_1807
BRC20102	0.000010	0.000010	0.000010	0.999870	0.000010	0.000010	0.000010	0.000010	0.000010	0.000010	0.000010	0.000010	0.000010	0.000010	LD_0.9_14_1807
BRC20103	0.000010	0.000010	0.000010	0.999868	0.000010	0.000010	0.000012	0.000010	0.000010	0.000010	0.000010	0.000010	0.000010	0.000010	LD_0.9_14_1807
BRC20105	0.000010	0.000010	0.000010	0.158816	0.000010	0.000010	0.159949	0.000010	0.000010	0.000010	0.596589	0.000010	0.000010	0.084545	LD_0.9_14_1807
BRC20107	0.000010	0.000010	0.000010	0.161740	0.000010	0.000010	0.176873	0.000010	0.000010	0.000010	0.575927	0.000010	0.000010	0.085360	LD_0.9_14_1807
BRC20115	0.000010	0.000011	0.000010	0.000011	0.000010	0.000010	0.000011	0.000010	0.999864	0.000010	0.000012	0.000010	0.000010	0.000010	LD_0.9_14_1807
BRC20119	0.000010	0.000011	0.000010	0.281857	0.000010	0.000010	0.000010	0.000010	0.000010	0.000010	0.000010	0.000010	0.000010	0.718022	LD_0.9_14_1807
BRC20228	0.000010	0.000010	0.000010	0.999870	0.000010	0.000010	0.000010	0.000010	0.000010	0.000010	0.000010	0.000010	0.000010	0.000010	LD_0.9_14_1807
BRC20229	0.000010	0.000010	0.000010	0.000010	0.999864	0.000010	0.000010	0.000010	0.000010	0.000016	0.000010	0.000010	0.000010	0.000010	LD_0.9_14_1807
BRC20230	0.000010	0.000010	0.000010	0.000010	0.000010	0.000010	0.000010	0.000010	0.000010	0.000010	0.000010	0.999870	0.000010	0.000010	LD_0.9_14_1807
BRC20232	0.000010	0.000010	0.000010	0.000010	0.999852	0.000010	0.000010	0.000010	0.000020	0.000018	0.000010	0.000010	0.000010	0.000010	LD_0.9_14_1807
BRC20238	0.000010	0.000010	0.000010	0.000010	0.000010	0.000010	0.000010	0.000010	0.000010	0.000014	0.000010	0.999866	0.000010	0.000010	LD_0.9_14_1807
BRC20239	0.000010	0.000010	0.000010	0.000010	0.999870	0.000010	0.000010	0.000010	0.000010	0.000010	0.000010	0.000010	0.000010	0.000010	LD_0.9_14_1807
BRC20241	0.000010	0.000012	0.000010	0.930535	0.000010	0.000010	0.000010	0.000010	0.000010	0.000010	0.000010	0.000010	0.000010	0.069343	LD_0.9_14_1807
BRC20242	0.000010	0.000010	0.000010	0.999870	0.000010	0.000010	0.000010	0.000010	0.000010	0.000010	0.000010	0.000010	0.000010	0.000010	LD_0.9_14_1807
BRC20244	0.000010	0.000010	0.000010	0.000010	0.000010	0.000010	0.000010	0.000010	0.000010	0.000010	0.000010	0.999870	0.000010	0.000010	LD_0.9_14_1807
BRC20246	0.000010	0.000015	0.000010	0.000010	0.000010	0.000010	0.000010	0.000010	0.000010	0.000015	0.000010	0.999860	0.000010	0.000010	LD_0.9_14_1807
BRC20257	0.000010	0.000010	0.000010	0.000010	0.000017	0.000010	0.000010	0.000010	0.000010	0.000010	0.000010	0.000010	0.000010	0.999863	LD_0.9_14_1807
BRC20260	0.000010	0.000010	0.000010	0.999870	0.000010	0.000010	0.000010	0.000010	0.000010	0.000010	0.000010	0.000010	0.000010	0.000010	LD_0.9_14_1807
BRC20270	0.000010	0.000010	0.000010	0.000010	0.000010	0.000010	0.000010	0.000010	0.000010	0.000010	0.000010	0.999870	0.000010	0.000010	LD_0.9_14_1807
BRC20272	0.000010	0.000010	0.000010	0.000010	0.000010	0.000010	0.000010	0.000010	0.000010	0.000010	0.000010	0.999870	0.000010	0.000010	LD_0.9_14_1807
BRC20289	0.000010	0.000010	0.000010	0.000010	0.000010	0.000010	0.000010	0.000010	0.000010	0.000010	0.000010	0.999870	0.000010	0.000010	LD_0.9_14_1807
BRC20290	0.000010	0.000010	0.000010	0.000010	0.000010	0.000010	0.000010	0.000010	0.000010	0.000010	0.000010	0.999870	0.000010	0.000010	LD_0.9_14_1807
BRC20294	0.000010	0.000010	0.000010	0.999870	0.000010	0.000010	0.000010	0.000010	0.000010	0.000010	0.000010	0.000010	0.000010	0.000010	LD_0.9_14_1807
BRC20308	0.000010	0.000010	0.000010	0.000010	0.000010	0.000010	0.000010	0.000010	0.000010	0.000010	0.000010	0.999870	0.000010	0.000010	LD_0.9_14_1807
BRC20309	0.000010	0.000011	0.000010	0.000010	0.000010	0.000010	0.000010	0.000010	0.000010	0.000010	0.000010	0.999869	0.000010	0.000010	LD_0.9_14_1807
BRC20311	0.000010	0.000010	0.000010	0.000010	0.000010	0.000010	0.000010	0.000010	0.000010	0.000010	0.000010	0.999870	0.000010	0.000010	LD_0.9_14_1807
BRC20312	0.000010	0.000010	0.000010	0.000010	0.000010	0.000010	0.000010	0.000010	0.000010	0.000010	0.000010	0.999870	0.000010	0.000010	LD_0.9_14_1807
BRC20315	0.000010	0.000011	0.000010	0.000010	0.000010	0.000010	0.000010	0.000010	0.000010	0.000010	0.000010	0.999869	0.000010	0.000010	LD_0.9_14_1807
BRC20320	0.000010	0.000010	0.000010	0.000010	0.000010	0.000010	0.000010	0.000010	0.000016	0.000016	0.000010	0.999858	0.000010	0.000010	LD_0.9_14_1807
BRC20324	0.000010	0.000010	0.000010	0.357070	0.642810	0.000010	0.000010	0.000010	0.000010	0.000010	0.000010	0.000010	0.000010	0.000010	LD_0.9_14_1807
BRC20331	0.000010	0.000010	0.000010	0.000010	0.000010	0.000010	0.000010	0.000010	0.000010	0.000010	0.000014	0.999866	0.000010	0.000010	LD_0.9_14_1807
BRC20333	0.000010	0.000010	0.000010	0.000010	0.000010	0.000010	0.000010	0.000010	0.000010	0.000010	0.000010	0.999870	0.000010	0.000010	LD_0.9_14_1807
BRC20334	0.000010	0.000010	0.000010	0.000010	0.000010	0.000010	0.000010	0.000013	0.000014	0.000010	0.000010	0.999863	0.000010	0.000010	LD_0.9_14_1807
BRC20339	0.000010	0.000010	0.000010	0.000010	0.000016	0.000010	0.000010	0.000010	0.000010	0.000010	0.000010	0.999864	0.000010	0.000010	LD_0.9_14_1807
BRC20341	0.000010	0.000010	0.000010	0.000010	0.000010	0.000010	0.000010	0.000010	0.000010	0.000019	0.000010	0.999861	0.000010	0.000010	LD_0.9_14_1807
BRC20343	0.000010	0.000010	0.000010	0.000010	0.999864	0.000010	0.000010	0.000010	0.000010	0.000016	0.000010	0.000010	0.000010	0.000010	LD_0.9_14_1807
BRC20346	0.000010	0.000010	0.000010	0.000010	0.000010	0.000010	0.000010	0.000010	0.000010	0.000010	0.000010	0.999870	0.000010	0.000010	LD_0.9_14_1807
BRC20347	0.000010	0.000010	0.000010	0.000010	0.999860	0.000010	0.000020	0.000010	0.000010	0.000010	0.000010	0.000010	0.000010	0.000010	LD_0.9_14_1807
BRC20348	0.000010	0.000010	0.000010	0.000010	0.000010	0.000010	0.000010	0.000010	0.000010	0.000010	0.000010	0.999870	0.000010	0.000010	LD_0.9_14_1807
BRC20353	0.000010	0.000010	0.000010	0.000010	0.000013	0.000010	0.999864	0.000010	0.000010	0.000010	0.000011	0.000010	0.000011	0.000010	LD_0.9_14_1807
BRC20360	0.000010	0.000010	0.000010	0.000017	0.000010	0.000010	0.999862	0.000010	0.000010	0.000010	0.000011	0.000010	0.000010	0.000010	LD_0.9_14_1807
BRC20361	0.000010	0.000010	0.000010	0.000010	0.000010	0.000010	0.999870	0.000010	0.000010	0.000010	0.000010	0.000010	0.000010	0.000010	LD_0.9_14_1807
BRC20362	0.000010	0.000011	0.000012	0.000010	0.000014	0.000010	0.999857	0.000010	0.000010	0.000015	0.000010	0.000011	0.000010	0.000010	LD_0.9_14_1807
BRC20366	0.000010	0.000010	0.000010	0.000015	0.000011	0.000010	0.000010	0.000010	0.000010	0.000010	0.000010	0.999864	0.000010	0.000010	LD_0.9_14_1807
BRC20367	0.000010	0.000010	0.000010	0.000010	0.000010	0.000010	0.000010	0.000010	0.000010	0.000010	0.000010	0.999870	0.000010	0.000010	LD_0.9_14_1807
BRC20369	0.000010	0.000010	0.000010	0.999866	0.000010	0.000010	0.000010	0.000010	0.000010	0.000010	0.000014	0.000010	0.000010	0.000010	LD_0.9_14_1807
BRC20370	0.000010	0.000010	0.000010	0.000010	0.000010	0.000010	0.000010	0.000010	0.000010	0.000010	0.000010	0.999870	0.000010	0.000010	LD_0.9_14_1807
BRC20388	0.000010	0.000010	0.000010	0.000010	0.000010	0.999870	0.000010	0.000010	0.000010	0.000010	0.000010	0.000010	0.000010	0.000010	LD_0.9_14_1807
BRC20390	0.000010	0.000010	0.000010	0.000010	0.000010	0.000010	0.000010	0.000010	0.000010	0.000010	0.000010	0.999870	0.000010	0.000010	LD_0.9_14_1807
BRC20401	0.000010	0.000010	0.000010	0.999870	0.000010	0.000010	0.000010	0.000010	0.000010	0.000010	0.000010	0.000010	0.000010	0.000010	LD_0.9_14_1807
BRC20463	0.000010	0.000010	0.000010	0.000010	0.000010	0.000010	0.000010	0.000010	0.000010	0.000010	0.000010	0.999870	0.000010	0.000010	LD_0.9_14_1807
BRC20492	0.000010	0.000011	0.000010	0.000010	0.000010	0.000010	0.000010	0.000010	0.999857	0.000010	0.000015	0.000018	0.000010	0.000010	LD_0.9_14_1807
BRC20498	0.000010	0.000010	0.000010	0.999868	0.000010	0.000010	0.000012	0.000010	0.000010	0.000010	0.000010	0.000010	0.000010	0.000010	LD_0.9_14_1807
BRC20499	0.000010	0.000010	0.000010	0.000010	0.000010	0.000010	0.000010	0.000010	0.000010	0.000010	0.000010	0.999870	0.000010	0.000010	LD_0.9_14_1807
BRC20501	0.000010	0.000010	0.000010	0.000012	0.000015	0.000010	0.000010	0.000010	0.000010	0.000010	0.000019	0.999855	0.000010	0.000010	LD_0.9_14_1807
BRC20502	0.000010	0.000016	0.000010	0.000010	0.000010	0.000010	0.000010	0.000010	0.000010	0.999864	0.000010	0.000010	0.000010	0.000010	LD_0.9_14_1807
BRC20503	0.000010	0.000010	0.000010	0.000010	0.000010	0.000010	0.000010	0.000010	0.000010	0.999870	0.000010	0.000010	0.000010	0.000010	LD_0.9_14_1807
BRC20519	0.000010	0.000010	0.000010	0.000010	0.000010	0.000010	0.000010	0.000010	0.999870	0.000010	0.000010	0.000010	0.000010	0.000010	LD_0.9_14_1807
BRC20520	0.000010	0.000011	0.000010	0.000010	0.000010	0.000010	0.000010	0.000010	0.999867	0.000010	0.000010	0.000010	0.000012	0.000010	LD_0.9_14_1807
BRC20522	0.000010	0.000010	0.000010	0.000010	0.999870	0.000010	0.000010	0.000010	0.000010	0.000010	0.000010	0.000010	0.000010	0.000010	LD_0.9_14_1807
BRC20524	0.000010	0.000010	0.000015	0.000010	0.999859	0.000010	0.000010	0.000010	0.000010	0.000016	0.000010	0.000010	0.000010	0.000010	LD_0.9_14_1807
BRC20529	0.000010	0.000010	0.000010	0.000010	0.000010	0.000010	0.000010	0.000010	0.000010	0.000010	0.000010	0.999870	0.000010	0.000010	LD_0.9_14_1807
BRC20530	0.000010	0.000010	0.000010	0.000010	0.999870	0.000010	0.000010	0.000010	0.000010	0.000010	0.000010	0.000010	0.000010	0.000010	LD_0.9_14_1807
BRC20531	0.000010	0.000010	0.000010	0.000010	0.999862	0.000010	0.000010	0.000010	0.000010	0.000010	0.000010	0.000018	0.000010	0.000010	LD_0.9_14_1807
BRC20532	0.000010	0.000010	0.000010	0.000017	0.000016	0.000010	0.000010	0.000010	0.000010	0.000010	0.000010	0.999857	0.000010	0.000010	LD_0.9_14_1807
BRC20533	0.000020	0.000010	0.000010	0.000010	0.000010	0.000010	0.000010	0.000010	0.000010	0.000010	0.000010	0.999860	0.000010	0.000010	LD_0.9_14_1807
BRC20534	0.000010	0.000010	0.000010	0.000010	0.000010	0.000010	0.000011	0.000010	0.000010	0.000010	0.000010	0.999869	0.000010	0.000010	LD_0.9_14_1807
BRC20535	0.000010	0.000011	0.000010	0.000010	0.000010	0.000010	0.000010	0.000010	0.000010	0.000012	0.000010	0.999867	0.000010	0.000010	LD_0.9_14_1807
BRC20536	0.000010	0.000010	0.000010	0.000010	0.000017	0.000010	0.000010	0.000010	0.000010	0.000018	0.000010	0.999855	0.000010	0.000010	LD_0.9_14_1807
BRC20537	0.000010	0.000011	0.000010	0.000010	0.000010	0.000010	0.000010	0.000010	0.000010	0.000010	0.000010	0.999869	0.000010	0.000010	LD_0.9_14_1807
BRC20541	0.000010	0.000010	0.000010	0.000010	0.000010	0.000010	0.000010	0.000010	0.999870	0.000010	0.000010	0.000010	0.000010	0.000010	LD_0.9_14_1807
BRC20543	0.000010	0.000010	0.000010	0.000010	0.000010	0.000010	0.000010	0.000010	0.000010	0.000010	0.000010	0.999870	0.000010	0.000010	LD_0.9_14_1807
BRC20544	0.000010	0.000013	0.000017	0.000010	0.000010	0.000010	0.000010	0.000014	0.000010	0.000010	0.000010	0.999856	0.000010	0.000010	LD_0.9_14_1807
BRC20545	0.000010	0.000010	0.000010	0.000010	0.000010	0.000010	0.000010	0.000010	0.000010	0.000010	0.000010	0.999870	0.000010	0.000010	LD_0.9_14_1807
BRC20556	0.000010	0.000010	0.000010	0.999870	0.000010	0.000010	0.000010	0.000010	0.000010	0.000010	0.000010	0.000010	0.000010	0.000010	LD_0.9_14_1807
BRC20557	0.000010	0.000010	0.000010	0.000010	0.000010	0.000010	0.000010	0.000010	0.000010	0.000010	0.000010	0.999870	0.000010	0.000010	LD_0.9_14_1807
BRC20565	0.000010	0.000010	0.000010	0.999870	0.000010	0.000010	0.000010	0.000010	0.000010	0.000010	0.000010	0.000010	0.000010	0.000010	LD_0.9_14_1807
BRC20571	0.000010	0.000010	0.000010	0.925119	0.000010	0.000010	0.010274	0.000011	0.000010	0.000011	0.037441	0.000011	0.000010	0.027063	LD_0.9_14_1807
BRC20574	0.000010	0.000010	0.000010	0.999869	0.000010	0.000010	0.000010	0.000010	0.000010	0.000010	0.000010	0.000010	0.000010	0.000010	LD_0.9_14_1807
BW287	0.000010	0.000010	0.000010	0.000010	0.000010	0.999870	0.000010	0.000010	0.000010	0.000010	0.000010	0.000010	0.000010	0.000010	LD_0.9_14_1807
DF5100	0.582811	0.000010	0.000010	0.342533	0.000011	0.000011	0.000010	0.000010	0.000010	0.000010	0.074542	0.000010	0.000013	0.000010	LD_0.9_14_1807
ECA1129	0.000010	0.000010	0.000010	0.999870	0.000010	0.000010	0.000010	0.000010	0.000010	0.000010	0.000010	0.000010	0.000010	0.000010	LD_0.9_14_1807
ECA1143	0.000010	0.000010	0.000010	0.720105	0.000010	0.000010	0.000010	0.000010	0.000010	0.000010	0.279775	0.000010	0.000010	0.000010	LD_0.9_14_1807
ECA1147	0.000010	0.000010	0.000010	0.999870	0.000010	0.000010	0.000010	0.000010	0.000010	0.000010	0.000010	0.000010	0.000010	0.000010	LD_0.9_14_1807
ECA1149	0.000010	0.000010	0.000010	0.958083	0.000010	0.000010	0.000010	0.000010	0.000010	0.000010	0.000010	0.041797	0.000010	0.000010	LD_0.9_14_1807
ECA1160	0.000010	0.000010	0.000010	0.999870	0.000010	0.000010	0.000010	0.000010	0.000010	0.000010	0.000010	0.000010	0.000010	0.000010	LD_0.9_14_1807
ECA1164	0.000010	0.000010	0.000010	0.999870	0.000010	0.000010	0.000010	0.000010	0.000010	0.000010	0.000010	0.000010	0.000010	0.000010	LD_0.9_14_1807
ECA1170	0.000010	0.000010	0.000010	0.000010	0.000010	0.000010	0.000010	0.000010	0.000010	0.000010	0.000010	0.999870	0.000010	0.000010	LD_0.9_14_1807
ECA1174	0.000010	0.000010	0.000010	0.999870	0.000010	0.000010	0.000010	0.000010	0.000010	0.000010	0.000010	0.000010	0.000010	0.000010	LD_0.9_14_1807
ECA1383	0.000010	0.000010	0.000010	0.000010	0.000010	0.000010	0.000010	0.000010	0.000010	0.000019	0.000010	0.999861	0.000010	0.000010	LD_0.9_14_1807
ECA1411	0.000010	0.000010	0.000010	0.999870	0.000010	0.000010	0.000010	0.000010	0.000010	0.000010	0.000010	0.000010	0.000010	0.000010	LD_0.9_14_1807
ECA1423	0.000010	0.000010	0.000010	0.984396	0.000010	0.000010	0.000010	0.000010	0.000010	0.000010	0.015484	0.000010	0.000010	0.000010	LD_0.9_14_1807
ECA1429	0.000010	0.000010	0.000010	0.999870	0.000010	0.000010	0.000010	0.000010	0.000010	0.000010	0.000010	0.000010	0.000010	0.000010	LD_0.9_14_1807
ECA1431	0.000010	0.000010	0.000010	0.999870	0.000010	0.000010	0.000010	0.000010	0.000010	0.000010	0.000010	0.000010	0.000010	0.000010	LD_0.9_14_1807
ECA1437	0.000010	0.000010	0.000010	0.999870	0.000010	0.000010	0.000010	0.000010	0.000010	0.000010	0.000010	0.000010	0.000010	0.000010	LD_0.9_14_1807
ECA1439	0.274675	0.000010	0.000010	0.725204	0.000011	0.000010	0.000010	0.000010	0.000010	0.000010	0.000010	0.000010	0.000010	0.000010	LD_0.9_14_1807
ECA1443	0.000010	0.000010	0.000010	0.059977	0.000010	0.000010	0.000010	0.000010	0.000010	0.000010	0.000010	0.939903	0.000010	0.000010	LD_0.9_14_1807
ECA1471	0.000010	0.000010	0.000010	0.999870	0.000010	0.000010	0.000010	0.000010	0.000010	0.000010	0.000010	0.000010	0.000010	0.000010	LD_0.9_14_1807
ECA1489	0.000010	0.000010	0.000010	0.667760	0.000010	0.000010	0.000010	0.000010	0.000010	0.000010	0.332120	0.000010	0.000010	0.000010	LD_0.9_14_1807
ECA1507	0.000010	0.000010	0.000010	0.999870	0.000010	0.000010	0.000010	0.000010	0.000010	0.000010	0.000010	0.000010	0.000010	0.000010	LD_0.9_14_1807
ECA1509	0.000010	0.000010	0.000010	0.999870	0.000010	0.000010	0.000010	0.000010	0.000010	0.000010	0.000010	0.000010	0.000010	0.000010	LD_0.9_14_1807
ECA1517	0.000010	0.000010	0.000010	0.951876	0.000010	0.000010	0.000010	0.000010	0.000010	0.000010	0.048004	0.000010	0.000010	0.000010	LD_0.9_14_1807
ECA1521	0.059895	0.000010	0.000010	0.939985	0.000010	0.000010	0.000010	0.000010	0.000010	0.000010	0.000010	0.000010	0.000010	0.000010	LD_0.9_14_1807
ECA1555	0.000010	0.000010	0.000010	0.999870	0.000010	0.000010	0.000010	0.000010	0.000010	0.000010	0.000010	0.000010	0.000010	0.000010	LD_0.9_14_1807
ECA1559	0.000010	0.000010	0.000010	0.000010	0.000010	0.000010	0.000010	0.000010	0.000010	0.000010	0.000010	0.999870	0.000010	0.000010	LD_0.9_14_1807
ECA1563	0.000010	0.000010	0.000010	0.999870	0.000010	0.000010	0.000010	0.000010	0.000010	0.000010	0.000010	0.000010	0.000010	0.000010	LD_0.9_14_1807
ECA1571	0.000010	0.000010	0.000010	0.681049	0.000010	0.000010	0.000010	0.000010	0.000010	0.000010	0.318831	0.000010	0.000010	0.000010	LD_0.9_14_1807
ECA1587	0.000010	0.000010	0.000010	0.999870	0.000010	0.000010	0.000010	0.000010	0.000010	0.000010	0.000010	0.000010	0.000010	0.000010	LD_0.9_14_1807
ECA1605	0.000010	0.000010	0.000010	0.038712	0.000010	0.000010	0.000010	0.000010	0.000010	0.000010	0.085939	0.875238	0.000010	0.000012	LD_0.9_14_1807
ECA1609	0.000013	0.000010	0.000010	0.999864	0.000010	0.000010	0.000010	0.000010	0.000010	0.000013	0.000010	0.000010	0.000010	0.000010	LD_0.9_14_1807
ECA161	0.000010	0.000010	0.000010	0.999870	0.000010	0.000010	0.000010	0.000010	0.000010	0.000010	0.000010	0.000010	0.000010	0.000010	LD_0.9_14_1807
ECA1611	0.000010	0.000010	0.000010	0.999863	0.000010	0.000011	0.000010	0.000016	0.000010	0.000010	0.000010	0.000010	0.000010	0.000010	LD_0.9_14_1807
ECA1615	0.000010	0.000010	0.000010	0.999861	0.000010	0.000011	0.000010	0.000018	0.000010	0.000010	0.000010	0.000010	0.000010	0.000010	LD_0.9_14_1807
ECA162	0.000010	0.000010	0.000010	0.999870	0.000010	0.000010	0.000010	0.000010	0.000010	0.000010	0.000010	0.000010	0.000010	0.000010	LD_0.9_14_1807
ECA1621	0.000010	0.000010	0.000010	0.999870	0.000010	0.000010	0.000010	0.000010	0.000010	0.000010	0.000010	0.000010	0.000010	0.000010	LD_0.9_14_1807
ECA163	0.000010	0.000010	0.000015	0.000010	0.000010	0.000010	0.000010	0.000012	0.000010	0.999863	0.000010	0.000010	0.000010	0.000010	LD_0.9_14_1807
ECA1637	0.000010	0.000010	0.000010	0.999870	0.000010	0.000010	0.000010	0.000010	0.000010	0.000010	0.000010	0.000010	0.000010	0.000010	LD_0.9_14_1807
ECA1657	0.059382	0.000010	0.000010	0.940496	0.000010	0.000010	0.000012	0.000010	0.000010	0.000010	0.000010	0.000010	0.000010	0.000010	LD_0.9_14_1807
ECA1701	0.000010	0.000010	0.021030	0.959232	0.000010	0.000010	0.019628	0.000010	0.000010	0.000010	0.000010	0.000010	0.000010	0.000010	LD_0.9_14_1807
ECA175	0.000010	0.000010	0.000010	0.999870	0.000010	0.000010	0.000010	0.000010	0.000010	0.000010	0.000010	0.000010	0.000010	0.000010	LD_0.9_14_1807
ECA176	0.000010	0.000010	0.000010	0.976414	0.000010	0.000010	0.000010	0.000010	0.000010	0.000010	0.023466	0.000010	0.000010	0.000010	LD_0.9_14_1807
ECA177	0.000015	0.000010	0.000010	0.999865	0.000010	0.000010	0.000010	0.000010	0.000010	0.000010	0.000010	0.000010	0.000010	0.000010	LD_0.9_14_1807
ECA180	0.000010	0.000010	0.000010	0.999860	0.000010	0.000010	0.000010	0.000017	0.000010	0.000013	0.000010	0.000010	0.000010	0.000010	LD_0.9_14_1807
ECA182	0.000010	0.000010	0.000010	0.999869	0.000010	0.000010	0.000010	0.000011	0.000010	0.000010	0.000010	0.000010	0.000010	0.000010	LD_0.9_14_1807
ECA183	0.000012	0.000010	0.000011	0.999863	0.000010	0.000010	0.000010	0.000010	0.000012	0.000012	0.000010	0.000010	0.000010	0.000010	LD_0.9_14_1807
ECA185	0.047712	0.000010	0.000010	0.935857	0.000010	0.000010	0.000010	0.000010	0.000010	0.000010	0.016314	0.000018	0.000010	0.000010	LD_0.9_14_1807
ECA186	0.166665	0.000010	0.000010	0.833215	0.000010	0.000010	0.000010	0.000010	0.000010	0.000010	0.000010	0.000010	0.000010	0.000010	LD_0.9_14_1807
ECA2083	0.041571	0.000010	0.000010	0.958309	0.000010	0.000010	0.000010	0.000010	0.000010	0.000010	0.000010	0.000010	0.000010	0.000010	LD_0.9_14_1807
ECA2093	0.000010	0.000010	0.000010	0.999870	0.000010	0.000010	0.000010	0.000010	0.000010	0.000010	0.000010	0.000010	0.000010	0.000010	LD_0.9_14_1807
ECA2115	0.000011	0.000010	0.000010	0.999869	0.000010	0.000010	0.000010	0.000010	0.000010	0.000010	0.000010	0.000010	0.000010	0.000010	LD_0.9_14_1807
ECA2299	0.000010	0.000010	0.000010	0.000010	0.000010	0.000010	0.000010	0.000010	0.000010	0.000010	0.000010	0.999870	0.000010	0.000010	LD_0.9_14_1807
ECA2373	0.000010	0.000010	0.041619	0.951405	0.000010	0.000010	0.006863	0.000010	0.000010	0.000010	0.000010	0.000012	0.000011	0.000010	LD_0.9_14_1807
ECA2385	0.000010	0.000010	0.000010	0.000010	0.000010	0.000010	0.000010	0.000010	0.000010	0.000010	0.000010	0.999870	0.000010	0.000010	LD_0.9_14_1807
ECA2425	0.000010	0.000010	0.000010	0.999870	0.000010	0.000010	0.000010	0.000010	0.000010	0.000010	0.000010	0.000010	0.000010	0.000010	LD_0.9_14_1807
ECA2617	0.000010	0.000010	0.000010	0.000010	0.000010	0.000010	0.000010	0.000010	0.000010	0.000010	0.000010	0.000010	0.999870	0.000010	LD_0.9_14_1807
ECA2618	0.000010	0.000010	0.000010	0.000010	0.000010	0.000010	0.000010	0.000010	0.000010	0.000010	0.000010	0.000010	0.999870	0.000010	LD_0.9_14_1807
ECA2621	0.000010	0.000010	0.000010	0.000010	0.000010	0.000010	0.000010	0.000010	0.000010	0.000010	0.000010	0.000010	0.999870	0.000010	LD_0.9_14_1807
ECA2623	0.999870	0.000010	0.000010	0.000010	0.000010	0.000010	0.000010	0.000010	0.000010	0.000010	0.000010	0.000010	0.000010	0.000010	LD_0.9_14_1807
ECA2625	0.000010	0.000010	0.000010	0.999867	0.000010	0.000010	0.000010	0.000010	0.000010	0.000010	0.000013	0.000010	0.000010	0.000010	LD_0.9_14_1807
ECA2626	0.000010	0.000010	0.000010	0.999870	0.000010	0.000010	0.000010	0.000010	0.000010	0.000010	0.000010	0.000010	0.000010	0.000010	LD_0.9_14_1807
ECA2636	0.000010	0.000010	0.000010	0.999867	0.000010	0.000012	0.000010	0.000010	0.000010	0.000011	0.000010	0.000010	0.000010	0.000010	LD_0.9_14_1807
ECA2637	0.093335	0.000010	0.000010	0.906545	0.000010	0.000010	0.000010	0.000010	0.000010	0.000010	0.000010	0.000010	0.000010	0.000010	LD_0.9_14_1807
ECA2639	0.000010	0.000010	0.000010	0.000010	0.000010	0.000010	0.000010	0.000010	0.000010	0.000010	0.000010	0.000010	0.999870	0.000010	LD_0.9_14_1807
ECA2645	0.000010	0.000010	0.000010	0.999870	0.000010	0.000010	0.000010	0.000010	0.000010	0.000010	0.000010	0.000010	0.000010	0.000010	LD_0.9_14_1807
ECA2647	0.000010	0.000010	0.000010	0.000010	0.000010	0.000010	0.000010	0.000010	0.000010	0.000018	0.000010	0.000010	0.999862	0.000010	LD_0.9_14_1807
ECA2663	0.000010	0.000010	0.000010	0.999868	0.000010	0.000010	0.000010	0.000012	0.000010	0.000010	0.000010	0.000010	0.000010	0.000010	LD_0.9_14_1807
ECA2664	0.953806	0.000010	0.000010	0.000010	0.000010	0.000010	0.000010	0.000010	0.000010	0.000010	0.046074	0.000010	0.000010	0.000010	LD_0.9_14_1807
ECA2666	0.000010	0.000010	0.000010	0.000010	0.000010	0.000010	0.000010	0.000010	0.000010	0.000015	0.000010	0.000010	0.999865	0.000010	LD_0.9_14_1807
ECA2667	0.000010	0.000010	0.000010	0.999870	0.000010	0.000010	0.000010	0.000010	0.000010	0.000010	0.000010	0.000010	0.000010	0.000010	LD_0.9_14_1807
ECA2670	0.000010	0.000010	0.000010	0.000010	0.000010	0.000010	0.000010	0.000014	0.000010	0.000010	0.000010	0.000010	0.999866	0.000010	LD_0.9_14_1807
ECA276	0.000013	0.000010	0.000010	0.000012	0.000010	0.000010	0.000010	0.000016	0.000010	0.999852	0.000010	0.000017	0.000010	0.000010	LD_0.9_14_1807
ECA278	0.000010	0.000010	0.000010	0.000010	0.000010	0.999870	0.000010	0.000010	0.000010	0.000010	0.000010	0.000010	0.000010	0.000010	LD_0.9_14_1807
ECA2808	0.234671	0.000010	0.000010	0.765209	0.000010	0.000010	0.000010	0.000010	0.000010	0.000010	0.000010	0.000010	0.000010	0.000010	LD_0.9_14_1807
ECA287	0.000010	0.000010	0.000010	0.011697	0.000010	0.000010	0.000010	0.000010	0.000010	0.000010	0.000010	0.988183	0.000010	0.000010	LD_0.9_14_1807
ECA288	0.903416	0.000010	0.000010	0.000010	0.000010	0.000010	0.000010	0.000010	0.000010	0.000010	0.000010	0.096464	0.000010	0.000010	LD_0.9_14_1807
ECA2883	0.000010	0.000010	0.000010	0.999870	0.000010	0.000010	0.000010	0.000010	0.000010	0.000010	0.000010	0.000010	0.000010	0.000010	LD_0.9_14_1807
ECA2890	0.015031	0.000013	0.000010	0.984834	0.000015	0.000010	0.000010	0.000017	0.000010	0.000010	0.000010	0.000010	0.000010	0.000010	LD_0.9_14_1807
ECA2894	0.156869	0.000010	0.000010	0.843011	0.000010	0.000010	0.000010	0.000010	0.000010	0.000010	0.000010	0.000010	0.000010	0.000010	LD_0.9_14_1807
ECA2975	0.000010	0.000010	0.000010	0.999870	0.000010	0.000010	0.000010	0.000010	0.000010	0.000010	0.000010	0.000010	0.000010	0.000010	LD_0.9_14_1807
ECA3091	0.000010	0.000010	0.000010	0.999870	0.000010	0.000010	0.000010	0.000010	0.000010	0.000010	0.000010	0.000010	0.000010	0.000010	LD_0.9_14_1807
ECA343	0.000010	0.000010	0.000010	0.999867	0.000010	0.000010	0.000013	0.000010	0.000010	0.000010	0.000010	0.000010	0.000010	0.000010	LD_0.9_14_1807
ECA346	0.497243	0.000010	0.000010	0.502637	0.000010	0.000010	0.000010	0.000010	0.000010	0.000010	0.000010	0.000010	0.000010	0.000010	LD_0.9_14_1807
ECA3502	0.000010	0.000010	0.000010	0.000010	0.000010	0.000010	0.000010	0.000010	0.000010	0.000010	0.000010	0.999870	0.000010	0.000010	LD_0.9_14_1807
ECA3503	0.000010	0.000010	0.000010	0.999870	0.000010	0.000010	0.000010	0.000010	0.000010	0.000010	0.000010	0.000010	0.000010	0.000010	LD_0.9_14_1807
ECA3509	0.000010	0.000010	0.000010	0.999870	0.000010	0.000010	0.000010	0.000010	0.000010	0.000010	0.000010	0.000010	0.000010	0.000010	LD_0.9_14_1807
ECA3708	0.018465	0.000010	0.000010	0.981415	0.000010	0.000010	0.000010	0.000010	0.000010	0.000010	0.000010	0.000010	0.000010	0.000010	LD_0.9_14_1807
ECA371	0.000010	0.000010	0.000010	0.975697	0.000010	0.000010	0.000010	0.000010	0.000010	0.000010	0.024183	0.000010	0.000010	0.000010	LD_0.9_14_1807
ECA3712	0.000010	0.000010	0.000010	0.999862	0.000010	0.000010	0.000018	0.000010	0.000010	0.000010	0.000010	0.000010	0.000010	0.000010	LD_0.9_14_1807
ECA3713	0.061799	0.000010	0.000010	0.938081	0.000010	0.000010	0.000010	0.000010	0.000010	0.000010	0.000010	0.000010	0.000010	0.000010	LD_0.9_14_1807
ECA3899	0.000010	0.000010	0.000010	0.999870	0.000010	0.000010	0.000010	0.000010	0.000010	0.000010	0.000010	0.000010	0.000010	0.000010	LD_0.9_14_1807
ECA569	0.000010	0.000010	0.000010	0.000010	0.000010	0.999870	0.000010	0.000010	0.000010	0.000010	0.000010	0.000010	0.000010	0.000010	LD_0.9_14_1807
ED3032	0.000010	0.000010	0.000010	0.999870	0.000010	0.000010	0.000010	0.000010	0.000010	0.000010	0.000010	0.000010	0.000010	0.000010	LD_0.9_14_1807
ED3037	0.000010	0.000011	0.000010	0.999868	0.000010	0.000011	0.000010	0.000010	0.000010	0.000010	0.000010	0.000010	0.000010	0.000010	LD_0.9_14_1807
ED3088	0.644176	0.000010	0.000010	0.355704	0.000010	0.000010	0.000010	0.000010	0.000010	0.000010	0.000010	0.000010	0.000010	0.000010	LD_0.9_14_1807
ED3102	0.000019	0.000016	0.000010	0.000010	0.000016	0.000017	0.000016	0.000012	0.000013	0.999823	0.000010	0.000017	0.000010	0.000010	LD_0.9_14_1807
EG4360	0.000010	0.000010	0.000010	0.000010	0.000010	0.999870	0.000010	0.000010	0.000010	0.000010	0.000010	0.000010	0.000010	0.000010	LD_0.9_14_1807
EG5612	0.000010	0.000010	0.000010	0.000010	0.000010	0.000010	0.999870	0.000010	0.000010	0.000010	0.000010	0.000010	0.000010	0.000010	LD_0.9_14_1807
EG5613	0.942895	0.000010	0.000010	0.000010	0.000010	0.000010	0.017321	0.000010	0.000010	0.000010	0.000010	0.000010	0.000010	0.039673	LD_0.9_14_1807
EG6179	0.137600	0.000010	0.000010	0.809457	0.000010	0.000010	0.037894	0.000010	0.000010	0.000010	0.005715	0.000010	0.000010	0.009243	LD_0.9_14_1807
EG6260	0.948382	0.000010	0.000010	0.000010	0.000020	0.000010	0.000020	0.000010	0.000013	0.000010	0.051475	0.000010	0.000010	0.000010	LD_0.9_14_1807
EG6261	0.866156	0.000010	0.000010	0.133724	0.000010	0.000010	0.000010	0.000010	0.000010	0.000010	0.000010	0.000010	0.000010	0.000010	LD_0.9_14_1807
EG6265	0.000010	0.000014	0.016334	0.000010	0.000010	0.000010	0.000010	0.000010	0.000010	0.000010	0.000010	0.983542	0.000010	0.000010	LD_0.9_14_1807
EG6267	0.713392	0.000010	0.000010	0.286486	0.000010	0.000010	0.000010	0.000011	0.000010	0.000010	0.000010	0.000010	0.000010	0.000010	LD_0.9_14_1807
EG6268	0.000010	0.000010	0.000010	0.000010	0.000010	0.000010	0.000010	0.000010	0.000010	0.000010	0.000010	0.999870	0.000010	0.000010	LD_0.9_14_1807
EG6271	0.898064	0.000010	0.000010	0.000010	0.000018	0.000010	0.000010	0.000010	0.000010	0.000010	0.101808	0.000010	0.000010	0.000010	LD_0.9_14_1807
EG6272	0.723441	0.000012	0.000010	0.212836	0.000010	0.000010	0.000010	0.000012	0.000010	0.000010	0.063609	0.000010	0.000010	0.000010	LD_0.9_14_1807
EG6274	0.959309	0.000010	0.000010	0.040571	0.000010	0.000010	0.000010	0.000010	0.000010	0.000010	0.000010	0.000010	0.000010	0.000010	LD_0.9_14_1807
EG6275	0.913899	0.000010	0.000010	0.085981	0.000010	0.000010	0.000010	0.000010	0.000010	0.000010	0.000010	0.000010	0.000010	0.000010	LD_0.9_14_1807
EG6276	0.841578	0.000010	0.000016	0.158295	0.000010	0.000010	0.000011	0.000010	0.000010	0.000010	0.000010	0.000010	0.000010	0.000010	LD_0.9_14_1807
EG6329	0.536092	0.000010	0.000010	0.000010	0.000010	0.000010	0.000010	0.000010	0.000010	0.000010	0.463788	0.000010	0.000010	0.000010	LD_0.9_14_1807
GUN124	0.000010	0.000010	0.000010	0.000015	0.000010	0.999865	0.000010	0.000010	0.000010	0.000010	0.000010	0.000010	0.000010	0.000010	LD_0.9_14_1807
GXW22	0.000010	0.000010	0.000010	0.999870	0.000010	0.000010	0.000010	0.000010	0.000010	0.000010	0.000010	0.000010	0.000010	0.000010	LD_0.9_14_1807
GXW23	0.000010	0.000010	0.000010	0.222367	0.000010	0.000010	0.777513	0.000010	0.000010	0.000010	0.000010	0.000010	0.000010	0.000010	LD_0.9_14_1807
HK104	0.000010	0.000010	0.000010	0.000010	0.000010	0.999870	0.000010	0.000010	0.000010	0.000010	0.000010	0.000010	0.000010	0.000010	LD_0.9_14_1807
HPT11	0.000010	0.999859	0.000011	0.000010	0.000020	0.000010	0.000010	0.000010	0.000010	0.000010	0.000010	0.000010	0.000010	0.000010	LD_0.9_14_1807
HPT16	0.055876	0.000010	0.000010	0.510825	0.000010	0.000010	0.335877	0.000010	0.000010	0.000010	0.097320	0.000010	0.000010	0.000010	LD_0.9_14_1807
HPT18	0.000010	0.999870	0.000010	0.000010	0.000010	0.000010	0.000010	0.000010	0.000010	0.000010	0.000010	0.000010	0.000010	0.000010	LD_0.9_14_1807
HPT19	0.039437	0.000010	0.000013	0.523747	0.000010	0.000019	0.347689	0.000018	0.000010	0.000017	0.089000	0.000010	0.000010	0.000010	LD_0.9_14_1807
HPT2	0.014112	0.000016	0.000010	0.475968	0.000010	0.000010	0.402507	0.000010	0.000010	0.000010	0.107307	0.000010	0.000010	0.000010	LD_0.9_14_1807
HPT21	0.019840	0.000010	0.004204	0.975844	0.000010	0.000010	0.000012	0.000010	0.000010	0.000010	0.000010	0.000010	0.000010	0.000010	LD_0.9_14_1807
HPT24	0.000010	0.999870	0.000010	0.000010	0.000010	0.000010	0.000010	0.000010	0.000010	0.000010	0.000010	0.000010	0.000010	0.000010	LD_0.9_14_1807
HPT34	0.034035	0.000010	0.000010	0.496770	0.000010	0.000010	0.362893	0.000011	0.000010	0.000010	0.106200	0.000010	0.000010	0.000010	LD_0.9_14_1807
HPT37	0.068081	0.000010	0.035777	0.527660	0.000010	0.000010	0.318967	0.000010	0.000010	0.000010	0.049425	0.000010	0.000010	0.000010	LD_0.9_14_1807
HPT4	0.047904	0.000010	0.000010	0.476991	0.000011	0.000010	0.367302	0.000013	0.000017	0.000014	0.107687	0.000010	0.000010	0.000010	LD_0.9_14_1807
HPT42	0.000010	0.000010	0.000010	0.589630	0.000010	0.000010	0.315988	0.000010	0.000010	0.000010	0.094272	0.000010	0.000010	0.000010	LD_0.9_14_1807
HPT52	0.000010	0.000010	0.000010	0.566642	0.000010	0.000010	0.000010	0.000010	0.000011	0.000010	0.000010	0.000010	0.000010	0.433237	LD_0.9_14_1807
HPT53	0.000010	0.000010	0.000010	0.999870	0.000010	0.000010	0.000010	0.000010	0.000010	0.000010	0.000010	0.000010	0.000010	0.000010	LD_0.9_14_1807
HPT54	0.000010	0.000010	0.000010	0.999870	0.000010	0.000010	0.000010	0.000010	0.000010	0.000010	0.000010	0.000010	0.000010	0.000010	LD_0.9_14_1807
HPT55	0.000010	0.000010	0.000010	0.999870	0.000010	0.000010	0.000010	0.000010	0.000010	0.000010	0.000010	0.000010	0.000010	0.000010	LD_0.9_14_1807
HPT59	0.000010	0.000010	0.000010	0.999870	0.000010	0.000010	0.000010	0.000010	0.000010	0.000010	0.000010	0.000010	0.000010	0.000010	LD_0.9_14_1807
HPT60	0.000010	0.000010	0.000010	0.999870	0.000010	0.000010	0.000010	0.000010	0.000010	0.000010	0.000010	0.000010	0.000010	0.000010	LD_0.9_14_1807
HPT62	0.000010	0.000010	0.000010	0.000010	0.000010	0.000010	0.000010	0.000010	0.000010	0.000010	0.000012	0.000010	0.000010	0.999868	LD_0.9_14_1807
HPT63	0.000010	0.000010	0.000010	0.975783	0.000010	0.000010	0.024097	0.000010	0.000010	0.000010	0.000010	0.000010	0.000010	0.000010	LD_0.9_14_1807
HPT7	0.000010	0.000010	0.000010	0.495226	0.000010	0.000010	0.359542	0.000010	0.000010	0.000010	0.145122	0.000010	0.000010	0.000010	LD_0.9_14_1807
HPT8	0.032229	0.000011	0.000010	0.498797	0.000010	0.000010	0.363097	0.000011	0.000013	0.000016	0.105765	0.000010	0.000010	0.000010	LD_0.9_14_1807
HPT9	0.000010	0.000010	0.000010	0.125491	0.000010	0.000010	0.874389	0.000010	0.000010	0.000010	0.000010	0.000010	0.000010	0.000010	LD_0.9_14_1807
JU1257	0.000010	0.000010	0.000010	0.000010	0.000010	0.999870	0.000010	0.000010	0.000010	0.000010	0.000010	0.000010	0.000010	0.000010	LD_0.9_14_1807
JU1337	0.716016	0.000010	0.000010	0.243697	0.000010	0.000010	0.000010	0.000010	0.000010	0.000010	0.000010	0.000010	0.000010	0.040177	LD_0.9_14_1807
JU1338	0.000018	0.000011	0.000010	0.000011	0.000015	0.000010	0.999852	0.000010	0.000012	0.000010	0.000011	0.000010	0.000010	0.000010	LD_0.9_14_1807
JU1341	0.000010	0.000010	0.000010	0.000010	0.000010	0.000010	0.000010	0.999869	0.000010	0.000010	0.000010	0.000010	0.000011	0.000010	LD_0.9_14_1807
JU1344	0.000010	0.000010	0.000010	0.633966	0.000010	0.000010	0.365914	0.000010	0.000010	0.000010	0.000011	0.000010	0.000010	0.000010	LD_0.9_14_1807
JU1346	0.000010	0.000010	0.000010	0.000010	0.000010	0.000010	0.999870	0.000010	0.000010	0.000010	0.000010	0.000010	0.000010	0.000010	LD_0.9_14_1807
JU1347	0.871666	0.000010	0.000010	0.128214	0.000010	0.000010	0.000010	0.000010	0.000010	0.000010	0.000010	0.000010	0.000010	0.000010	LD_0.9_14_1807
JU1348	0.000010	0.000010	0.000010	0.000010	0.000010	0.000010	0.000010	0.999870	0.000010	0.000010	0.000010	0.000010	0.000010	0.000010	LD_0.9_14_1807
JU1375	0.840363	0.000010	0.000010	0.159517	0.000010	0.000010	0.000010	0.000010	0.000010	0.000010	0.000010	0.000010	0.000010	0.000010	LD_0.9_14_1807
JU1377	0.965573	0.000010	0.000010	0.034307	0.000010	0.000010	0.000010	0.000010	0.000010	0.000010	0.000010	0.000010	0.000010	0.000010	LD_0.9_14_1807
JU1378	0.923544	0.000010	0.000010	0.076336	0.000010	0.000010	0.000010	0.000010	0.000010	0.000010	0.000010	0.000010	0.000010	0.000010	LD_0.9_14_1807
JU1392	0.999870	0.000010	0.000010	0.000010	0.000010	0.000010	0.000010	0.000010	0.000010	0.000010	0.000010	0.000010	0.000010	0.000010	LD_0.9_14_1807
JU1399	0.153620	0.000010	0.042107	0.208893	0.000010	0.000018	0.000010	0.000010	0.000010	0.000010	0.595273	0.000010	0.000010	0.000010	LD_0.9_14_1807
JU1424	0.000011	0.000010	0.000011	0.000010	0.000010	0.000011	0.999867	0.000010	0.000010	0.000010	0.000010	0.000010	0.000010	0.000010	LD_0.9_14_1807
JU1435	0.999870	0.000010	0.000010	0.000010	0.000010	0.000010	0.000010	0.000010	0.000010	0.000010	0.000010	0.000010	0.000010	0.000010	LD_0.9_14_1807
JU1564	0.000010	0.000010	0.000010	0.000010	0.000010	0.999870	0.000010	0.000010	0.000010	0.000010	0.000010	0.000010	0.000010	0.000010	LD_0.9_14_1807
JU1637	0.861519	0.000010	0.000010	0.138361	0.000010	0.000010	0.000010	0.000010	0.000010	0.000010	0.000010	0.000010	0.000010	0.000010	LD_0.9_14_1807
JU1638	0.887228	0.000010	0.000010	0.112652	0.000010	0.000010	0.000010	0.000010	0.000010	0.000010	0.000010	0.000010	0.000010	0.000010	LD_0.9_14_1807
JU1794	0.165801	0.000010	0.000620	0.760445	0.000010	0.000010	0.051906	0.000010	0.000010	0.000010	0.000010	0.000010	0.000010	0.021138	LD_0.9_14_1807
JU1795	0.439010	0.000010	0.000010	0.560870	0.000010	0.000010	0.000010	0.000010	0.000010	0.000010	0.000010	0.000010	0.000010	0.000010	LD_0.9_14_1807
JU1799	0.968353	0.000010	0.000010	0.031527	0.000010	0.000010	0.000010	0.000010	0.000010	0.000010	0.000010	0.000010	0.000010	0.000010	LD_0.9_14_1807
JU1802	0.834003	0.000010	0.000010	0.165877	0.000010	0.000010	0.000010	0.000010	0.000010	0.000010	0.000010	0.000010	0.000010	0.000010	LD_0.9_14_1807
JU1814	0.770552	0.000010	0.000010	0.000010	0.000010	0.000010	0.000010	0.000010	0.000010	0.000010	0.229328	0.000010	0.000010	0.000010	LD_0.9_14_1807
JU1884	0.131755	0.000010	0.000014	0.868101	0.000010	0.000020	0.000010	0.000016	0.000010	0.000010	0.000010	0.000014	0.000010	0.000010	LD_0.9_14_1807
JU1885	0.834879	0.000011	0.000010	0.109070	0.000010	0.000010	0.000010	0.000010	0.000010	0.000010	0.000013	0.000010	0.000010	0.055938	LD_0.9_14_1807
JU1907	0.000010	0.000010	0.000010	0.963644	0.000010	0.000010	0.000010	0.000010	0.000010	0.000010	0.036236	0.000010	0.000010	0.000010	LD_0.9_14_1807
JU1908	0.000016	0.000010	0.000010	0.953969	0.000010	0.000010	0.000010	0.000010	0.000010	0.000010	0.045905	0.000010	0.000010	0.000010	LD_0.9_14_1807
JU1909	0.000017	0.000010	0.000010	0.999863	0.000010	0.000010	0.000010	0.000010	0.000010	0.000010	0.000010	0.000010	0.000010	0.000010	LD_0.9_14_1807
JU1913	0.125870	0.000010	0.000010	0.458251	0.000010	0.000010	0.000019	0.000010	0.000010	0.000010	0.000013	0.000011	0.000010	0.415757	LD_0.9_14_1807
JU2053	0.189659	0.000010	0.000016	0.810215	0.000010	0.000010	0.000010	0.000010	0.000010	0.000010	0.000010	0.000010	0.000010	0.000010	LD_0.9_14_1807
JU2054	0.000010	0.000010	0.000010	0.999870	0.000010	0.000010	0.000010	0.000010	0.000010	0.000010	0.000010	0.000010	0.000010	0.000010	LD_0.9_14_1807
JU2056	0.000013	0.000010	0.000010	0.999867	0.000010	0.000010	0.000010	0.000010	0.000010	0.000010	0.000010	0.000010	0.000010	0.000010	LD_0.9_14_1807
JU2057	0.000010	0.000010	0.000010	0.000010	0.000010	0.000010	0.000010	0.000010	0.000010	0.000010	0.000010	0.000010	0.000010	0.999870	LD_0.9_14_1807
JU2160	0.000010	0.000010	0.000010	0.000010	0.000010	0.000010	0.000010	0.000010	0.000010	0.000010	0.000010	0.000010	0.000010	0.999870	LD_0.9_14_1807
JU2162	0.000010	0.000010	0.000010	0.000010	0.000010	0.000010	0.000010	0.000010	0.000010	0.000010	0.000010	0.000012	0.000010	0.999868	LD_0.9_14_1807
JU2214	0.038289	0.000010	0.150880	0.522568	0.000010	0.000012	0.000010	0.000013	0.000010	0.000010	0.288156	0.000012	0.000010	0.000010	LD_0.9_14_1807
JU2216	0.000010	0.000010	0.000010	0.000010	0.000010	0.000010	0.000010	0.000010	0.000010	0.000010	0.000010	0.999870	0.000010	0.000010	LD_0.9_14_1807
JU2457	0.000010	0.000010	0.000010	0.298039	0.000010	0.490487	0.000010	0.000010	0.000010	0.000010	0.211364	0.000010	0.000010	0.000010	LD_0.9_14_1807
JU2470	0.000010	0.000010	0.000010	0.000010	0.000010	0.000016	0.000010	0.000010	0.000010	0.000010	0.000010	0.000010	0.000010	0.999864	LD_0.9_14_1807
JU2472	0.838296	0.000010	0.000010	0.087636	0.000015	0.000010	0.000015	0.000010	0.000015	0.000010	0.073943	0.000010	0.000010	0.000010	LD_0.9_14_1807
JU2506	0.000010	0.000010	0.000010	0.984633	0.000010	0.000010	0.015247	0.000010	0.000010	0.000010	0.000010	0.000010	0.000010	0.000010	LD_0.9_14_1807
JU2507	0.000010	0.000010	0.000010	0.000010	0.000010	0.000010	0.000010	0.000010	0.000019	0.000010	0.000010	0.000010	0.000010	0.999861	LD_0.9_14_1807
JU2518	0.000010	0.000010	0.000010	0.000010	0.000010	0.000010	0.000010	0.000010	0.000010	0.000010	0.999870	0.000010	0.000010	0.000010	LD_0.9_14_1807
JU2536	0.000010	0.000010	0.000010	0.000010	0.000010	0.999870	0.000010	0.000010	0.000010	0.000010	0.000010	0.000010	0.000010	0.000010	LD_0.9_14_1807
JU2597	0.126575	0.000010	0.389127	0.000010	0.000010	0.000010	0.000010	0.000010	0.000010	0.000010	0.484189	0.000010	0.000010	0.000010	LD_0.9_14_1807
JU2747	0.756203	0.000010	0.019340	0.105532	0.000010	0.000010	0.067705	0.000010	0.000010	0.000010	0.000010	0.000010	0.000010	0.051129	LD_0.9_14_1807
JU2767	0.000010	0.000010	0.000010	0.000017	0.000014	0.000010	0.000015	0.000010	0.000010	0.999854	0.000010	0.000010	0.000010	0.000010	LD_0.9_14_1807
JU2799	0.549435	0.000010	0.000010	0.450445	0.000010	0.000010	0.000010	0.000010	0.000010	0.000010	0.000010	0.000010	0.000010	0.000010	LD_0.9_14_1807
JU2801	0.000010	0.000010	0.000010	0.000010	0.000010	0.000010	0.000010	0.999870	0.000010	0.000010	0.000010	0.000010	0.000010	0.000010	LD_0.9_14_1807
JU2836	0.027249	0.000010	0.235033	0.689808	0.000010	0.000010	0.000010	0.000010	0.000010	0.000010	0.046224	0.000010	0.000010	0.001596	LD_0.9_14_1807
JU2849	0.000010	0.000010	0.000012	0.000010	0.000010	0.000010	0.999866	0.000010	0.000010	0.000010	0.000012	0.000010	0.000010	0.000010	LD_0.9_14_1807
JU2861	0.435030	0.000010	0.000010	0.564849	0.000010	0.000010	0.000011	0.000010	0.000010	0.000010	0.000010	0.000010	0.000010	0.000010	LD_0.9_14_1807
JU2868	0.000010	0.000010	0.000010	0.999870	0.000010	0.000010	0.000010	0.000010	0.000010	0.000010	0.000010	0.000010	0.000010	0.000010	LD_0.9_14_1807
JU2872	0.000010	0.000010	0.000010	0.000010	0.000010	0.999870	0.000010	0.000010	0.000010	0.000010	0.000010	0.000010	0.000010	0.000010	LD_0.9_14_1807
JU3171	0.719527	0.000010	0.000010	0.280353	0.000010	0.000010	0.000010	0.000010	0.000010	0.000010	0.000010	0.000010	0.000010	0.000010	LD_0.9_14_1807
JU3200	0.000011	0.000011	0.000010	0.000010	0.000012	0.000019	0.000010	0.999853	0.000012	0.000011	0.000010	0.000010	0.000010	0.000010	LD_0.9_14_1807
JU3201	0.000010	0.000010	0.000010	0.000010	0.000010	0.000010	0.000010	0.999867	0.000010	0.000010	0.000010	0.000010	0.000013	0.000010	LD_0.9_14_1807
JU3202	0.000010	0.000010	0.000010	0.000010	0.000010	0.000010	0.000010	0.999865	0.000010	0.000010	0.000010	0.000010	0.000015	0.000010	LD_0.9_14_1807
JU3203	0.000010	0.000010	0.000010	0.000010	0.000010	0.000010	0.000010	0.999865	0.000010	0.000010	0.000010	0.000010	0.000015	0.000010	LD_0.9_14_1807
JU3206	0.000010	0.000010	0.000010	0.000010	0.000010	0.000010	0.000010	0.999866	0.000010	0.000010	0.000010	0.000010	0.000014	0.000010	LD_0.9_14_1807
JU3207	0.593444	0.000010	0.000010	0.406436	0.000010	0.000010	0.000010	0.000010	0.000010	0.000010	0.000010	0.000010	0.000010	0.000010	LD_0.9_14_1807
JU3237	0.000010	0.000010	0.000010	0.000010	0.000014	0.000010	0.000010	0.000010	0.000010	0.000010	0.000010	0.000010	0.000010	0.999866	LD_0.9_14_1807
JU3272	0.000010	0.000010	0.000010	0.000010	0.000010	0.999870	0.000010	0.000010	0.000010	0.000010	0.000010	0.000010	0.000010	0.000010	LD_0.9_14_1807
JU3281	0.000010	0.000010	0.000011	0.999869	0.000010	0.000010	0.000011	0.000010	0.000010	0.000010	0.000010	0.000010	0.000010	0.000010	LD_0.9_14_1807
JU3319	0.000010	0.000010	0.000010	0.174145	0.000014	0.000010	0.825730	0.000010	0.000010	0.000010	0.000010	0.000010	0.000010	0.000010	LD_0.9_14_1807
JU3321	0.000010	0.000010	0.000010	0.999870	0.000010	0.000010	0.000010	0.000010	0.000010	0.000010	0.000010	0.000010	0.000010	0.000010	LD_0.9_14_1807
JU3326	0.000010	0.000010	0.000010	0.079027	0.000010	0.213750	0.000010	0.000010	0.523255	0.183868	0.000010	0.000010	0.000010	0.000010	LD_0.9_14_1807
JU3327	0.000010	0.000011	0.000010	0.836359	0.000010	0.000010	0.163520	0.000010	0.000010	0.000010	0.000010	0.000010	0.000010	0.000010	LD_0.9_14_1807
JU3416	0.000010	0.000010	0.000010	0.069228	0.000010	0.901650	0.000010	0.000010	0.000010	0.000010	0.000010	0.029013	0.000010	0.000010	LD_0.9_14_1807
JU4042	0.000010	0.000010	0.000010	0.999870	0.000010	0.000010	0.000010	0.000010	0.000010	0.000010	0.000010	0.000010	0.000010	0.000010	LD_0.9_14_1807
JU4051	0.000011	0.000010	0.000010	0.000010	0.000010	0.000010	0.999869	0.000010	0.000010	0.000010	0.000010	0.000010	0.000010	0.000010	LD_0.9_14_1807
JU4058	0.000010	0.000010	0.000010	0.000010	0.000010	0.000010	0.999870	0.000010	0.000010	0.000010	0.000010	0.000010	0.000010	0.000010	LD_0.9_14_1807
JU4060	0.000010	0.000011	0.000010	0.000010	0.000010	0.000010	0.999867	0.000010	0.000010	0.000010	0.000010	0.000012	0.000010	0.000010	LD_0.9_14_1807
JU4062	0.000010	0.000012	0.000010	0.000011	0.000010	0.000010	0.999866	0.000010	0.000010	0.000010	0.000010	0.000010	0.000010	0.000010	LD_0.9_14_1807
JU4064	0.000010	0.000010	0.000010	0.000019	0.000010	0.000010	0.999860	0.000010	0.000010	0.000010	0.000011	0.000010	0.000010	0.000010	LD_0.9_14_1807
JU4080	0.000010	0.000010	0.000010	0.999870	0.000010	0.000010	0.000010	0.000010	0.000010	0.000010	0.000010	0.000010	0.000010	0.000010	LD_0.9_14_1807
JU4084	0.000014	0.000010	0.000010	0.000010	0.000010	0.000010	0.999858	0.000010	0.000010	0.000010	0.000017	0.000010	0.000010	0.000010	LD_0.9_14_1807
JU4097	0.000010	0.000010	0.000010	0.000018	0.000010	0.000010	0.999852	0.000010	0.000010	0.000010	0.000020	0.000010	0.000010	0.000010	LD_0.9_14_1807
JU725	0.000010	0.000010	0.000010	0.241662	0.000010	0.000010	0.758218	0.000010	0.000010	0.000010	0.000010	0.000010	0.000010	0.000010	LD_0.9_14_1807
MY2716	0.102839	0.000010	0.000010	0.897037	0.000014	0.000010	0.000010	0.000010	0.000010	0.000010	0.000010	0.000010	0.000010	0.000010	LD_0.9_14_1807
MY539	0.182763	0.000010	0.000019	0.817107	0.000010	0.000010	0.000010	0.000010	0.000010	0.000010	0.000010	0.000010	0.000010	0.000010	LD_0.9_14_1807
NIC1050	0.073111	0.000010	0.224799	0.000017	0.000014	0.000010	0.000010	0.000010	0.000010	0.000010	0.701969	0.000010	0.000010	0.000010	LD_0.9_14_1807
NIC1052	0.088545	0.000010	0.297814	0.000010	0.000010	0.000010	0.000010	0.000010	0.000010	0.000010	0.613531	0.000010	0.000010	0.000010	LD_0.9_14_1807
NIC1054	0.069118	0.000010	0.128370	0.000010	0.000010	0.000010	0.000010	0.000010	0.000010	0.000010	0.802402	0.000010	0.000010	0.000010	LD_0.9_14_1807
NIC1055	0.000010	0.000010	0.264095	0.000010	0.000010	0.000010	0.000010	0.000010	0.000010	0.000010	0.735785	0.000010	0.000010	0.000010	LD_0.9_14_1807
NIC1057	0.045033	0.000010	0.278217	0.000010	0.000010	0.000010	0.000010	0.000010	0.000010	0.000010	0.676640	0.000010	0.000010	0.000010	LD_0.9_14_1807
NIC1058	0.000010	0.000010	0.226299	0.000012	0.000010	0.000010	0.000010	0.000010	0.000010	0.000010	0.773579	0.000010	0.000010	0.000010	LD_0.9_14_1807
NIC1059	0.000010	0.000010	0.150127	0.000010	0.000010	0.000010	0.000010	0.000010	0.000010	0.000010	0.849753	0.000010	0.000010	0.000010	LD_0.9_14_1807
NIC1060	0.000010	0.000010	0.074587	0.000017	0.000010	0.000010	0.000010	0.000010	0.000010	0.000010	0.925286	0.000010	0.000010	0.000010	LD_0.9_14_1807
NIC1062	0.717279	0.000010	0.201488	0.000010	0.000010	0.000010	0.000010	0.000010	0.000010	0.000010	0.081123	0.000010	0.000010	0.000010	LD_0.9_14_1807
NIC1069	0.750640	0.000012	0.009310	0.126762	0.000010	0.000010	0.000010	0.000010	0.000011	0.000010	0.113185	0.000010	0.000010	0.000010	LD_0.9_14_1807
NIC1103	0.000010	0.000010	0.246641	0.052923	0.000010	0.000010	0.000010	0.000016	0.000015	0.000010	0.700315	0.000010	0.000010	0.000010	LD_0.9_14_1807
NIC1104	0.085717	0.000010	0.040052	0.705397	0.000010	0.000010	0.000010	0.000010	0.000010	0.000010	0.168734	0.000010	0.000010	0.000010	LD_0.9_14_1807
NIC1106	0.000010	0.000010	0.152887	0.387391	0.000010	0.000010	0.000010	0.000010	0.000011	0.000010	0.459611	0.000010	0.000010	0.000010	LD_0.9_14_1807
NIC1117	0.000010	0.000010	0.000010	0.999870	0.000010	0.000010	0.000010	0.000010	0.000010	0.000010	0.000010	0.000010	0.000010	0.000010	LD_0.9_14_1807
NIC1123	0.000010	0.000010	0.000010	0.000010	0.000010	0.000010	0.999868	0.000010	0.000010	0.000010	0.000010	0.000011	0.000010	0.000010	LD_0.9_14_1807
NIC1124	0.000010	0.000010	0.000010	0.000010	0.000010	0.000010	0.000010	0.000010	0.000010	0.000010	0.999870	0.000010	0.000010	0.000010	LD_0.9_14_1807
NIC1135	0.000010	0.000010	0.000010	0.000010	0.000010	0.000010	0.000010	0.000010	0.000010	0.000010	0.999870	0.000010	0.000010	0.000010	LD_0.9_14_1807
NIC1138	0.000010	0.000010	0.000010	0.000010	0.000010	0.000010	0.000010	0.000010	0.000010	0.000010	0.999870	0.000010	0.000010	0.000010	LD_0.9_14_1807
NIC1141	0.000010	0.000010	0.000010	0.000010	0.000010	0.000010	0.000010	0.000010	0.000010	0.000010	0.999870	0.000010	0.000010	0.000010	LD_0.9_14_1807
NIC115	0.999869	0.000010	0.000010	0.000010	0.000010	0.000010	0.000010	0.000011	0.000010	0.000010	0.000010	0.000010	0.000010	0.000010	LD_0.9_14_1807
NIC117	0.999869	0.000010	0.000010	0.000010	0.000010	0.000011	0.000010	0.000010	0.000010	0.000010	0.000010	0.000010	0.000010	0.000010	LD_0.9_14_1807
NIC1183	0.000010	0.000010	0.000010	0.000010	0.000010	0.000010	0.000010	0.000010	0.000010	0.000010	0.999870	0.000010	0.000010	0.000010	LD_0.9_14_1807
NIC119	0.999869	0.000010	0.000010	0.000010	0.000010	0.000010	0.000010	0.000011	0.000010	0.000010	0.000010	0.000010	0.000010	0.000010	LD_0.9_14_1807
NIC1190	0.000010	0.000010	0.000010	0.000010	0.000010	0.000010	0.000010	0.000010	0.000010	0.000010	0.999870	0.000010	0.000010	0.000010	LD_0.9_14_1807
NIC1202	0.000010	0.000010	0.000010	0.872990	0.000012	0.000010	0.020062	0.000010	0.000010	0.000012	0.106833	0.000010	0.000010	0.000010	LD_0.9_14_1807
NIC1204	0.000010	0.000010	0.000010	0.812734	0.000010	0.000010	0.024083	0.000010	0.000010	0.000010	0.163073	0.000010	0.000010	0.000010	LD_0.9_14_1807
NIC1205	0.000010	0.000010	0.000010	0.000010	0.000010	0.000010	0.000010	0.000010	0.000010	0.000010	0.000010	0.999870	0.000010	0.000010	LD_0.9_14_1807
NIC1218	0.000010	0.000010	0.000010	0.999870	0.000010	0.000010	0.000010	0.000010	0.000010	0.000010	0.000010	0.000010	0.000010	0.000010	LD_0.9_14_1807
NIC1220	0.000010	0.000010	0.000010	0.000010	0.000010	0.000010	0.000010	0.000010	0.000010	0.000010	0.000010	0.999870	0.000010	0.000010	LD_0.9_14_1807
NIC1221	0.000010	0.000010	0.000010	0.845685	0.000010	0.000010	0.023013	0.000010	0.000010	0.000010	0.131193	0.000010	0.000010	0.000010	LD_0.9_14_1807
NIC123	0.999869	0.000010	0.000010	0.000010	0.000010	0.000010	0.000010	0.000010	0.000011	0.000010	0.000010	0.000010	0.000010	0.000010	LD_0.9_14_1807
NIC1267	0.433146	0.000010	0.000010	0.001696	0.000010	0.000012	0.000010	0.000010	0.000018	0.000010	0.565038	0.000010	0.000010	0.000010	LD_0.9_14_1807
NIC1283	0.000010	0.000010	0.000010	0.000010	0.000010	0.000010	0.000010	0.000010	0.000010	0.000010	0.999870	0.000010	0.000010	0.000010	LD_0.9_14_1807
NIC1288	0.000010	0.000010	0.155208	0.000010	0.000010	0.000010	0.115882	0.000010	0.000010	0.000010	0.728800	0.000010	0.000010	0.000010	LD_0.9_14_1807
NIC1292	0.000010	0.000010	0.000010	0.000011	0.000010	0.000010	0.000010	0.000010	0.000010	0.000010	0.999869	0.000010	0.000010	0.000010	LD_0.9_14_1807
NIC1302	0.000010	0.000010	0.000010	0.000010	0.000010	0.000010	0.000010	0.000010	0.000010	0.000010	0.999870	0.000010	0.000010	0.000010	LD_0.9_14_1807
NIC1304	0.000010	0.000010	0.000010	0.000018	0.000010	0.000010	0.000010	0.000020	0.000010	0.000010	0.999852	0.000010	0.000010	0.000010	LD_0.9_14_1807
NIC1308	0.450377	0.000010	0.000010	0.000010	0.000010	0.000010	0.549503	0.000010	0.000010	0.000010	0.000010	0.000010	0.000010	0.000010	LD_0.9_14_1807
NIC1407	0.000010	0.000010	0.000014	0.000010	0.000010	0.000010	0.000010	0.000010	0.000010	0.000010	0.999866	0.000010	0.000010	0.000010	LD_0.9_14_1807
NIC1421	0.331674	0.000010	0.120160	0.000010	0.000010	0.000010	0.000010	0.000011	0.000010	0.000010	0.548054	0.000010	0.000010	0.000010	LD_0.9_14_1807
NIC1423	0.000010	0.000010	0.182314	0.000010	0.000010	0.000010	0.000010	0.000010	0.000010	0.000010	0.817566	0.000010	0.000010	0.000010	LD_0.9_14_1807
NIC1442	0.000010	0.000010	0.000010	0.000010	0.000010	0.000010	0.000010	0.000010	0.000010	0.000010	0.999870	0.000010	0.000010	0.000010	LD_0.9_14_1807
NIC1491	0.000010	0.000010	0.000010	0.000010	0.000010	0.000010	0.000010	0.000010	0.000010	0.000010	0.999870	0.000010	0.000010	0.000010	LD_0.9_14_1807
NIC1525	0.902012	0.000010	0.000010	0.097868	0.000010	0.000010	0.000011	0.000010	0.000010	0.000010	0.000010	0.000010	0.000010	0.000010	LD_0.9_14_1807
NIC1528	0.999870	0.000010	0.000010	0.000010	0.000010	0.000010	0.000010	0.000010	0.000010	0.000010	0.000010	0.000010	0.000010	0.000010	LD_0.9_14_1807
NIC1529	0.981213	0.000010	0.000010	0.018667	0.000010	0.000010	0.000010	0.000010	0.000010	0.000010	0.000010	0.000010	0.000010	0.000010	LD_0.9_14_1807
NIC1533	0.866904	0.000010	0.000010	0.132972	0.000010	0.000010	0.000011	0.000011	0.000012	0.000010	0.000010	0.000010	0.000010	0.000010	LD_0.9_14_1807
NIC1535	0.943390	0.000010	0.000010	0.023479	0.000010	0.000010	0.000010	0.000010	0.000010	0.000010	0.033021	0.000010	0.000010	0.000010	LD_0.9_14_1807
NIC1539	0.000010	0.000010	0.000010	0.000010	0.000010	0.000010	0.000010	0.000010	0.000019	0.000010	0.000010	0.999861	0.000010	0.000010	LD_0.9_14_1807
NIC1540	0.000010	0.000010	0.000010	0.000010	0.999865	0.000010	0.000010	0.000010	0.000015	0.000010	0.000010	0.000010	0.000010	0.000010	LD_0.9_14_1807
NIC1562	0.000010	0.000010	0.000010	0.000014	0.000010	0.000010	0.000010	0.000010	0.000014	0.000010	0.000010	0.999862	0.000010	0.000010	LD_0.9_14_1807
NIC1589	0.000010	0.000010	0.000010	0.000010	0.999870	0.000010	0.000010	0.000010	0.000010	0.000010	0.000010	0.000010	0.000010	0.000010	LD_0.9_14_1807
NIC1590	0.000010	0.000010	0.000010	0.000018	0.000018	0.000010	0.000010	0.000010	0.000010	0.000010	0.000010	0.999854	0.000010	0.000010	LD_0.9_14_1807
NIC1591	0.000010	0.000010	0.000010	0.000010	0.999870	0.000010	0.000010	0.000010	0.000010	0.000010	0.000010	0.000010	0.000010	0.000010	LD_0.9_14_1807
NIC1593	0.000010	0.000010	0.000010	0.000010	0.999870	0.000010	0.000010	0.000010	0.000010	0.000010	0.000010	0.000010	0.000010	0.000010	LD_0.9_14_1807
NIC1595	0.000010	0.000015	0.000016	0.000018	0.000010	0.000010	0.000010	0.000011	0.000010	0.000010	0.000010	0.999850	0.000010	0.000010	LD_0.9_14_1807
NIC1598	0.000010	0.000010	0.000010	0.012600	0.000010	0.000010	0.000010	0.000010	0.000010	0.000010	0.000010	0.987280	0.000010	0.000010	LD_0.9_14_1807
NIC1602	0.000010	0.000010	0.000010	0.000010	0.000010	0.000010	0.000010	0.000010	0.000010	0.000010	0.000010	0.999870	0.000010	0.000010	LD_0.9_14_1807
NIC1607	0.000010	0.000011	0.000010	0.000010	0.000010	0.000010	0.000011	0.000010	0.999867	0.000010	0.000010	0.000010	0.000010	0.000010	LD_0.9_14_1807
NIC1628	0.000010	0.000010	0.000010	0.999870	0.000010	0.000010	0.000010	0.000010	0.000010	0.000010	0.000010	0.000010	0.000010	0.000010	LD_0.9_14_1807
NIC1630	0.000010	0.000010	0.000010	0.000010	0.000010	0.000010	0.000010	0.000010	0.000010	0.000011	0.000010	0.999869	0.000010	0.000010	LD_0.9_14_1807
NIC1631	0.000015	0.000010	0.000010	0.000014	0.000010	0.000010	0.000010	0.000010	0.000020	0.000010	0.000010	0.999852	0.000010	0.000010	LD_0.9_14_1807
NIC1632	0.000010	0.000010	0.000010	0.000010	0.000010	0.999870	0.000010	0.000010	0.000010	0.000010	0.000010	0.000010	0.000010	0.000010	LD_0.9_14_1807
NIC1633	0.000010	0.000010	0.000010	0.000010	0.000010	0.999870	0.000010	0.000010	0.000010	0.000010	0.000010	0.000010	0.000010	0.000010	LD_0.9_14_1807
NIC1635	0.000010	0.000010	0.000010	0.000010	0.000010	0.999870	0.000010	0.000010	0.000010	0.000010	0.000010	0.000010	0.000010	0.000010	LD_0.9_14_1807
NIC1645	0.000010	0.000010	0.000010	0.000010	0.000010	0.000010	0.000010	0.000010	0.000010	0.000010	0.000010	0.999870	0.000010	0.000010	LD_0.9_14_1807
NIC1660	0.000010	0.000012	0.000010	0.000010	0.000010	0.000010	0.000010	0.000010	0.000010	0.000010	0.000010	0.999868	0.000010	0.000010	LD_0.9_14_1807
NIC1661	0.000010	0.000010	0.000010	0.000010	0.000010	0.000010	0.000010	0.000010	0.000010	0.000010	0.000010	0.999870	0.000010	0.000010	LD_0.9_14_1807
NIC1662	0.000010	0.000010	0.000010	0.000010	0.000010	0.000010	0.000010	0.000010	0.000010	0.000010	0.000010	0.999870	0.000010	0.000010	LD_0.9_14_1807
NIC1663	0.000010	0.000010	0.000010	0.000010	0.000010	0.000010	0.000010	0.000010	0.000010	0.000010	0.000010	0.999870	0.000010	0.000010	LD_0.9_14_1807
NIC1664	0.000010	0.000016	0.000010	0.000010	0.999851	0.000010	0.000010	0.000016	0.000010	0.000011	0.000015	0.000011	0.000010	0.000010	LD_0.9_14_1807
NIC1665	0.000010	0.000010	0.000010	0.000010	0.999870	0.000010	0.000010	0.000010	0.000010	0.000010	0.000010	0.000010	0.000010	0.000010	LD_0.9_14_1807
NIC1666	0.000010	0.000010	0.000010	0.000010	0.000010	0.000010	0.000010	0.000010	0.000010	0.000010	0.000010	0.999870	0.000010	0.000010	LD_0.9_14_1807
NIC1667	0.000010	0.000010	0.000010	0.000010	0.000010	0.000010	0.000010	0.000010	0.000010	0.000010	0.000010	0.999870	0.000010	0.000010	LD_0.9_14_1807
NIC1681	0.000012	0.000010	0.000010	0.000014	0.000010	0.000010	0.000010	0.000010	0.000010	0.000015	0.000012	0.999857	0.000010	0.000010	LD_0.9_14_1807
NIC1688	0.000010	0.000010	0.000010	0.999870	0.000010	0.000010	0.000010	0.000010	0.000010	0.000010	0.000010	0.000010	0.000010	0.000010	LD_0.9_14_1807
NIC1692	0.000010	0.000010	0.000010	0.000010	0.000010	0.000010	0.000010	0.000010	0.000010	0.000013	0.000010	0.999867	0.000010	0.000010	LD_0.9_14_1807
NIC1693	0.000010	0.000010	0.000010	0.000010	0.000010	0.000010	0.000010	0.000010	0.000010	0.000017	0.000010	0.999863	0.000010	0.000010	LD_0.9_14_1807
NIC17	0.886488	0.000010	0.000010	0.113392	0.000010	0.000010	0.000010	0.000010	0.000010	0.000010	0.000010	0.000010	0.000010	0.000010	LD_0.9_14_1807
NIC174	0.000010	0.000010	0.000010	0.000010	0.000010	0.999870	0.000010	0.000010	0.000010	0.000010	0.000010	0.000010	0.000010	0.000010	LD_0.9_14_1807
NIC187	0.875109	0.000010	0.000010	0.000010	0.000010	0.000010	0.000010	0.000010	0.000010	0.000010	0.124768	0.000012	0.000010	0.000010	LD_0.9_14_1807
NIC188	0.902397	0.000010	0.000010	0.000010	0.000010	0.000010	0.000010	0.000010	0.000010	0.000010	0.097483	0.000010	0.000010	0.000010	LD_0.9_14_1807
NIC19	0.000010	0.000010	0.000010	0.000017	0.999850	0.000010	0.000010	0.000010	0.000017	0.000015	0.000010	0.000010	0.000010	0.000010	LD_0.9_14_1807
NIC191	0.999870	0.000010	0.000010	0.000010	0.000010	0.000010	0.000010	0.000010	0.000010	0.000010	0.000010	0.000010	0.000010	0.000010	LD_0.9_14_1807
NIC20	0.000010	0.000010	0.000010	0.000010	0.999870	0.000010	0.000010	0.000010	0.000010	0.000010	0.000010	0.000010	0.000010	0.000010	LD_0.9_14_1807
NIC21	0.000010	0.000010	0.000010	0.000010	0.999870	0.000010	0.000010	0.000010	0.000010	0.000010	0.000010	0.000010	0.000010	0.000010	LD_0.9_14_1807
NIC22	0.000010	0.000011	0.000010	0.000010	0.999856	0.000010	0.000010	0.000010	0.000015	0.000018	0.000010	0.000010	0.000010	0.000010	LD_0.9_14_1807
NIC2369	0.000012	0.000010	0.000010	0.000010	0.000010	0.000010	0.999868	0.000010	0.000010	0.000010	0.000010	0.000010	0.000010	0.000010	LD_0.9_14_1807
NIC248	0.999870	0.000010	0.000010	0.000010	0.000010	0.000010	0.000010	0.000010	0.000010	0.000010	0.000010	0.000010	0.000010	0.000010	LD_0.9_14_1807
NIC250	0.999869	0.000010	0.000010	0.000010	0.000010	0.000010	0.000010	0.000010	0.000011	0.000010	0.000010	0.000010	0.000010	0.000010	LD_0.9_14_1807
NIC2527	0.000010	0.000010	0.000010	0.999870	0.000010	0.000010	0.000010	0.000010	0.000010	0.000010	0.000010	0.000010	0.000010	0.000010	LD_0.9_14_1807
NIC309	0.000011	0.000010	0.000010	0.000010	0.000010	0.000010	0.000010	0.000010	0.000010	0.000010	0.999869	0.000010	0.000010	0.000010	LD_0.9_14_1807
NIC325	0.000013	0.000010	0.000010	0.000010	0.000010	0.000010	0.000010	0.000010	0.000010	0.000010	0.999867	0.000010	0.000010	0.000010	LD_0.9_14_1807
NIC327	0.000010	0.000010	0.074856	0.000011	0.000010	0.000010	0.000010	0.000010	0.000010	0.000010	0.925022	0.000010	0.000010	0.000010	LD_0.9_14_1807
NIC329	0.118542	0.000010	0.000010	0.000010	0.000010	0.000010	0.000010	0.000010	0.000010	0.000010	0.881338	0.000010	0.000010	0.000010	LD_0.9_14_1807
NIC330	0.071467	0.000010	0.000010	0.000010	0.000010	0.000010	0.000010	0.000010	0.000010	0.000010	0.928413	0.000010	0.000010	0.000010	LD_0.9_14_1807
NIC331	0.246575	0.000010	0.117347	0.000011	0.000011	0.000019	0.000010	0.000010	0.000010	0.000014	0.635953	0.000010	0.000010	0.000010	LD_0.9_14_1807
NIC332	0.000010	0.000010	0.134115	0.000010	0.000010	0.000010	0.000010	0.000010	0.000010	0.000010	0.865765	0.000010	0.000010	0.000010	LD_0.9_14_1807
NIC333	0.000010	0.000010	0.000010	0.000010	0.000010	0.000010	0.000010	0.000010	0.000010	0.000010	0.999870	0.000010	0.000010	0.000010	LD_0.9_14_1807
NIC343	0.000010	0.000010	0.000010	0.974722	0.000010	0.000010	0.025158	0.000010	0.000010	0.000010	0.000010	0.000010	0.000010	0.000010	LD_0.9_14_1807
NIC392	0.156259	0.000010	0.000010	0.187958	0.000010	0.000010	0.000010	0.000010	0.000010	0.000010	0.655673	0.000010	0.000010	0.000010	LD_0.9_14_1807
NIC400	0.000010	0.000010	0.114404	0.000010	0.000010	0.000010	0.000010	0.000010	0.000010	0.000010	0.885476	0.000010	0.000010	0.000010	LD_0.9_14_1807
NIC402	0.048795	0.000010	0.082385	0.000010	0.000010	0.000010	0.000010	0.000010	0.000010	0.000010	0.868709	0.000010	0.000010	0.000010	LD_0.9_14_1807
NIC419	0.000010	0.000010	0.000010	0.000010	0.000010	0.000010	0.999870	0.000010	0.000010	0.000010	0.000010	0.000010	0.000010	0.000010	LD_0.9_14_1807
NIC504	0.000010	0.000017	0.000010	0.000010	0.000010	0.000010	0.000010	0.000010	0.000010	0.000010	0.000017	0.999856	0.000010	0.000010	LD_0.9_14_1807
NIC505	0.000014	0.000010	0.000010	0.000010	0.000010	0.000010	0.000010	0.000010	0.000010	0.000010	0.000016	0.999860	0.000010	0.000010	LD_0.9_14_1807
NIC518	0.000010	0.000010	0.000012	0.000010	0.000014	0.000010	0.000010	0.000010	0.000010	0.000010	0.000010	0.999864	0.000010	0.000010	LD_0.9_14_1807
NIC519	0.000010	0.000010	0.000010	0.000010	0.000010	0.000010	0.000010	0.000010	0.000010	0.000010	0.000010	0.999870	0.000010	0.000010	LD_0.9_14_1807
NIC532	0.999870	0.000010	0.000010	0.000010	0.000010	0.000010	0.000010	0.000010	0.000010	0.000010	0.000010	0.000010	0.000010	0.000010	LD_0.9_14_1807
NIC541	0.234351	0.000010	0.076675	0.000010	0.000010	0.000010	0.000010	0.000012	0.000013	0.000010	0.376901	0.000010	0.000010	0.311968	LD_0.9_14_1807
NIC549	0.999870	0.000010	0.000010	0.000010	0.000010	0.000010	0.000010	0.000010	0.000010	0.000010	0.000010	0.000010	0.000010	0.000010	LD_0.9_14_1807
NIC552	0.999870	0.000010	0.000010	0.000010	0.000010	0.000010	0.000010	0.000010	0.000010	0.000010	0.000010	0.000010	0.000010	0.000010	LD_0.9_14_1807
NIC555	0.807289	0.000010	0.118959	0.000010	0.000010	0.000010	0.000010	0.000010	0.000010	0.000010	0.073642	0.000010	0.000010	0.000010	LD_0.9_14_1807
NIC561	0.999869	0.000010	0.000011	0.000010	0.000010	0.000010	0.000010	0.000010	0.000010	0.000010	0.000010	0.000010	0.000010	0.000010	LD_0.9_14_1807
NIC574	0.999870	0.000010	0.000010	0.000010	0.000010	0.000010	0.000010	0.000010	0.000010	0.000010	0.000010	0.000010	0.000010	0.000010	LD_0.9_14_1807
NIC578	0.933940	0.000010	0.000010	0.000011	0.000010	0.000017	0.000010	0.000010	0.000017	0.000010	0.065925	0.000010	0.000010	0.000010	LD_0.9_14_1807
NIC583	0.781212	0.000010	0.004577	0.000010	0.000010	0.000010	0.000010	0.000010	0.000010	0.000010	0.214102	0.000010	0.000010	0.000010	LD_0.9_14_1807
NIC590	0.482087	0.000010	0.000010	0.000010	0.000010	0.000012	0.000010	0.000013	0.000010	0.000010	0.404745	0.000010	0.000010	0.113053	LD_0.9_14_1807
NIC593	0.999870	0.000010	0.000010	0.000010	0.000010	0.000010	0.000010	0.000010	0.000010	0.000010	0.000010	0.000010	0.000010	0.000010	LD_0.9_14_1807
NIC60	0.028596	0.000010	0.000010	0.000010	0.000010	0.000010	0.000010	0.000010	0.000010	0.000010	0.971284	0.000010	0.000010	0.000010	LD_0.9_14_1807
NIC61	0.999870	0.000010	0.000010	0.000010	0.000010	0.000010	0.000010	0.000010	0.000010	0.000010	0.000010	0.000010	0.000010	0.000010	LD_0.9_14_1807
NIC62	0.530106	0.000010	0.000010	0.000011	0.000010	0.000010	0.000010	0.000010	0.000010	0.000010	0.469773	0.000010	0.000010	0.000010	LD_0.9_14_1807
NIC67	0.000010	0.000010	0.000011	0.000010	0.000012	0.000010	0.999867	0.000010	0.000010	0.000010	0.000010	0.000010	0.000010	0.000010	LD_0.9_14_1807
NIC758	0.732935	0.000010	0.000010	0.000010	0.000010	0.000010	0.000010	0.000010	0.000010	0.000010	0.141060	0.000010	0.000010	0.125895	LD_0.9_14_1807
NIC777	0.482475	0.000010	0.084415	0.000010	0.000011	0.000010	0.000010	0.000011	0.000010	0.000010	0.432997	0.000010	0.000010	0.000010	LD_0.9_14_1807
NIC779	0.000010	0.000010	0.000010	0.000010	0.000010	0.000010	0.000010	0.000010	0.000010	0.000010	0.000010	0.999870	0.000010	0.000010	LD_0.9_14_1807
NIC790	0.000010	0.000010	0.000010	0.999870	0.000010	0.000010	0.000010	0.000010	0.000010	0.000010	0.000010	0.000010	0.000010	0.000010	LD_0.9_14_1807
NIC791	0.000010	0.000010	0.000010	0.082988	0.000010	0.000010	0.000010	0.000010	0.000010	0.000010	0.000010	0.000010	0.000010	0.916892	LD_0.9_14_1807
NIC792	0.000010	0.000010	0.000010	0.696022	0.000010	0.000010	0.000010	0.000010	0.000010	0.000010	0.000010	0.000010	0.000010	0.303857	LD_0.9_14_1807
NIC793	0.000010	0.000010	0.000011	0.999868	0.000010	0.000010	0.000010	0.000010	0.000010	0.000010	0.000011	0.000010	0.000010	0.000010	LD_0.9_14_1807
NIC795	0.000010	0.000010	0.000010	0.999868	0.000010	0.000010	0.000010	0.000010	0.000010	0.000010	0.000012	0.000010	0.000010	0.000010	LD_0.9_14_1807
NIC796	0.000010	0.000010	0.000010	0.992330	0.007550	0.000010	0.000010	0.000010	0.000010	0.000010	0.000010	0.000010	0.000010	0.000010	LD_0.9_14_1807
NIC802	0.000010	0.000010	0.000010	0.999869	0.000010	0.000010	0.000010	0.000010	0.000010	0.000010	0.000011	0.000010	0.000010	0.000010	LD_0.9_14_1807
NIC803	0.000010	0.000010	0.000011	0.907207	0.000010	0.000010	0.000011	0.000010	0.000010	0.000010	0.092671	0.000010	0.000010	0.000010	LD_0.9_14_1807
NIC805	0.000010	0.000018	0.000010	0.000010	0.000012	0.000010	0.000010	0.000010	0.000010	0.000010	0.000010	0.999859	0.000010	0.000010	LD_0.9_14_1807
NIC811	0.000010	0.000010	0.000010	0.961226	0.000010	0.000010	0.000010	0.000010	0.000010	0.000010	0.038654	0.000010	0.000010	0.000010	LD_0.9_14_1807
NIC814	0.000010	0.000010	0.000010	0.000010	0.000010	0.000010	0.000010	0.000010	0.000010	0.000010	0.000010	0.999870	0.000010	0.000010	LD_0.9_14_1807
NIC815	0.000010	0.000010	0.000010	0.000010	0.000010	0.000010	0.000010	0.000010	0.000010	0.000010	0.000010	0.999870	0.000010	0.000010	LD_0.9_14_1807
NIC816	0.000010	0.000010	0.000010	0.000010	0.999869	0.000010	0.000010	0.000010	0.000011	0.000010	0.000010	0.000010	0.000010	0.000010	LD_0.9_14_1807
NIC819	0.000010	0.000010	0.000010	0.000010	0.000010	0.000010	0.000010	0.000010	0.999870	0.000010	0.000010	0.000010	0.000010	0.000010	LD_0.9_14_1807
NIC821	0.000010	0.000010	0.000010	0.883504	0.000010	0.000010	0.000010	0.000010	0.000010	0.000010	0.116376	0.000010	0.000010	0.000010	LD_0.9_14_1807
NIC822	0.000010	0.000014	0.000010	0.000010	0.000010	0.000010	0.000010	0.000010	0.000010	0.000010	0.000010	0.999866	0.000010	0.000010	LD_0.9_14_1807
NIC824	0.000010	0.000010	0.000010	0.000010	0.000010	0.000010	0.000010	0.000010	0.000010	0.000010	0.000010	0.999870	0.000010	0.000010	LD_0.9_14_1807
NIC825	0.000010	0.000010	0.000010	0.000010	0.999870	0.000010	0.000010	0.000010	0.000010	0.000010	0.000010	0.000010	0.000010	0.000010	LD_0.9_14_1807
NIC827	0.000010	0.000010	0.000010	0.000010	0.999869	0.000010	0.000010	0.000010	0.000011	0.000010	0.000010	0.000010	0.000010	0.000010	LD_0.9_14_1807
NIC828	0.000010	0.000010	0.000010	0.000010	0.999870	0.000010	0.000010	0.000010	0.000010	0.000010	0.000010	0.000010	0.000010	0.000010	LD_0.9_14_1807
NIC863	0.000010	0.000010	0.000010	0.000010	0.000010	0.000010	0.000010	0.000010	0.000010	0.000010	0.000010	0.999870	0.000010	0.000010	LD_0.9_14_1807
NIC864	0.000010	0.000010	0.000011	0.000010	0.000010	0.000010	0.000010	0.000010	0.000010	0.000016	0.000010	0.999864	0.000010	0.000010	LD_0.9_14_1807
NIC865	0.000010	0.000010	0.000010	0.000010	0.000010	0.000010	0.000010	0.000010	0.000010	0.000010	0.000010	0.999870	0.000010	0.000010	LD_0.9_14_1807
NIC871	0.000010	0.000010	0.000010	0.999866	0.000011	0.000011	0.000011	0.000010	0.000010	0.000010	0.000011	0.000010	0.000010	0.000010	LD_0.9_14_1807
NIC883	0.000010	0.000010	0.000010	0.999870	0.000010	0.000010	0.000010	0.000010	0.000010	0.000010	0.000010	0.000010	0.000010	0.000010	LD_0.9_14_1807
NIC889	0.000010	0.000010	0.000010	0.000010	0.000010	0.000010	0.000010	0.000010	0.000010	0.000010	0.000010	0.999870	0.000010	0.000010	LD_0.9_14_1807
NIC893	0.000010	0.000010	0.000010	0.000010	0.000010	0.000010	0.000010	0.000010	0.000010	0.999870	0.000010	0.000010	0.000010	0.000010	LD_0.9_14_1807
NIC897	0.000012	0.000010	0.000010	0.000010	0.000010	0.000010	0.000010	0.000010	0.000010	0.000010	0.000010	0.999868	0.000010	0.000010	LD_0.9_14_1807
NIC899	0.000010	0.000010	0.000010	0.000010	0.000010	0.999870	0.000010	0.000010	0.000010	0.000010	0.000010	0.000010	0.000010	0.000010	LD_0.9_14_1807
NIC901	0.731500	0.000010	0.000010	0.268380	0.000010	0.000010	0.000010	0.000010	0.000010	0.000010	0.000010	0.000010	0.000010	0.000010	LD_0.9_14_1807
NIC911	0.620258	0.000010	0.000010	0.379622	0.000010	0.000010	0.000010	0.000010	0.000010	0.000010	0.000010	0.000010	0.000010	0.000010	LD_0.9_14_1807
NIC96	0.000010	0.000010	0.000010	0.000010	0.000010	0.000010	0.000010	0.000010	0.000010	0.000010	0.999870	0.000010	0.000010	0.000010	LD_0.9_14_1807
NIC984	0.477131	0.000010	0.000010	0.522749	0.000010	0.000010	0.000010	0.000010	0.000010	0.000010	0.000010	0.000010	0.000010	0.000010	LD_0.9_14_1807
NIC985	0.461688	0.000010	0.000010	0.372593	0.000010	0.000010	0.165608	0.000010	0.000010	0.000010	0.000010	0.000010	0.000010	0.000010	LD_0.9_14_1807
PB800	0.000010	0.000010	0.000010	0.000010	0.000010	0.999870	0.000010	0.000010	0.000010	0.000010	0.000010	0.000010	0.000010	0.000010	LD_0.9_14_1807
PB857	0.000010	0.000010	0.000010	0.000013	0.000010	0.999867	0.000010	0.000010	0.000010	0.000010	0.000010	0.000010	0.000010	0.000010	LD_0.9_14_1807
PE887	0.568322	0.000010	0.000010	0.431558	0.000010	0.000010	0.000010	0.000010	0.000010	0.000010	0.000010	0.000010	0.000010	0.000010	LD_0.9_14_1807
QG1005	0.000010	0.000010	0.895360	0.000010	0.000010	0.000010	0.000010	0.000010	0.000010	0.000010	0.104520	0.000010	0.000010	0.000010	LD_0.9_14_1807
QG1007	0.000010	0.000010	0.999862	0.000010	0.000010	0.000010	0.000018	0.000010	0.000010	0.000010	0.000010	0.000010	0.000010	0.000010	LD_0.9_14_1807
QG1111	0.000010	0.000010	0.999870	0.000010	0.000010	0.000010	0.000010	0.000010	0.000010	0.000010	0.000010	0.000010	0.000010	0.000010	LD_0.9_14_1807
QG1126	0.000019	0.000010	0.999854	0.000010	0.000010	0.000010	0.000017	0.000010	0.000010	0.000010	0.000010	0.000010	0.000010	0.000010	LD_0.9_14_1807
QG1141	0.000010	0.000010	0.999870	0.000010	0.000010	0.000010	0.000010	0.000010	0.000010	0.000010	0.000010	0.000010	0.000010	0.000010	LD_0.9_14_1807
QG1155	0.000010	0.000010	0.996468	0.003412	0.000010	0.000010	0.000010	0.000010	0.000010	0.000010	0.000010	0.000010	0.000010	0.000010	LD_0.9_14_1807
QG130	0.000011	0.000010	0.000010	0.999869	0.000010	0.000010	0.000010	0.000010	0.000010	0.000010	0.000010	0.000010	0.000010	0.000010	LD_0.9_14_1807
QG132	0.043832	0.000010	0.000010	0.917521	0.000010	0.000010	0.000010	0.000010	0.000010	0.000010	0.038537	0.000010	0.000010	0.000010	LD_0.9_14_1807
QG133	0.000010	0.000010	0.000010	0.023200	0.000010	0.000010	0.000010	0.000010	0.000010	0.000010	0.000010	0.976680	0.000010	0.000010	LD_0.9_14_1807
QG2641	0.000010	0.000010	0.999870	0.000010	0.000010	0.000010	0.000010	0.000010	0.000010	0.000010	0.000010	0.000010	0.000010	0.000010	LD_0.9_14_1807
QG2648	0.000010	0.000010	0.999870	0.000010	0.000010	0.000010	0.000010	0.000010	0.000010	0.000010	0.000010	0.000010	0.000010	0.000010	LD_0.9_14_1807
QG2659	0.000010	0.000010	0.999870	0.000010	0.000010	0.000010	0.000010	0.000010	0.000010	0.000010	0.000010	0.000010	0.000010	0.000010	LD_0.9_14_1807
QG2663	0.000020	0.000019	0.999850	0.000010	0.000010	0.000010	0.000010	0.000010	0.000010	0.000010	0.000011	0.000010	0.000010	0.000010	LD_0.9_14_1807
QG2665	0.000010	0.000010	0.999870	0.000010	0.000010	0.000010	0.000010	0.000010	0.000010	0.000010	0.000010	0.000010	0.000010	0.000010	LD_0.9_14_1807
QG2683	0.000010	0.000010	0.999868	0.000010	0.000010	0.000010	0.000012	0.000010	0.000010	0.000010	0.000010	0.000010	0.000010	0.000010	LD_0.9_14_1807
QG2736	0.000010	0.000010	0.999870	0.000010	0.000010	0.000010	0.000010	0.000010	0.000010	0.000010	0.000010	0.000010	0.000010	0.000010	LD_0.9_14_1807
QG2814	0.000010	0.000010	0.000010	0.999870	0.000010	0.000010	0.000010	0.000010	0.000010	0.000010	0.000010	0.000010	0.000010	0.000010	LD_0.9_14_1807
QG2820	0.000010	0.000010	0.011640	0.988240	0.000010	0.000010	0.000010	0.000010	0.000010	0.000010	0.000010	0.000010	0.000010	0.000010	LD_0.9_14_1807
QG2848	0.000010	0.000010	0.000010	0.999870	0.000010	0.000010	0.000010	0.000010	0.000010	0.000010	0.000010	0.000010	0.000010	0.000010	LD_0.9_14_1807
QG2849	0.000010	0.000010	0.000010	0.999870	0.000010	0.000010	0.000010	0.000010	0.000010	0.000010	0.000010	0.000010	0.000010	0.000010	LD_0.9_14_1807
QG2880	0.000010	0.000010	0.000010	0.000010	0.000010	0.000010	0.000010	0.000010	0.000010	0.000010	0.000010	0.000010	0.000010	0.999870	LD_0.9_14_1807
QG2881	0.000010	0.000010	0.000010	0.999868	0.000010	0.000010	0.000010	0.000012	0.000010	0.000010	0.000010	0.000010	0.000010	0.000010	LD_0.9_14_1807
QG2883	0.000016	0.000014	0.000010	0.999852	0.000014	0.000014	0.000010	0.000010	0.000010	0.000010	0.000010	0.000010	0.000010	0.000010	LD_0.9_14_1807
QG2884	0.000010	0.000010	0.000010	0.000010	0.000010	0.000010	0.000011	0.000010	0.000010	0.000010	0.000010	0.000010	0.000010	0.999869	LD_0.9_14_1807
QG2891	0.000010	0.000010	0.000010	0.000010	0.000010	0.000010	0.000010	0.000010	0.000010	0.000010	0.000010	0.000010	0.999870	0.000010	LD_0.9_14_1807
QG2892	0.000010	0.000010	0.000010	0.000010	0.000010	0.000010	0.000010	0.000010	0.000010	0.000010	0.000010	0.000010	0.000010	0.999870	LD_0.9_14_1807
QG2893	0.000010	0.000010	0.000011	0.000010	0.000013	0.000010	0.000010	0.502935	0.000010	0.000010	0.000010	0.000016	0.496935	0.000010	LD_0.9_14_1807
QG2895	0.000010	0.000016	0.000011	0.000013	0.000010	0.000010	0.000011	0.000015	0.000010	0.000010	0.000014	0.000010	0.000010	0.999852	LD_0.9_14_1807
QG2902	0.000010	0.000010	0.000018	0.000010	0.000010	0.000010	0.000010	0.000010	0.000010	0.000010	0.000011	0.000010	0.000010	0.999860	LD_0.9_14_1807
QG2903	0.000010	0.000010	0.000010	0.000010	0.000010	0.000010	0.000010	0.000010	0.000010	0.000010	0.000010	0.000015	0.000010	0.999865	LD_0.9_14_1807
QG2906	0.000010	0.000010	0.000010	0.000010	0.000010	0.000010	0.000010	0.000010	0.000010	0.000010	0.000010	0.000010	0.000010	0.999870	LD_0.9_14_1807
QG2908	0.000010	0.000018	0.000010	0.000010	0.000017	0.000010	0.000010	0.492885	0.000013	0.000010	0.000010	0.000017	0.506970	0.000010	LD_0.9_14_1807
QG2910	0.000010	0.000010	0.000010	0.940812	0.000011	0.000010	0.000010	0.000010	0.000010	0.000010	0.059067	0.000010	0.000010	0.000010	LD_0.9_14_1807
QG2919	0.000010	0.000010	0.000010	0.000010	0.000010	0.000010	0.000010	0.000010	0.000010	0.000010	0.000010	0.000010	0.999870	0.000010	LD_0.9_14_1807
QG2923	0.000010	0.000010	0.000010	0.000010	0.000010	0.000010	0.000010	0.000010	0.000010	0.000010	0.000010	0.000010	0.000010	0.999870	LD_0.9_14_1807
QG2925	0.000010	0.000010	0.000010	0.000010	0.000010	0.000010	0.000010	0.000010	0.000010	0.000010	0.000010	0.000010	0.000010	0.999870	LD_0.9_14_1807
QG2964	0.000010	0.000010	0.999869	0.000010	0.000010	0.000010	0.000010	0.000010	0.000010	0.000010	0.000011	0.000010	0.000010	0.000010	LD_0.9_14_1807
QG2966	0.159911	0.000010	0.614703	0.180192	0.000010	0.000010	0.000010	0.000010	0.000010	0.000010	0.045094	0.000010	0.000010	0.000010	LD_0.9_14_1807
QG2969	0.000010	0.000010	0.999870	0.000010	0.000010	0.000010	0.000010	0.000010	0.000010	0.000010	0.000010	0.000010	0.000010	0.000010	LD_0.9_14_1807
QG2972	0.000018	0.000010	0.999862	0.000010	0.000010	0.000010	0.000010	0.000010	0.000010	0.000010	0.000010	0.000010	0.000010	0.000010	LD_0.9_14_1807
QG2996	0.000010	0.000010	0.999867	0.000010	0.000010	0.000010	0.000010	0.000013	0.000010	0.000010	0.000010	0.000010	0.000010	0.000010	LD_0.9_14_1807
QG3004	0.000010	0.000010	0.749412	0.074471	0.000010	0.000010	0.000010	0.000010	0.000010	0.000010	0.176007	0.000010	0.000010	0.000010	LD_0.9_14_1807
QG3006	0.000010	0.000010	0.999866	0.000010	0.000010	0.000010	0.000014	0.000010	0.000010	0.000010	0.000010	0.000010	0.000010	0.000010	LD_0.9_14_1807
QG3019	0.000010	0.000010	0.821679	0.000010	0.000010	0.000010	0.000010	0.000010	0.000010	0.000010	0.178201	0.000010	0.000010	0.000010	LD_0.9_14_1807
QG3025	0.000010	0.000010	0.999864	0.000016	0.000010	0.000010	0.000010	0.000010	0.000010	0.000010	0.000010	0.000010	0.000010	0.000010	LD_0.9_14_1807
QG3030	0.000012	0.000010	0.999867	0.000010	0.000010	0.000010	0.000010	0.000010	0.000010	0.000010	0.000010	0.000010	0.000010	0.000010	LD_0.9_14_1807
QG3032	0.000010	0.000010	0.713140	0.000012	0.000010	0.000010	0.000010	0.000010	0.000010	0.000010	0.286739	0.000010	0.000010	0.000010	LD_0.9_14_1807
QG3034	0.000012	0.000010	0.999867	0.000010	0.000010	0.000010	0.000010	0.000010	0.000010	0.000010	0.000010	0.000010	0.000010	0.000010	LD_0.9_14_1807
QG3041	0.000010	0.000010	0.999870	0.000010	0.000010	0.000010	0.000010	0.000010	0.000010	0.000010	0.000010	0.000010	0.000010	0.000010	LD_0.9_14_1807
QG3053	0.912987	0.000010	0.000010	0.086893	0.000010	0.000010	0.000010	0.000010	0.000010	0.000010	0.000010	0.000010	0.000010	0.000010	LD_0.9_14_1807
QG3056	0.140629	0.000010	0.602010	0.188002	0.000010	0.000010	0.000010	0.000010	0.000010	0.000010	0.069259	0.000010	0.000010	0.000010	LD_0.9_14_1807
QG3057	0.000013	0.000010	0.999855	0.000017	0.000010	0.000011	0.000010	0.000010	0.000011	0.000010	0.000010	0.000011	0.000010	0.000010	LD_0.9_14_1807
QG3058	0.000010	0.000014	0.906316	0.000010	0.000010	0.000010	0.000010	0.000010	0.000010	0.000010	0.093560	0.000010	0.000010	0.000010	LD_0.9_14_1807
QG3527	0.807695	0.000010	0.133927	0.000010	0.000010	0.000010	0.000010	0.000010	0.000010	0.000010	0.058268	0.000010	0.000010	0.000010	LD_0.9_14_1807
QG3661	0.000010	0.000010	0.000010	0.000010	0.000010	0.999870	0.000010	0.000010	0.000010	0.000010	0.000010	0.000010	0.000010	0.000010	LD_0.9_14_1807
QG3783	0.836572	0.000010	0.088635	0.074683	0.000010	0.000010	0.000010	0.000010	0.000010	0.000010	0.000010	0.000010	0.000010	0.000010	LD_0.9_14_1807
QG3801	0.034634	0.000010	0.885705	0.004671	0.000010	0.000010	0.000011	0.000010	0.000010	0.000010	0.074890	0.000010	0.000010	0.000010	LD_0.9_14_1807
QG3815	0.842187	0.000010	0.000010	0.000010	0.000010	0.000010	0.000010	0.000012	0.000010	0.000010	0.157691	0.000010	0.000010	0.000010	LD_0.9_14_1807
QG3816	0.926628	0.000010	0.073252	0.000010	0.000010	0.000010	0.000010	0.000010	0.000010	0.000010	0.000010	0.000010	0.000010	0.000010	LD_0.9_14_1807
QG3823	0.000017	0.000010	0.869922	0.008551	0.000010	0.000010	0.013173	0.000010	0.000010	0.000010	0.103630	0.000010	0.000010	0.004627	LD_0.9_14_1807
QG3825	0.999870	0.000010	0.000010	0.000010	0.000010	0.000010	0.000010	0.000010	0.000010	0.000010	0.000010	0.000010	0.000010	0.000010	LD_0.9_14_1807
QG3826	0.901162	0.000010	0.098718	0.000010	0.000010	0.000010	0.000010	0.000010	0.000010	0.000010	0.000010	0.000010	0.000010	0.000010	LD_0.9_14_1807
QG3837	0.999870	0.000010	0.000010	0.000010	0.000010	0.000010	0.000010	0.000010	0.000010	0.000010	0.000010	0.000010	0.000010	0.000010	LD_0.9_14_1807
QG3851	0.843516	0.000010	0.097002	0.059372	0.000010	0.000010	0.000010	0.000010	0.000010	0.000010	0.000010	0.000010	0.000010	0.000010	LD_0.9_14_1807
QG3861	0.895956	0.000010	0.039606	0.000010	0.000010	0.000010	0.000010	0.000010	0.000010	0.000010	0.064328	0.000010	0.000010	0.000010	LD_0.9_14_1807
QG3867	0.077322	0.000010	0.852147	0.000010	0.000010	0.000010	0.000010	0.000010	0.000010	0.000010	0.070421	0.000010	0.000010	0.000010	LD_0.9_14_1807
QG3874	0.999857	0.000010	0.000010	0.000010	0.000010	0.000010	0.000011	0.000010	0.000010	0.000012	0.000014	0.000017	0.000010	0.000010	LD_0.9_14_1807
QG3875	0.876963	0.000010	0.000010	0.000010	0.000010	0.000010	0.000010	0.000010	0.000010	0.000010	0.122917	0.000010	0.000010	0.000010	LD_0.9_14_1807
QG3876	0.913308	0.000010	0.086572	0.000010	0.000010	0.000010	0.000010	0.000010	0.000010	0.000010	0.000010	0.000010	0.000010	0.000010	LD_0.9_14_1807
QG3878	0.849176	0.000010	0.000010	0.000010	0.000010	0.000010	0.000010	0.000010	0.000010	0.000010	0.150704	0.000010	0.000010	0.000010	LD_0.9_14_1807
QG3920	0.751131	0.000010	0.040848	0.000010	0.000010	0.000010	0.000010	0.000010	0.000010	0.000010	0.207911	0.000010	0.000010	0.000010	LD_0.9_14_1807
QG3921	0.770499	0.000010	0.031719	0.000010	0.000010	0.000010	0.000010	0.000010	0.000010	0.000010	0.197672	0.000010	0.000010	0.000010	LD_0.9_14_1807
QG3923	0.870656	0.000013	0.000010	0.002611	0.000013	0.000010	0.000010	0.000010	0.000010	0.000010	0.126617	0.000010	0.000010	0.000010	LD_0.9_14_1807
QG3924	0.113661	0.000010	0.042341	0.256386	0.000010	0.000010	0.000010	0.000010	0.000010	0.000010	0.587513	0.000010	0.000010	0.000010	LD_0.9_14_1807
QG3925	0.619243	0.000010	0.000010	0.000010	0.000010	0.000010	0.000010	0.000010	0.000010	0.000010	0.380637	0.000010	0.000010	0.000010	LD_0.9_14_1807
QG3926	0.734556	0.000010	0.000010	0.000010	0.000015	0.000012	0.000010	0.000013	0.000019	0.000010	0.265299	0.000015	0.000010	0.000010	LD_0.9_14_1807
QG3927	0.796175	0.000010	0.000010	0.000010	0.000010	0.000010	0.000010	0.000010	0.000010	0.000010	0.203705	0.000010	0.000010	0.000010	LD_0.9_14_1807
QG3931	0.301327	0.000010	0.000010	0.053145	0.000010	0.000010	0.000010	0.000010	0.000010	0.000010	0.645418	0.000010	0.000010	0.000010	LD_0.9_14_1807
QG3932	0.390316	0.000013	0.000013	0.245043	0.000010	0.000010	0.000010	0.000010	0.000012	0.000010	0.364516	0.000018	0.000010	0.000010	LD_0.9_14_1807
QG3933	0.846900	0.000010	0.000010	0.152980	0.000010	0.000010	0.000010	0.000010	0.000010	0.000010	0.000010	0.000010	0.000010	0.000010	LD_0.9_14_1807
QG4026	0.000010	0.000010	0.000010	0.000010	0.000010	0.000010	0.000010	0.000010	0.000010	0.000010	0.000010	0.000010	0.999870	0.000010	LD_0.9_14_1807
QG4028	0.000010	0.000010	0.000010	0.000010	0.000010	0.000010	0.000010	0.000010	0.000010	0.000010	0.000010	0.000010	0.999870	0.000010	LD_0.9_14_1807
QG4031	0.000010	0.000010	0.000010	0.000010	0.000010	0.000010	0.000010	0.000010	0.000010	0.000010	0.000010	0.000010	0.999870	0.000010	LD_0.9_14_1807
QG4063	0.000010	0.000010	0.000010	0.000010	0.000010	0.000010	0.000010	0.000010	0.000010	0.000010	0.000010	0.000010	0.999870	0.000010	LD_0.9_14_1807
QG4064	0.000010	0.000010	0.000010	0.000010	0.000010	0.000010	0.000010	0.000016	0.000010	0.000010	0.000010	0.000010	0.999864	0.000010	LD_0.9_14_1807
QG4067	0.000010	0.000010	0.000010	0.000010	0.000016	0.000010	0.000010	0.000019	0.000010	0.000010	0.000010	0.000010	0.999855	0.000010	LD_0.9_14_1807
QG4068	0.000010	0.000010	0.000010	0.000010	0.000013	0.000010	0.000010	0.000011	0.000010	0.000010	0.000010	0.000010	0.999866	0.000010	LD_0.9_14_1807
QG4070	0.215229	0.000010	0.000010	0.784651	0.000010	0.000010	0.000010	0.000010	0.000010	0.000010	0.000010	0.000010	0.000010	0.000010	LD_0.9_14_1807
QG4093	0.000010	0.000010	0.000010	0.000010	0.000010	0.000010	0.000010	0.123623	0.000010	0.000010	0.000010	0.000010	0.876257	0.000010	LD_0.9_14_1807
QG4094	0.000010	0.000010	0.000010	0.000010	0.000010	0.000010	0.000010	0.000010	0.000010	0.000019	0.000010	0.000010	0.999861	0.000010	LD_0.9_14_1807
QG4095	0.000010	0.000010	0.000010	0.000010	0.000010	0.000010	0.000010	0.000010	0.000010	0.000010	0.000010	0.000010	0.999870	0.000010	LD_0.9_14_1807
QG4096	0.000010	0.000010	0.000010	0.000010	0.000010	0.000010	0.000010	0.000010	0.000010	0.000010	0.000010	0.000010	0.999870	0.000010	LD_0.9_14_1807
QG4097	0.000010	0.000010	0.000010	0.000010	0.000010	0.000010	0.000010	0.000015	0.000010	0.000010	0.000010	0.000010	0.999865	0.000010	LD_0.9_14_1807
QG4104	0.000010	0.000010	0.000010	0.000010	0.000010	0.000010	0.000010	0.000010	0.000010	0.000011	0.000010	0.000010	0.999869	0.000010	LD_0.9_14_1807
QG4114	0.000010	0.000010	0.000010	0.000010	0.000010	0.000010	0.000010	0.000010	0.000010	0.000010	0.000010	0.000010	0.999870	0.000010	LD_0.9_14_1807
QG4131	0.000010	0.000010	0.000010	0.000010	0.000010	0.000010	0.000010	0.000010	0.000010	0.000010	0.000010	0.000010	0.999870	0.000010	LD_0.9_14_1807
QG4132	0.000010	0.000010	0.000010	0.000010	0.000010	0.000010	0.000010	0.000010	0.000010	0.000015	0.000010	0.000010	0.999865	0.000010	LD_0.9_14_1807
QG4208	0.000010	0.000010	0.000010	0.000010	0.000010	0.000010	0.000010	0.149862	0.000010	0.000010	0.000010	0.000010	0.850018	0.000010	LD_0.9_14_1807
QG4214	0.000010	0.000010	0.000010	0.000010	0.000010	0.000010	0.000010	0.000010	0.000010	0.000010	0.000010	0.000010	0.999870	0.000010	LD_0.9_14_1807
QG4225	0.000010	0.000010	0.000010	0.000010	0.000010	0.000010	0.000010	0.000010	0.000010	0.000010	0.000010	0.000010	0.999870	0.000010	LD_0.9_14_1807
QG4232	0.000010	0.000010	0.000010	0.000010	0.000010	0.000019	0.000010	0.062619	0.000010	0.000017	0.000010	0.000010	0.937245	0.000010	LD_0.9_14_1807
QG4233	0.000010	0.000010	0.000010	0.000010	0.000010	0.000010	0.000010	0.000010	0.000010	0.000010	0.000010	0.000010	0.999870	0.000010	LD_0.9_14_1807
QG4647	0.000010	0.000010	0.000010	0.000010	0.000010	0.000010	0.000010	0.000010	0.000010	0.000010	0.000010	0.000010	0.000010	0.999870	LD_0.9_14_1807
QG4648	0.006215	0.000010	0.000010	0.993665	0.000010	0.000010	0.000010	0.000010	0.000010	0.000010	0.000010	0.000010	0.000010	0.000010	LD_0.9_14_1807
QG4683	0.072368	0.000010	0.000010	0.927512	0.000010	0.000010	0.000010	0.000010	0.000010	0.000010	0.000010	0.000010	0.000010	0.000010	LD_0.9_14_1807
QG4701	0.000010	0.000010	0.000010	0.439762	0.000010	0.000010	0.000010	0.000010	0.000010	0.000010	0.000010	0.000010	0.000010	0.560118	LD_0.9_14_1807
QG4706	0.000010	0.000010	0.000010	0.999870	0.000010	0.000010	0.000010	0.000010	0.000010	0.000010	0.000010	0.000010	0.000010	0.000010	LD_0.9_14_1807
QG4718	0.002488	0.000010	0.000010	0.997392	0.000010	0.000010	0.000010	0.000010	0.000010	0.000010	0.000010	0.000010	0.000010	0.000010	LD_0.9_14_1807
QG4742	0.073015	0.000010	0.000010	0.906229	0.000010	0.000010	0.000010	0.000010	0.000010	0.000010	0.000010	0.000010	0.000010	0.020645	LD_0.9_14_1807
QG4805	0.000014	0.000012	0.000010	0.000010	0.000010	0.000010	0.000016	0.000013	0.000010	0.000010	0.000010	0.000010	0.000010	0.999854	LD_0.9_14_1807
QG4847	0.000010	0.000010	0.000010	0.999870	0.000010	0.000010	0.000010	0.000010	0.000010	0.000010	0.000010	0.000010	0.000010	0.000010	LD_0.9_14_1807
QG4966	0.000010	0.000010	0.000010	0.999868	0.000010	0.000010	0.000010	0.000011	0.000010	0.000010	0.000010	0.000010	0.000010	0.000010	LD_0.9_14_1807
QG5348	0.000010	0.000010	0.000010	0.999870	0.000010	0.000010	0.000010	0.000010	0.000010	0.000010	0.000010	0.000010	0.000010	0.000010	LD_0.9_14_1807
QG5406	0.062856	0.000010	0.000010	0.937024	0.000010	0.000010	0.000010	0.000010	0.000010	0.000010	0.000010	0.000010	0.000010	0.000010	LD_0.9_14_1807
QG547	0.000010	0.000010	0.000010	0.000015	0.000010	0.999865	0.000010	0.000010	0.000010	0.000010	0.000010	0.000010	0.000010	0.000010	LD_0.9_14_1807
QG5474	0.000012	0.000010	0.000010	0.350960	0.000010	0.000010	0.000010	0.000010	0.000010	0.000010	0.000010	0.000010	0.000010	0.648918	LD_0.9_14_1807
QG5488	0.000010	0.000010	0.000016	0.999864	0.000010	0.000010	0.000010	0.000010	0.000010	0.000010	0.000010	0.000010	0.000010	0.000010	LD_0.9_14_1807
QG550	0.000010	0.000010	0.000010	0.225808	0.000010	0.000010	0.154929	0.000010	0.000010	0.000010	0.573315	0.000010	0.000010	0.045847	LD_0.9_14_1807
QG5507	0.000010	0.000010	0.000010	0.802997	0.000010	0.000010	0.000010	0.000010	0.000010	0.000010	0.000010	0.000010	0.000010	0.196883	LD_0.9_14_1807
QG5525	0.044875	0.000010	0.000010	0.921181	0.000010	0.000010	0.000010	0.000010	0.000010	0.000010	0.033834	0.000010	0.000010	0.000010	LD_0.9_14_1807
QG5589	0.032702	0.000010	0.000010	0.130263	0.000010	0.000010	0.000010	0.000010	0.000010	0.000010	0.000010	0.000010	0.000010	0.836926	LD_0.9_14_1807
QG5603	0.000010	0.000010	0.000010	0.338165	0.000010	0.000010	0.000010	0.000010	0.000010	0.000010	0.000010	0.000010	0.000010	0.661715	LD_0.9_14_1807
QG5611	0.000010	0.000010	0.000010	0.974407	0.000010	0.000010	0.000010	0.000010	0.000010	0.000010	0.025473	0.000010	0.000010	0.000010	LD_0.9_14_1807
QG5612	0.196504	0.000010	0.000010	0.712070	0.000010	0.000010	0.000010	0.000010	0.000010	0.000010	0.091315	0.000010	0.000010	0.000010	LD_0.9_14_1807
QG5633	0.000010	0.000010	0.000010	0.994495	0.000010	0.000010	0.000010	0.000010	0.000010	0.000010	0.005385	0.000010	0.000010	0.000010	LD_0.9_14_1807
QG581	0.000010	0.000010	0.000010	0.000010	0.000010	0.999870	0.000010	0.000010	0.000010	0.000010	0.000010	0.000010	0.000010	0.000010	LD_0.9_14_1807
QG588	0.000010	0.000010	0.000010	0.000010	0.000010	0.999870	0.000010	0.000010	0.000010	0.000010	0.000010	0.000010	0.000010	0.000010	LD_0.9_14_1807
QG700	0.000010	0.000010	0.747734	0.000010	0.000010	0.000010	0.000010	0.000010	0.000010	0.000010	0.252146	0.000010	0.000010	0.000010	LD_0.9_14_1807
QG727	0.000010	0.000010	0.999870	0.000010	0.000010	0.000010	0.000010	0.000010	0.000010	0.000010	0.000010	0.000010	0.000010	0.000010	LD_0.9_14_1807
QG733	0.000010	0.000010	0.999867	0.000010	0.000010	0.000010	0.000013	0.000010	0.000010	0.000010	0.000010	0.000010	0.000010	0.000010	LD_0.9_14_1807
QG736	0.000010	0.000010	0.999771	0.000010	0.000010	0.000010	0.000010	0.000010	0.000010	0.000010	0.000109	0.000010	0.000010	0.000010	LD_0.9_14_1807
QG737	0.000010	0.000010	0.999870	0.000010	0.000010	0.000010	0.000010	0.000010	0.000010	0.000010	0.000010	0.000010	0.000010	0.000010	LD_0.9_14_1807
QG739	0.000010	0.000010	0.999870	0.000010	0.000010	0.000010	0.000010	0.000010	0.000010	0.000010	0.000010	0.000010	0.000010	0.000010	LD_0.9_14_1807
QG761	0.000010	0.000010	0.573863	0.000010	0.000010	0.000010	0.000010	0.000010	0.000010	0.000010	0.426017	0.000010	0.000010	0.000010	LD_0.9_14_1807
QG763	0.000010	0.000010	0.920827	0.000010	0.000010	0.000010	0.000010	0.000010	0.000010	0.000010	0.079053	0.000010	0.000010	0.000010	LD_0.9_14_1807
QG776	0.015683	0.000010	0.984197	0.000010	0.000010	0.000010	0.000010	0.000010	0.000010	0.000010	0.000010	0.000010	0.000010	0.000010	LD_0.9_14_1807
QG781	0.000011	0.000010	0.999869	0.000010	0.000010	0.000010	0.000010	0.000010	0.000010	0.000010	0.000010	0.000010	0.000010	0.000010	LD_0.9_14_1807
QG784	0.000010	0.000010	0.999870	0.000010	0.000010	0.000010	0.000010	0.000010	0.000010	0.000010	0.000010	0.000010	0.000010	0.000010	LD_0.9_14_1807
QG786	0.000010	0.000010	0.999855	0.000012	0.000010	0.000011	0.000019	0.000010	0.000010	0.000010	0.000010	0.000013	0.000010	0.000010	LD_0.9_14_1807
QG788	0.000010	0.000010	0.999870	0.000010	0.000010	0.000010	0.000010	0.000010	0.000010	0.000010	0.000010	0.000010	0.000010	0.000010	LD_0.9_14_1807
QG790	0.000018	0.000010	0.999855	0.000010	0.000010	0.000010	0.000010	0.000010	0.000012	0.000010	0.000015	0.000010	0.000010	0.000010	LD_0.9_14_1807
QG791	0.000010	0.000010	0.937908	0.061972	0.000010	0.000010	0.000010	0.000010	0.000010	0.000010	0.000010	0.000010	0.000010	0.000010	LD_0.9_14_1807
QG795	0.000010	0.000010	0.572882	0.000010	0.000010	0.000010	0.000010	0.000010	0.000010	0.000010	0.426998	0.000010	0.000010	0.000010	LD_0.9_14_1807
QG797	0.000010	0.000012	0.999862	0.000016	0.000010	0.000010	0.000010	0.000010	0.000010	0.000010	0.000010	0.000010	0.000010	0.000010	LD_0.9_14_1807
QG802	0.000010	0.000010	0.999870	0.000010	0.000010	0.000010	0.000010	0.000010	0.000010	0.000010	0.000010	0.000010	0.000010	0.000010	LD_0.9_14_1807
QG804	0.000010	0.000010	0.999868	0.000010	0.000010	0.000010	0.000012	0.000010	0.000010	0.000010	0.000010	0.000010	0.000010	0.000010	LD_0.9_14_1807
QG806	0.000010	0.000010	0.999870	0.000010	0.000010	0.000010	0.000010	0.000010	0.000010	0.000010	0.000010	0.000010	0.000010	0.000010	LD_0.9_14_1807
QG807	0.000010	0.000010	0.999870	0.000010	0.000010	0.000010	0.000010	0.000010	0.000010	0.000010	0.000010	0.000010	0.000010	0.000010	LD_0.9_14_1807
QG808	0.000010	0.000010	0.954797	0.045083	0.000010	0.000010	0.000010	0.000010	0.000010	0.000010	0.000010	0.000010	0.000010	0.000010	LD_0.9_14_1807
QG809	0.000011	0.000010	0.999863	0.000014	0.000010	0.000012	0.000010	0.000010	0.000010	0.000010	0.000010	0.000010	0.000010	0.000010	LD_0.9_14_1807
QG825	0.000010	0.000010	0.999870	0.000010	0.000010	0.000010	0.000010	0.000010	0.000010	0.000010	0.000010	0.000010	0.000010	0.000010	LD_0.9_14_1807
QG827	0.000010	0.000010	0.999870	0.000010	0.000010	0.000010	0.000010	0.000010	0.000010	0.000010	0.000010	0.000010	0.000010	0.000010	LD_0.9_14_1807
QG828	0.000010	0.000010	0.999870	0.000010	0.000010	0.000010	0.000010	0.000010	0.000010	0.000010	0.000010	0.000010	0.000010	0.000010	LD_0.9_14_1807
QG833	0.000010	0.000010	0.973543	0.026337	0.000010	0.000010	0.000010	0.000010	0.000010	0.000010	0.000010	0.000010	0.000010	0.000010	LD_0.9_14_1807
QG855	0.000010	0.000010	0.966243	0.033637	0.000010	0.000010	0.000010	0.000010	0.000010	0.000010	0.000010	0.000010	0.000010	0.000010	LD_0.9_14_1807
QG856	0.000010	0.000010	0.999870	0.000010	0.000010	0.000010	0.000010	0.000010	0.000010	0.000010	0.000010	0.000010	0.000010	0.000010	LD_0.9_14_1807
QG858	0.000010	0.000010	0.999870	0.000010	0.000010	0.000010	0.000010	0.000010	0.000010	0.000010	0.000010	0.000010	0.000010	0.000010	LD_0.9_14_1807
QG860	0.000010	0.000010	0.705258	0.000010	0.000010	0.000010	0.000010	0.000010	0.000010	0.000010	0.294622	0.000010	0.000010	0.000010	LD_0.9_14_1807
QG864	0.000010	0.000010	0.999864	0.000010	0.000010	0.000010	0.000010	0.000010	0.000010	0.000010	0.000016	0.000010	0.000010	0.000010	LD_0.9_14_1807
QG865	0.000010	0.000010	0.999870	0.000010	0.000010	0.000010	0.000010	0.000010	0.000010	0.000010	0.000010	0.000010	0.000010	0.000010	LD_0.9_14_1807
QG866	0.000010	0.000010	0.999870	0.000010	0.000010	0.000010	0.000010	0.000010	0.000010	0.000010	0.000010	0.000010	0.000010	0.000010	LD_0.9_14_1807
QG868	0.000010	0.000010	0.912151	0.000010	0.000010	0.000010	0.000010	0.000010	0.000010	0.000010	0.087728	0.000011	0.000010	0.000010	LD_0.9_14_1807
QG874	0.000010	0.000010	0.999870	0.000010	0.000010	0.000010	0.000010	0.000010	0.000010	0.000010	0.000010	0.000010	0.000010	0.000010	LD_0.9_14_1807
QG875	0.000012	0.000010	0.999864	0.000010	0.000010	0.000010	0.000013	0.000010	0.000010	0.000010	0.000011	0.000010	0.000010	0.000010	LD_0.9_14_1807
QG878	0.000010	0.000010	0.999869	0.000011	0.000010	0.000010	0.000010	0.000010	0.000010	0.000010	0.000010	0.000010	0.000010	0.000010	LD_0.9_14_1807
QG879	0.000010	0.000010	0.999870	0.000010	0.000010	0.000010	0.000010	0.000010	0.000010	0.000010	0.000010	0.000010	0.000010	0.000010	LD_0.9_14_1807
QG880	0.000010	0.000010	0.999870	0.000010	0.000010	0.000010	0.000010	0.000010	0.000010	0.000010	0.000010	0.000010	0.000010	0.000010	LD_0.9_14_1807
QG881	0.000010	0.000010	0.651987	0.000010	0.000010	0.000010	0.000010	0.000010	0.000010	0.000010	0.347893	0.000010	0.000010	0.000010	LD_0.9_14_1807
QG887	0.000010	0.000010	0.999870	0.000010	0.000010	0.000010	0.000010	0.000010	0.000010	0.000010	0.000010	0.000010	0.000010	0.000010	LD_0.9_14_1807
QG888	0.000010	0.000011	0.999865	0.000010	0.000010	0.000010	0.000010	0.000013	0.000010	0.000010	0.000010	0.000010	0.000010	0.000010	LD_0.9_14_1807
QG926	0.000010	0.000010	0.999870	0.000010	0.000010	0.000010	0.000010	0.000010	0.000010	0.000010	0.000010	0.000010	0.000010	0.000010	LD_0.9_14_1807
QG927	0.000010	0.000010	0.077102	0.922778	0.000010	0.000010	0.000010	0.000010	0.000010	0.000010	0.000010	0.000010	0.000010	0.000010	LD_0.9_14_1807
QG933	0.000010	0.000010	0.999870	0.000010	0.000010	0.000010	0.000010	0.000010	0.000010	0.000010	0.000010	0.000010	0.000010	0.000010	LD_0.9_14_1807
QG937	0.000010	0.000010	0.999870	0.000010	0.000010	0.000010	0.000010	0.000010	0.000010	0.000010	0.000010	0.000010	0.000010	0.000010	LD_0.9_14_1807
QG945	0.000010	0.000010	0.999870	0.000010	0.000010	0.000010	0.000010	0.000010	0.000010	0.000010	0.000010	0.000010	0.000010	0.000010	LD_0.9_14_1807
QG946	0.000010	0.000010	0.999858	0.000010	0.000015	0.000010	0.000010	0.000012	0.000014	0.000010	0.000010	0.000010	0.000010	0.000010	LD_0.9_14_1807
QG947	0.000010	0.000010	0.999870	0.000010	0.000010	0.000010	0.000010	0.000010	0.000010	0.000010	0.000010	0.000010	0.000010	0.000010	LD_0.9_14_1807
QG948	0.000010	0.000010	0.971159	0.028721	0.000010	0.000010	0.000010	0.000010	0.000010	0.000010	0.000010	0.000010	0.000010	0.000010	LD_0.9_14_1807
QG952	0.081861	0.000010	0.918017	0.000010	0.000012	0.000010	0.000010	0.000010	0.000010	0.000010	0.000010	0.000010	0.000010	0.000010	LD_0.9_14_1807
QG978	0.000010	0.000010	0.857866	0.025540	0.000010	0.000010	0.000010	0.000010	0.000010	0.000010	0.116484	0.000010	0.000010	0.000010	LD_0.9_14_1807
QG980	0.000010	0.000010	0.999867	0.000010	0.000010	0.000010	0.000013	0.000010	0.000010	0.000010	0.000010	0.000010	0.000010	0.000010	LD_0.9_14_1807
QG986	0.000010	0.000010	0.949683	0.050197	0.000010	0.000010	0.000010	0.000010	0.000010	0.000010	0.000010	0.000010	0.000010	0.000010	LD_0.9_14_1807
QG991	0.000010	0.000010	0.999868	0.000010	0.000010	0.000010	0.000010	0.000010	0.000010	0.000010	0.000012	0.000010	0.000010	0.000010	LD_0.9_14_1807
QG994	0.000010	0.000010	0.999869	0.000010	0.000010	0.000010	0.000010	0.000010	0.000010	0.000010	0.000011	0.000010	0.000010	0.000010	LD_0.9_14_1807
QG995	0.000010	0.000010	0.999870	0.000010	0.000010	0.000010	0.000010	0.000010	0.000010	0.000010	0.000010	0.000010	0.000010	0.000010	LD_0.9_14_1807
QG997	0.000010	0.000010	0.963934	0.000010	0.000010	0.000010	0.000010	0.000014	0.000010	0.000010	0.035941	0.000010	0.000010	0.000010	LD_0.9_14_1807
QG998	0.000010	0.000010	0.999870	0.000010	0.000010	0.000010	0.000010	0.000010	0.000010	0.000010	0.000010	0.000010	0.000010	0.000010	LD_0.9_14_1807
QR25	0.000010	0.000010	0.000010	0.076685	0.000010	0.242869	0.000010	0.000010	0.000010	0.680336	0.000010	0.000010	0.000010	0.000010	LD_0.9_14_1807
QX1410	0.999870	0.000010	0.000010	0.000010	0.000010	0.000010	0.000010	0.000010	0.000010	0.000010	0.000010	0.000010	0.000010	0.000010	LD_0.9_14_1807
QX1547	0.000010	0.000010	0.000010	0.000010	0.000010	0.999870	0.000010	0.000010	0.000010	0.000010	0.000010	0.000010	0.000010	0.000010	LD_0.9_14_1807
QX1795	0.113892	0.000010	0.000010	0.826760	0.000010	0.000011	0.000010	0.000010	0.000010	0.000010	0.059237	0.000010	0.000010	0.000010	LD_0.9_14_1807
QX1796	0.000010	0.000010	0.000010	0.999864	0.000010	0.000010	0.000010	0.000010	0.000010	0.000010	0.000010	0.000016	0.000010	0.000010	LD_0.9_14_1807
QX1798	0.000010	0.000010	0.000010	0.000010	0.000010	0.000010	0.000010	0.000010	0.000010	0.000013	0.000010	0.999867	0.000010	0.000010	LD_0.9_14_1807
QX1800	0.000010	0.000010	0.000010	0.999870	0.000010	0.000010	0.000010	0.000010	0.000010	0.000010	0.000010	0.000010	0.000010	0.000010	LD_0.9_14_1807
QX1801	0.035741	0.000010	0.000010	0.964139	0.000010	0.000010	0.000010	0.000010	0.000010	0.000010	0.000010	0.000010	0.000010	0.000010	LD_0.9_14_1807
QX1802	0.000010	0.000010	0.000010	0.999870	0.000010	0.000010	0.000010	0.000010	0.000010	0.000010	0.000010	0.000010	0.000010	0.000010	LD_0.9_14_1807
QX1803	0.000010	0.000010	0.000010	0.999870	0.000010	0.000010	0.000010	0.000010	0.000010	0.000010	0.000010	0.000010	0.000010	0.000010	LD_0.9_14_1807
QX1804	0.000010	0.000010	0.000010	0.999870	0.000010	0.000010	0.000010	0.000010	0.000010	0.000010	0.000010	0.000010	0.000010	0.000010	LD_0.9_14_1807
SOW18	0.000010	0.000010	0.000010	0.000010	0.000010	0.999870	0.000010	0.000010	0.000010	0.000010	0.000010	0.000010	0.000010	0.000010	LD_0.9_14_1807
SOW21	0.000010	0.000010	0.000010	0.000010	0.000010	0.999870	0.000010	0.000010	0.000010	0.000010	0.000010	0.000010	0.000010	0.000010	LD_0.9_14_1807
SOW22	0.000010	0.000010	0.000010	0.000010	0.000010	0.999870	0.000010	0.000010	0.000010	0.000010	0.000010	0.000010	0.000010	0.000010	LD_0.9_14_1807
TT3408	0.000010	0.000010	0.000010	0.999870	0.000010	0.000010	0.000010	0.000010	0.000010	0.000010	0.000010	0.000010	0.000010	0.000010	LD_0.9_14_1807
TT3411	0.000010	0.000010	0.000010	0.999870	0.000010	0.000010	0.000010	0.000010	0.000010	0.000010	0.000010	0.000010	0.000010	0.000010	LD_0.9_14_1807
TWN1772	0.000010	0.000010	0.000010	0.000010	0.000010	0.000010	0.000015	0.000010	0.000010	0.000010	0.000010	0.999865	0.000010	0.000010	LD_0.9_14_1807
TWN1824	0.000010	0.000010	0.000010	0.000010	0.999865	0.000010	0.000014	0.000010	0.000011	0.000010	0.000010	0.000010	0.000010	0.000010	LD_0.9_14_1807
TWN1899	0.000010	0.000010	0.000010	0.000010	0.999870	0.000010	0.000010	0.000010	0.000010	0.000010	0.000010	0.000010	0.000010	0.000010	LD_0.9_14_1807
TWN1907	0.000010	0.000010	0.000010	0.000010	0.000010	0.000010	0.000012	0.000010	0.000010	0.000010	0.000010	0.999867	0.000010	0.000010	LD_0.9_14_1807
TWN2919	0.000011	0.000010	0.000010	0.000010	0.000010	0.000010	0.000010	0.000010	0.000010	0.000020	0.000010	0.999860	0.000010	0.000010	LD_0.9_14_1807
TWN3077	0.000010	0.000016	0.000010	0.000010	0.000012	0.000010	0.000010	0.000010	0.000011	0.000010	0.000010	0.999861	0.000010	0.000010	LD_0.9_14_1807
UH1	0.000010	0.000010	0.000010	0.000010	0.000010	0.000010	0.000010	0.000010	0.000010	0.000010	0.000010	0.999870	0.000010	0.000010	LD_0.9_14_1807
VSL2201	0.262930	0.000010	0.000010	0.028081	0.000012	0.000010	0.708868	0.000010	0.000018	0.000010	0.000010	0.000012	0.000010	0.000010	LD_0.9_14_1807
VSL2207	0.000010	0.000011	0.000010	0.000010	0.000010	0.000012	0.000010	0.999863	0.000010	0.000011	0.000010	0.000013	0.000010	0.000010	LD_0.9_14_1807
VSL2209	0.000010	0.000010	0.000010	0.000010	0.000010	0.000010	0.000010	0.999869	0.000010	0.000010	0.000010	0.000011	0.000010	0.000010	LD_0.9_14_1807
VSL2210	0.999870	0.000010	0.000010	0.000010	0.000010	0.000010	0.000010	0.000010	0.000010	0.000010	0.000010	0.000010	0.000010	0.000010	LD_0.9_14_1807
VSL2212	0.999870	0.000010	0.000010	0.000010	0.000010	0.000010	0.000010	0.000010	0.000010	0.000010	0.000010	0.000010	0.000010	0.000010	LD_0.9_14_1807
VSL2213	0.000010	0.000010	0.000010	0.000010	0.000010	0.000010	0.999868	0.000010	0.000010	0.000010	0.000012	0.000010	0.000010	0.000010	LD_0.9_14_1807
VSL2215	0.068919	0.000010	0.000010	0.000010	0.000010	0.000010	0.930961	0.000010	0.000010	0.000010	0.000010	0.000010	0.000010	0.000010	LD_0.9_14_1807
VSL2216	0.000010	0.000010	0.000010	0.000010	0.000010	0.000015	0.999855	0.000010	0.000020	0.000010	0.000010	0.000010	0.000010	0.000010	LD_0.9_14_1807
VSL2217	0.000010	0.000010	0.000011	0.000010	0.000010	0.000010	0.000010	0.000010	0.000010	0.000010	0.000011	0.000010	0.000010	0.999868	LD_0.9_14_1807
VSL2219	0.557834	0.000010	0.000011	0.442038	0.000010	0.000010	0.000017	0.000010	0.000010	0.000010	0.000010	0.000010	0.000010	0.000010	LD_0.9_14_1807
VT847	0.200232	0.000016	0.000010	0.799640	0.000012	0.000010	0.000010	0.000010	0.000010	0.000010	0.000010	0.000010	0.000010	0.000010	LD_0.9_14_1807
VX34	0.000010	0.000010	0.000010	0.073140	0.000010	0.218903	0.000010	0.000010	0.517356	0.190501	0.000010	0.000010	0.000010	0.000010	LD_0.9_14_1807
XZ1204	0.455407	0.000010	0.000010	0.052680	0.000010	0.000010	0.491802	0.000010	0.000010	0.000010	0.000010	0.000010	0.000010	0.000010	LD_0.9_14_1807
XZ1205	0.000010	0.000010	0.000010	0.000010	0.000010	0.000010	0.999870	0.000010	0.000010	0.000010	0.000010	0.000010	0.000010	0.000010	LD_0.9_14_1807
XZ1206	0.000010	0.000010	0.000010	0.000010	0.000010	0.000010	0.999870	0.000010	0.000010	0.000010	0.000010	0.000010	0.000010	0.000010	LD_0.9_14_1807
XZ1207	0.698800	0.000010	0.000010	0.288541	0.000010	0.000010	0.012543	0.000010	0.000010	0.000010	0.000016	0.000010	0.000010	0.000010	LD_0.9_14_1807
XZ1210	0.928721	0.000010	0.000010	0.071159	0.000010	0.000010	0.000010	0.000010	0.000010	0.000010	0.000010	0.000010	0.000010	0.000010	LD_0.9_14_1807
XZ1212	0.678065	0.000020	0.000010	0.314545	0.000010	0.000010	0.000012	0.000012	0.000010	0.000010	0.007266	0.000010	0.000010	0.000010	LD_0.9_14_1807
XZ1213	0.908649	0.000010	0.000010	0.091231	0.000010	0.000010	0.000010	0.000010	0.000010	0.000010	0.000010	0.000010	0.000010	0.000010	LD_0.9_14_1807
XZ1731	0.782192	0.000010	0.000010	0.217688	0.000010	0.000010	0.000010	0.000010	0.000010	0.000010	0.000010	0.000010	0.000010	0.000010	LD_0.9_14_1807
XZ1732	0.999870	0.000010	0.000010	0.000010	0.000010	0.000010	0.000010	0.000010	0.000010	0.000010	0.000010	0.000010	0.000010	0.000010	LD_0.9_14_1807
ZZY0992	0.000010	0.000010	0.000010	0.000017	0.000010	0.000010	0.000010	0.000010	0.000015	0.000010	0.000014	0.000010	0.000010	0.999854	LD_0.9_14_1807
ZZY1034	0.000010	0.000010	0.000010	0.999870	0.000010	0.000010	0.000010	0.000010	0.000010	0.000010	0.000010	0.000010	0.000010	0.000010	LD_0.9_14_1807
ZZY1075	0.000010	0.000010	0.000010	0.999870	0.000010	0.000010	0.000010	0.000010	0.000010	0.000010	0.000010	0.000010	0.000010	0.000010	LD_0.9_14_1807
ZZY1123	0.000011	0.000010	0.000017	0.000016	0.000010	0.000010	0.000010	0.000017	0.000010	0.000010	0.000010	0.000010	0.000010	0.999848	LD_0.9_14_1807
ZZY1130	0.000010	0.000010	0.000010	0.999864	0.000010	0.000010	0.000014	0.000012	0.000010	0.000010	0.000010	0.000010	0.000010	0.000010	LD_0.9_14_1807
ZZY405	0.000010	0.000011	0.000010	0.999868	0.000010	0.000010	0.000010	0.000011	0.000010	0.000010	0.000010	0.000010	0.000010	0.000010	LD_0.9_14_1807
AF16	0.000010	0.000010	0.000010	0.000010	0.000010	0.999870	0.000010	0.000010	0.000010	0.000010	0.000010	0.000010	0.000010	0.000010	LD_0.9_14_1830
BRC20069	0.000010	0.000010	0.000010	0.000010	0.000010	0.999862	0.000010	0.000010	0.000010	0.000010	0.000018	0.000010	0.000010	0.000010	LD_0.9_14_1830
BRC20073	0.000010	0.000010	0.000010	0.000010	0.000010	0.999870	0.000010	0.000010	0.000010	0.000010	0.000010	0.000010	0.000010	0.000010	LD_0.9_14_1830
BRC20075	0.000010	0.000010	0.000010	0.000011	0.000011	0.000010	0.000010	0.999867	0.000010	0.000011	0.000010	0.000010	0.000010	0.000010	LD_0.9_14_1830
BRC20077	0.000010	0.000010	0.000010	0.000010	0.000010	0.982478	0.000010	0.000010	0.000010	0.000010	0.017402	0.000010	0.000010	0.000010	LD_0.9_14_1830
BRC20081	0.000010	0.000010	0.000010	0.000010	0.000010	0.000010	0.000010	0.000010	0.000010	0.923486	0.000010	0.076394	0.000010	0.000010	LD_0.9_14_1830
BRC20085	0.000010	0.982233	0.000010	0.000010	0.000010	0.000010	0.017646	0.000010	0.000011	0.000010	0.000010	0.000010	0.000010	0.000010	LD_0.9_14_1830
BRC20088	0.000010	0.000010	0.000010	0.000010	0.000016	0.000020	0.000010	0.000012	0.000010	0.999852	0.000010	0.000010	0.000010	0.000010	LD_0.9_14_1830
BRC20089	0.000010	0.000010	0.000010	0.000010	0.000010	0.999870	0.000010	0.000010	0.000010	0.000010	0.000010	0.000010	0.000010	0.000010	LD_0.9_14_1830
BRC20090	0.000010	0.341380	0.000010	0.000010	0.000010	0.658500	0.000010	0.000010	0.000010	0.000010	0.000010	0.000010	0.000010	0.000010	LD_0.9_14_1830
BRC20092	0.000010	0.999870	0.000010	0.000010	0.000010	0.000010	0.000010	0.000010	0.000010	0.000010	0.000010	0.000010	0.000010	0.000010	LD_0.9_14_1830
BRC20093	0.000010	0.000010	0.000010	0.000010	0.000010	0.999870	0.000010	0.000010	0.000010	0.000010	0.000010	0.000010	0.000010	0.000010	LD_0.9_14_1830
BRC20094	0.000010	0.999865	0.000010	0.000015	0.000010	0.000010	0.000010	0.000010	0.000010	0.000010	0.000010	0.000010	0.000010	0.000010	LD_0.9_14_1830
BRC20095	0.000010	0.000010	0.000010	0.000014	0.000010	0.999343	0.000010	0.000010	0.000010	0.000010	0.000533	0.000010	0.000010	0.000010	LD_0.9_14_1830
BRC20096	0.000010	0.000010	0.000010	0.000010	0.000010	0.999870	0.000010	0.000010	0.000010	0.000010	0.000010	0.000010	0.000010	0.000010	LD_0.9_14_1830
BRC20098	0.000010	0.000010	0.000010	0.000010	0.000010	0.999870	0.000010	0.000010	0.000010	0.000010	0.000010	0.000010	0.000010	0.000010	LD_0.9_14_1830
BRC20099	0.000010	0.000011	0.000010	0.000012	0.000010	0.983343	0.000010	0.000010	0.000010	0.000010	0.016534	0.000010	0.000010	0.000010	LD_0.9_14_1830
BRC20100	0.000010	0.000010	0.000010	0.000010	0.000010	0.999870	0.000010	0.000010	0.000010	0.000010	0.000010	0.000010	0.000010	0.000010	LD_0.9_14_1830
BRC20102	0.000010	0.000010	0.000010	0.000010	0.000010	0.999870	0.000010	0.000010	0.000010	0.000010	0.000010	0.000010	0.000010	0.000010	LD_0.9_14_1830
BRC20103	0.000010	0.000010	0.000010	0.000010	0.000010	0.999870	0.000010	0.000010	0.000010	0.000010	0.000010	0.000010	0.000010	0.000010	LD_0.9_14_1830
BRC20105	0.000010	0.999870	0.000010	0.000010	0.000010	0.000010	0.000010	0.000010	0.000010	0.000010	0.000010	0.000010	0.000010	0.000010	LD_0.9_14_1830
BRC20107	0.000010	0.999870	0.000010	0.000010	0.000010	0.000010	0.000010	0.000010	0.000010	0.000010	0.000010	0.000010	0.000010	0.000010	LD_0.9_14_1830
BRC20115	0.000010	0.000010	0.000010	0.000010	0.000010	0.238730	0.000010	0.091980	0.000010	0.322643	0.000010	0.000010	0.000010	0.346546	LD_0.9_14_1830
BRC20119	0.000010	0.000011	0.000010	0.000010	0.000012	0.283812	0.716065	0.000010	0.000010	0.000010	0.000010	0.000010	0.000010	0.000010	LD_0.9_14_1830
BRC20228	0.000010	0.000010	0.000010	0.000010	0.000010	0.999870	0.000010	0.000010	0.000010	0.000010	0.000010	0.000010	0.000010	0.000010	LD_0.9_14_1830
BRC20229	0.000014	0.000010	0.000010	0.000010	0.000010	0.000010	0.000010	0.999866	0.000010	0.000010	0.000010	0.000010	0.000010	0.000010	LD_0.9_14_1830
BRC20230	0.000011	0.000010	0.000010	0.000010	0.000010	0.000010	0.000010	0.000010	0.000010	0.999869	0.000010	0.000010	0.000010	0.000010	LD_0.9_14_1830
BRC20232	0.000010	0.000010	0.000010	0.000010	0.000010	0.000010	0.000010	0.999870	0.000010	0.000010	0.000010	0.000010	0.000010	0.000010	LD_0.9_14_1830
BRC20238	0.000010	0.000012	0.000010	0.000010	0.000010	0.000010	0.000010	0.000010	0.000010	0.999868	0.000010	0.000010	0.000010	0.000010	LD_0.9_14_1830
BRC20239	0.000010	0.000011	0.000010	0.000010	0.000010	0.000010	0.000010	0.999867	0.000010	0.000010	0.000012	0.000010	0.000010	0.000010	LD_0.9_14_1830
BRC20241	0.000010	0.000010	0.000010	0.000010	0.000010	0.929935	0.069945	0.000010	0.000010	0.000010	0.000010	0.000010	0.000010	0.000010	LD_0.9_14_1830
BRC20242	0.000010	0.000010	0.000010	0.000010	0.000010	0.999870	0.000010	0.000010	0.000010	0.000010	0.000010	0.000010	0.000010	0.000010	LD_0.9_14_1830
BRC20244	0.000010	0.000010	0.000010	0.000010	0.000010	0.000010	0.000010	0.000010	0.000010	0.999864	0.000010	0.000016	0.000010	0.000010	LD_0.9_14_1830
BRC20246	0.000010	0.000010	0.000010	0.000010	0.000010	0.000010	0.000010	0.000010	0.000010	0.999870	0.000010	0.000010	0.000010	0.000010	LD_0.9_14_1830
BRC20257	0.000010	0.000010	0.000010	0.000010	0.000010	0.000010	0.999870	0.000010	0.000010	0.000010	0.000010	0.000010	0.000010	0.000010	LD_0.9_14_1830
BRC20260	0.000010	0.000010	0.000010	0.000010	0.000010	0.999870	0.000010	0.000010	0.000010	0.000010	0.000010	0.000010	0.000010	0.000010	LD_0.9_14_1830
BRC20270	0.000010	0.000010	0.000010	0.000010	0.000010	0.000010	0.000010	0.000010	0.000010	0.000010	0.000010	0.999870	0.000010	0.000010	LD_0.9_14_1830
BRC20272	0.000010	0.000010	0.000010	0.000010	0.000010	0.000010	0.000010	0.000010	0.000010	0.000010	0.000010	0.999870	0.000010	0.000010	LD_0.9_14_1830
BRC20289	0.000010	0.000010	0.000010	0.000010	0.000010	0.000010	0.000010	0.000010	0.000010	0.166779	0.000010	0.833101	0.000010	0.000010	LD_0.9_14_1830
BRC20290	0.000010	0.000010	0.000010	0.000013	0.000013	0.000010	0.000010	0.000010	0.000010	0.178204	0.000010	0.821670	0.000010	0.000010	LD_0.9_14_1830
BRC20294	0.000010	0.027306	0.000010	0.000011	0.000010	0.972573	0.000010	0.000010	0.000010	0.000010	0.000010	0.000010	0.000010	0.000010	LD_0.9_14_1830
BRC20308	0.000010	0.000010	0.000010	0.000010	0.000010	0.000013	0.000010	0.000010	0.000010	0.000010	0.000010	0.999867	0.000010	0.000010	LD_0.9_14_1830
BRC20309	0.000010	0.000010	0.000010	0.000010	0.000010	0.000014	0.000010	0.000010	0.000010	0.000010	0.000010	0.999866	0.000010	0.000010	LD_0.9_14_1830
BRC20311	0.000010	0.000010	0.000010	0.000010	0.000010	0.000010	0.000010	0.000010	0.000010	0.000010	0.000010	0.999870	0.000010	0.000010	LD_0.9_14_1830
BRC20312	0.000010	0.000010	0.000010	0.000010	0.000010	0.000010	0.000010	0.000010	0.000010	0.000010	0.000011	0.999869	0.000010	0.000010	LD_0.9_14_1830
BRC20315	0.000010	0.000010	0.000010	0.000010	0.000010	0.000010	0.000010	0.000010	0.000010	0.000010	0.000010	0.999870	0.000010	0.000010	LD_0.9_14_1830
BRC20320	0.000010	0.000010	0.000010	0.000010	0.000010	0.000010	0.000010	0.000010	0.000010	0.000010	0.000010	0.999870	0.000010	0.000010	LD_0.9_14_1830
BRC20324	0.000010	0.000012	0.000010	0.000010	0.000010	0.352583	0.000010	0.643519	0.000010	0.000010	0.003785	0.000010	0.000010	0.000010	LD_0.9_14_1830
BRC20331	0.000010	0.000010	0.000010	0.000010	0.000010	0.000013	0.000010	0.000010	0.000010	0.000010	0.000010	0.999867	0.000010	0.000010	LD_0.9_14_1830
BRC20333	0.000011	0.000010	0.000010	0.000010	0.000010	0.000010	0.000010	0.000010	0.000010	0.690380	0.000010	0.309499	0.000010	0.000010	LD_0.9_14_1830
BRC20334	0.000010	0.000010	0.000010	0.000010	0.000010	0.000010	0.000010	0.000010	0.000010	0.000010	0.000010	0.999870	0.000010	0.000010	LD_0.9_14_1830
BRC20339	0.000010	0.000011	0.000010	0.000010	0.000010	0.000010	0.000010	0.000010	0.000010	0.000010	0.000010	0.999869	0.000010	0.000010	LD_0.9_14_1830
BRC20341	0.000010	0.000010	0.000010	0.000010	0.000010	0.000010	0.000010	0.000010	0.000010	0.874404	0.000010	0.125476	0.000010	0.000010	LD_0.9_14_1830
BRC20343	0.000010	0.000010	0.000010	0.000010	0.000010	0.000010	0.000010	0.999870	0.000010	0.000010	0.000010	0.000010	0.000010	0.000010	LD_0.9_14_1830
BRC20346	0.000010	0.000011	0.000012	0.000010	0.000010	0.000010	0.000010	0.000010	0.000010	0.000010	0.000010	0.999867	0.000010	0.000010	LD_0.9_14_1830
BRC20347	0.000010	0.000010	0.000010	0.000010	0.000010	0.000010	0.000010	0.999870	0.000010	0.000010	0.000010	0.000010	0.000010	0.000010	LD_0.9_14_1830
BRC20348	0.000010	0.000010	0.000010	0.000010	0.000010	0.000010	0.000010	0.000010	0.000010	0.686459	0.000010	0.313421	0.000010	0.000010	LD_0.9_14_1830
BRC20353	0.000015	0.000010	0.000010	0.999852	0.000012	0.000010	0.000019	0.000010	0.000010	0.000010	0.000012	0.000011	0.000010	0.000010	LD_0.9_14_1830
BRC20360	0.000014	0.000010	0.000010	0.999846	0.000010	0.000011	0.000018	0.000010	0.000016	0.000010	0.000014	0.000010	0.000010	0.000010	LD_0.9_14_1830
BRC20361	0.000010	0.000010	0.000010	0.999863	0.000010	0.000010	0.000010	0.000010	0.000010	0.000010	0.000017	0.000010	0.000010	0.000010	LD_0.9_14_1830
BRC20362	0.000010	0.000010	0.000010	0.999870	0.000010	0.000010	0.000010	0.000010	0.000010	0.000010	0.000010	0.000010	0.000010	0.000010	LD_0.9_14_1830
BRC20366	0.000010	0.000014	0.000010	0.000010	0.000010	0.000010	0.000010	0.000010	0.000012	0.000010	0.000010	0.999864	0.000010	0.000010	LD_0.9_14_1830
BRC20367	0.000010	0.000010	0.000010	0.000010	0.000010	0.000010	0.000010	0.000010	0.000011	0.866017	0.000011	0.133861	0.000010	0.000010	LD_0.9_14_1830
BRC20369	0.000010	0.000010	0.000010	0.000010	0.000010	0.999870	0.000010	0.000010	0.000010	0.000010	0.000010	0.000010	0.000010	0.000010	LD_0.9_14_1830
BRC20370	0.000010	0.000010	0.000010	0.000010	0.000010	0.000013	0.000010	0.000010	0.000010	0.000010	0.000010	0.999867	0.000010	0.000010	LD_0.9_14_1830
BRC20388	0.999870	0.000010	0.000010	0.000010	0.000010	0.000010	0.000010	0.000010	0.000010	0.000010	0.000010	0.000010	0.000010	0.000010	LD_0.9_14_1830
BRC20390	0.000011	0.000010	0.000010	0.000010	0.000010	0.000010	0.000010	0.000010	0.000010	0.999869	0.000010	0.000010	0.000010	0.000010	LD_0.9_14_1830
BRC20401	0.000010	0.000010	0.000010	0.000010	0.000010	0.999870	0.000010	0.000010	0.000010	0.000010	0.000010	0.000010	0.000010	0.000010	LD_0.9_14_1830
BRC20463	0.000010	0.000010	0.000010	0.000010	0.000010	0.000010	0.000010	0.000010	0.000010	0.681596	0.000010	0.318284	0.000010	0.000010	LD_0.9_14_1830
BRC20492	0.000010	0.000010	0.000010	0.000010	0.000010	0.242062	0.000010	0.075556	0.000010	0.335655	0.000010	0.000010	0.000010	0.346627	LD_0.9_14_1830
BRC20498	0.000010	0.000010	0.000010	0.000010	0.000010	0.999870	0.000010	0.000010	0.000010	0.000010	0.000010	0.000010	0.000010	0.000010	LD_0.9_14_1830
BRC20499	0.000010	0.000010	0.000010	0.000010	0.000010	0.000010	0.000010	0.000010	0.000010	0.312176	0.000010	0.687704	0.000010	0.000010	LD_0.9_14_1830
BRC20501	0.000010	0.000010	0.000010	0.000010	0.000010	0.000010	0.000010	0.000010	0.000010	0.050545	0.000010	0.949335	0.000010	0.000010	LD_0.9_14_1830
BRC20502	0.000010	0.000010	0.999869	0.000010	0.000010	0.000010	0.000010	0.000010	0.000011	0.000010	0.000010	0.000010	0.000010	0.000010	LD_0.9_14_1830
BRC20503	0.000010	0.000010	0.999869	0.000010	0.000010	0.000010	0.000010	0.000010	0.000011	0.000010	0.000010	0.000010	0.000010	0.000010	LD_0.9_14_1830
BRC20519	0.001398	0.000018	0.000010	0.000010	0.000010	0.247788	0.000010	0.082352	0.000010	0.323395	0.000010	0.000010	0.000010	0.344968	LD_0.9_14_1830
BRC20520	0.000010	0.000010	0.000010	0.000010	0.000010	0.246852	0.000010	0.073756	0.000010	0.332430	0.000010	0.000010	0.000010	0.346862	LD_0.9_14_1830
BRC20522	0.000010	0.000010	0.000010	0.000010	0.000010	0.000010	0.000010	0.999870	0.000010	0.000010	0.000010	0.000010	0.000010	0.000010	LD_0.9_14_1830
BRC20524	0.000010	0.000010	0.000010	0.000010	0.000010	0.000010	0.000010	0.999870	0.000010	0.000010	0.000010	0.000010	0.000010	0.000010	LD_0.9_14_1830
BRC20529	0.000010	0.000010	0.000010	0.000010	0.000010	0.000010	0.000010	0.000010	0.000010	0.999870	0.000010	0.000010	0.000010	0.000010	LD_0.9_14_1830
BRC20530	0.000010	0.000010	0.000011	0.000010	0.000010	0.000012	0.000010	0.999864	0.000010	0.000014	0.000010	0.000010	0.000010	0.000010	LD_0.9_14_1830
BRC20531	0.000010	0.000010	0.000010	0.000011	0.000010	0.000010	0.000010	0.999869	0.000010	0.000010	0.000010	0.000010	0.000010	0.000010	LD_0.9_14_1830
BRC20532	0.000010	0.000010	0.000010	0.000010	0.000010	0.000010	0.000010	0.000010	0.000010	0.999870	0.000010	0.000010	0.000010	0.000010	LD_0.9_14_1830
BRC20533	0.000010	0.000010	0.000010	0.000010	0.000010	0.000010	0.000010	0.000010	0.000010	0.071383	0.000010	0.928497	0.000010	0.000010	LD_0.9_14_1830
BRC20534	0.000010	0.000010	0.000010	0.000010	0.000010	0.000010	0.000010	0.000010	0.000010	0.000010	0.000010	0.999870	0.000010	0.000010	LD_0.9_14_1830
BRC20535	0.000010	0.000010	0.000010	0.000010	0.000010	0.000010	0.000010	0.000010	0.000010	0.000010	0.000010	0.999870	0.000010	0.000010	LD_0.9_14_1830
BRC20536	0.000010	0.000010	0.000010	0.000010	0.000010	0.000010	0.000010	0.000010	0.000010	0.000010	0.000010	0.999870	0.000010	0.000010	LD_0.9_14_1830
BRC20537	0.000010	0.000010	0.000010	0.000010	0.000010	0.000010	0.000010	0.000010	0.000010	0.999870	0.000010	0.000010	0.000010	0.000010	LD_0.9_14_1830
BRC20541	0.009924	0.000010	0.000010	0.000010	0.000010	0.252787	0.000010	0.097561	0.000010	0.303683	0.000010	0.000010	0.000010	0.335955	LD_0.9_14_1830
BRC20543	0.000010	0.000010	0.000010	0.000010	0.000014	0.000010	0.000010	0.000010	0.000010	0.999859	0.000010	0.000017	0.000010	0.000010	LD_0.9_14_1830
BRC20544	0.000010	0.000010	0.000010	0.000010	0.000010	0.000010	0.000010	0.000010	0.000010	0.000010	0.000010	0.999870	0.000010	0.000010	LD_0.9_14_1830
BRC20545	0.000010	0.000010	0.000010	0.000010	0.000012	0.000011	0.000010	0.000016	0.000012	0.171490	0.000010	0.828378	0.000010	0.000010	LD_0.9_14_1830
BRC20556	0.000010	0.000010	0.000010	0.000010	0.000010	0.999870	0.000010	0.000010	0.000010	0.000010	0.000010	0.000010	0.000010	0.000010	LD_0.9_14_1830
BRC20557	0.000010	0.000010	0.000010	0.000015	0.000010	0.000010	0.000010	0.000010	0.000010	0.999859	0.000010	0.000015	0.000010	0.000010	LD_0.9_14_1830
BRC20565	0.000010	0.000010	0.000010	0.000010	0.000010	0.999870	0.000010	0.000010	0.000010	0.000010	0.000010	0.000010	0.000010	0.000010	LD_0.9_14_1830
BRC20571	0.000010	0.277087	0.000010	0.000010	0.000010	0.692653	0.000012	0.000010	0.000010	0.000010	0.030148	0.000010	0.000010	0.000010	LD_0.9_14_1830
BRC20574	0.000010	0.000010	0.000010	0.000010	0.000010	0.999870	0.000010	0.000010	0.000010	0.000010	0.000010	0.000010	0.000010	0.000010	LD_0.9_14_1830
BW287	0.999870	0.000010	0.000010	0.000010	0.000010	0.000010	0.000010	0.000010	0.000010	0.000010	0.000010	0.000010	0.000010	0.000010	LD_0.9_14_1830
DF5100	0.000010	0.000010	0.000010	0.000010	0.672637	0.250498	0.000010	0.000010	0.000010	0.000010	0.076754	0.000010	0.000010	0.000010	LD_0.9_14_1830
ECA1129	0.000010	0.000010	0.000010	0.000010	0.000010	0.999870	0.000010	0.000010	0.000010	0.000010	0.000010	0.000010	0.000010	0.000010	LD_0.9_14_1830
ECA1143	0.000010	0.281473	0.000010	0.000010	0.000010	0.620818	0.000010	0.000010	0.000010	0.000010	0.097599	0.000010	0.000010	0.000010	LD_0.9_14_1830
ECA1147	0.000010	0.000016	0.000010	0.000010	0.000010	0.999859	0.000014	0.000010	0.000010	0.000010	0.000010	0.000010	0.000010	0.000010	LD_0.9_14_1830
ECA1149	0.000010	0.000010	0.000010	0.000010	0.000010	0.956972	0.000010	0.000010	0.000010	0.000010	0.000010	0.042908	0.000010	0.000010	LD_0.9_14_1830
ECA1160	0.000010	0.000010	0.000010	0.000010	0.080130	0.919750	0.000010	0.000010	0.000010	0.000010	0.000010	0.000010	0.000010	0.000010	LD_0.9_14_1830
ECA1164	0.000010	0.000010	0.000010	0.000010	0.000010	0.999870	0.000010	0.000010	0.000010	0.000010	0.000010	0.000010	0.000010	0.000010	LD_0.9_14_1830
ECA1170	0.000010	0.000010	0.000010	0.000010	0.000010	0.000010	0.000010	0.000010	0.000010	0.999870	0.000010	0.000010	0.000010	0.000010	LD_0.9_14_1830
ECA1174	0.000010	0.000010	0.000010	0.000010	0.000010	0.999870	0.000010	0.000010	0.000010	0.000010	0.000010	0.000010	0.000010	0.000010	LD_0.9_14_1830
ECA1383	0.000011	0.000010	0.000010	0.000010	0.000010	0.000010	0.000010	0.000010	0.000010	0.421399	0.000010	0.578480	0.000010	0.000010	LD_0.9_14_1830
ECA1411	0.000010	0.000010	0.000010	0.000010	0.000010	0.999870	0.000010	0.000010	0.000010	0.000010	0.000010	0.000010	0.000010	0.000010	LD_0.9_14_1830
ECA1423	0.000010	0.000010	0.000010	0.000010	0.000010	0.979895	0.000010	0.000010	0.000010	0.000010	0.019985	0.000010	0.000010	0.000010	LD_0.9_14_1830
ECA1429	0.000010	0.000010	0.000010	0.000010	0.000010	0.999870	0.000010	0.000010	0.000010	0.000010	0.000010	0.000010	0.000010	0.000010	LD_0.9_14_1830
ECA1431	0.000010	0.000010	0.000010	0.000010	0.000010	0.999870	0.000010	0.000010	0.000010	0.000010	0.000010	0.000010	0.000010	0.000010	LD_0.9_14_1830
ECA1437	0.000010	0.000010	0.000010	0.000010	0.000010	0.999870	0.000010	0.000010	0.000010	0.000010	0.000010	0.000010	0.000010	0.000010	LD_0.9_14_1830
ECA1439	0.000010	0.243494	0.000010	0.000010	0.068687	0.687709	0.000010	0.000010	0.000010	0.000010	0.000010	0.000010	0.000010	0.000010	LD_0.9_14_1830
ECA1443	0.000010	0.000010	0.000010	0.000010	0.000010	0.061240	0.000010	0.000010	0.000010	0.418335	0.000012	0.520314	0.000010	0.000010	LD_0.9_14_1830
ECA1471	0.000010	0.000010	0.000010	0.000010	0.000010	0.999870	0.000010	0.000010	0.000010	0.000010	0.000010	0.000010	0.000010	0.000010	LD_0.9_14_1830
ECA1489	0.000010	0.309667	0.000010	0.000010	0.000010	0.537986	0.000010	0.000010	0.000012	0.000010	0.152235	0.000010	0.000010	0.000010	LD_0.9_14_1830
ECA1507	0.000010	0.000010	0.000010	0.000010	0.000010	0.999870	0.000010	0.000010	0.000010	0.000010	0.000010	0.000010	0.000010	0.000010	LD_0.9_14_1830
ECA1509	0.000010	0.000010	0.000010	0.000010	0.000010	0.999870	0.000010	0.000010	0.000010	0.000010	0.000010	0.000010	0.000010	0.000010	LD_0.9_14_1830
ECA1517	0.000010	0.039847	0.000010	0.000010	0.000010	0.925010	0.000010	0.000010	0.000010	0.000010	0.035033	0.000010	0.000010	0.000010	LD_0.9_14_1830
ECA1521	0.000010	0.000010	0.000010	0.000010	0.083867	0.916013	0.000010	0.000010	0.000010	0.000010	0.000010	0.000010	0.000010	0.000010	LD_0.9_14_1830
ECA1555	0.000015	0.000010	0.000010	0.000010	0.000010	0.999864	0.000011	0.000010	0.000010	0.000010	0.000010	0.000010	0.000010	0.000010	LD_0.9_14_1830
ECA1559	0.000011	0.000010	0.000010	0.000010	0.000010	0.000010	0.000010	0.000010	0.000010	0.999869	0.000010	0.000010	0.000010	0.000010	LD_0.9_14_1830
ECA1563	0.000010	0.000010	0.000010	0.000010	0.000010	0.999870	0.000010	0.000010	0.000010	0.000010	0.000010	0.000010	0.000010	0.000010	LD_0.9_14_1830
ECA1571	0.000010	0.336913	0.000010	0.000010	0.000010	0.531449	0.000016	0.000010	0.000010	0.000010	0.131522	0.000010	0.000010	0.000010	LD_0.9_14_1830
ECA1587	0.000010	0.000010	0.000010	0.000010	0.000010	0.999870	0.000010	0.000010	0.000010	0.000010	0.000010	0.000010	0.000010	0.000010	LD_0.9_14_1830
ECA1605	0.000010	0.054527	0.000010	0.000010	0.000010	0.000010	0.000010	0.000010	0.000010	0.881918	0.063445	0.000010	0.000010	0.000010	LD_0.9_14_1830
ECA1609	0.000010	0.000010	0.000010	0.000010	0.000010	0.999870	0.000010	0.000010	0.000010	0.000010	0.000010	0.000010	0.000010	0.000010	LD_0.9_14_1830
ECA161	0.000014	0.000010	0.000010	0.000010	0.000010	0.999861	0.000015	0.000010	0.000010	0.000010	0.000010	0.000010	0.000010	0.000010	LD_0.9_14_1830
ECA1611	0.000010	0.000010	0.000010	0.000010	0.000010	0.999870	0.000010	0.000010	0.000010	0.000010	0.000010	0.000010	0.000010	0.000010	LD_0.9_14_1830
ECA1615	0.000010	0.000010	0.000010	0.000010	0.000010	0.999870	0.000010	0.000010	0.000010	0.000010	0.000010	0.000010	0.000010	0.000010	LD_0.9_14_1830
ECA162	0.000010	0.000010	0.000010	0.000010	0.000010	0.999870	0.000010	0.000010	0.000010	0.000010	0.000010	0.000010	0.000010	0.000010	LD_0.9_14_1830
ECA1621	0.000010	0.000010	0.000010	0.000010	0.012700	0.987180	0.000010	0.000010	0.000010	0.000010	0.000010	0.000010	0.000010	0.000010	LD_0.9_14_1830
ECA163	0.000010	0.000010	0.999869	0.000010	0.000010	0.000010	0.000010	0.000010	0.000011	0.000010	0.000010	0.000010	0.000010	0.000010	LD_0.9_14_1830
ECA1637	0.000010	0.000010	0.000010	0.000010	0.000010	0.999870	0.000010	0.000010	0.000010	0.000010	0.000010	0.000010	0.000010	0.000010	LD_0.9_14_1830
ECA1657	0.000010	0.000010	0.000010	0.000010	0.079670	0.920210	0.000010	0.000010	0.000010	0.000010	0.000010	0.000010	0.000010	0.000010	LD_0.9_14_1830
ECA1701	0.000010	0.016028	0.000010	0.019625	0.000010	0.943911	0.000011	0.000010	0.020335	0.000010	0.000010	0.000010	0.000010	0.000010	LD_0.9_14_1830
ECA175	0.000010	0.000010	0.000010	0.000010	0.000010	0.999870	0.000010	0.000010	0.000010	0.000010	0.000010	0.000010	0.000010	0.000010	LD_0.9_14_1830
ECA176	0.000010	0.000010	0.000010	0.000010	0.000010	0.976330	0.000010	0.000010	0.000010	0.000010	0.023550	0.000010	0.000010	0.000010	LD_0.9_14_1830
ECA177	0.000010	0.000010	0.000010	0.000010	0.000010	0.999860	0.000016	0.000010	0.000010	0.000010	0.000013	0.000010	0.000010	0.000010	LD_0.9_14_1830
ECA180	0.000010	0.071468	0.000010	0.000010	0.000010	0.928412	0.000010	0.000010	0.000010	0.000010	0.000010	0.000010	0.000010	0.000010	LD_0.9_14_1830
ECA182	0.000010	0.000010	0.000010	0.000010	0.019561	0.980319	0.000010	0.000010	0.000010	0.000010	0.000010	0.000010	0.000010	0.000010	LD_0.9_14_1830
ECA183	0.000010	0.000010	0.000010	0.000010	0.000010	0.999865	0.000010	0.000010	0.000010	0.000010	0.000015	0.000010	0.000010	0.000010	LD_0.9_14_1830
ECA185	0.000010	0.016833	0.000010	0.000011	0.107253	0.869407	0.000010	0.000010	0.000010	0.000010	0.006406	0.000010	0.000010	0.000010	LD_0.9_14_1830
ECA186	0.000010	0.000010	0.000010	0.000010	0.182242	0.817638	0.000010	0.000010	0.000010	0.000010	0.000010	0.000010	0.000010	0.000010	LD_0.9_14_1830
ECA2083	0.000010	0.000018	0.000010	0.000012	0.058814	0.941049	0.000010	0.000010	0.000010	0.000010	0.000017	0.000010	0.000010	0.000010	LD_0.9_14_1830
ECA2093	0.000010	0.000010	0.000010	0.000018	0.000010	0.999862	0.000010	0.000010	0.000010	0.000010	0.000010	0.000010	0.000010	0.000010	LD_0.9_14_1830
ECA2115	0.000010	0.000010	0.000010	0.000010	0.000010	0.999870	0.000010	0.000010	0.000010	0.000010	0.000010	0.000010	0.000010	0.000010	LD_0.9_14_1830
ECA2299	0.000010	0.000010	0.000010	0.000010	0.000010	0.000010	0.000010	0.000010	0.000010	0.000010	0.000010	0.999870	0.000010	0.000010	LD_0.9_14_1830
ECA2373	0.000010	0.104454	0.000010	0.000010	0.000010	0.895426	0.000010	0.000010	0.000010	0.000010	0.000010	0.000010	0.000010	0.000010	LD_0.9_14_1830
ECA2385	0.000010	0.000010	0.000010	0.000010	0.000010	0.000010	0.000010	0.000010	0.000010	0.999870	0.000010	0.000010	0.000010	0.000010	LD_0.9_14_1830
ECA2425	0.000010	0.000010	0.000010	0.000010	0.000010	0.999870	0.000010	0.000010	0.000010	0.000010	0.000010	0.000010	0.000010	0.000010	LD_0.9_14_1830
ECA2617	0.000014	0.000010	0.000010	0.000010	0.000010	0.000010	0.000010	0.000010	0.000010	0.000010	0.000010	0.000010	0.999866	0.000010	LD_0.9_14_1830
ECA2618	0.000010	0.000010	0.000010	0.000010	0.000010	0.000010	0.000010	0.000010	0.000010	0.000010	0.000010	0.000010	0.999870	0.000010	LD_0.9_14_1830
ECA2621	0.000010	0.000010	0.000010	0.000010	0.000010	0.000010	0.000010	0.000010	0.000010	0.000010	0.000010	0.000010	0.999870	0.000010	LD_0.9_14_1830
ECA2623	0.000010	0.000010	0.000010	0.000010	0.999870	0.000010	0.000010	0.000010	0.000010	0.000010	0.000010	0.000010	0.000010	0.000010	LD_0.9_14_1830
ECA2625	0.000010	0.000010	0.000010	0.000010	0.000010	0.999870	0.000010	0.000010	0.000010	0.000010	0.000010	0.000010	0.000010	0.000010	LD_0.9_14_1830
ECA2626	0.000010	0.000018	0.000010	0.000018	0.000010	0.999854	0.000010	0.000010	0.000010	0.000010	0.000010	0.000010	0.000010	0.000010	LD_0.9_14_1830
ECA2636	0.000010	0.000010	0.000010	0.000010	0.000015	0.999865	0.000010	0.000010	0.000010	0.000010	0.000010	0.000010	0.000010	0.000010	LD_0.9_14_1830
ECA2637	0.000010	0.000010	0.000010	0.000010	0.117732	0.882148	0.000011	0.000010	0.000010	0.000010	0.000010	0.000010	0.000010	0.000010	LD_0.9_14_1830
ECA2639	0.000010	0.000010	0.000010	0.000010	0.000010	0.000010	0.000010	0.000010	0.000010	0.000010	0.000010	0.000010	0.999870	0.000010	LD_0.9_14_1830
ECA2645	0.000010	0.000015	0.000010	0.000010	0.000018	0.999857	0.000010	0.000010	0.000010	0.000010	0.000010	0.000010	0.000010	0.000010	LD_0.9_14_1830
ECA2647	0.000010	0.000010	0.000010	0.000010	0.000010	0.000010	0.000010	0.000010	0.000010	0.000010	0.000010	0.000010	0.999870	0.000010	LD_0.9_14_1830
ECA2663	0.000010	0.000010	0.000010	0.000019	0.000010	0.999861	0.000010	0.000010	0.000010	0.000010	0.000010	0.000010	0.000010	0.000010	LD_0.9_14_1830
ECA2664	0.000010	0.024647	0.000010	0.000010	0.922845	0.000010	0.000010	0.000010	0.000010	0.000010	0.052397	0.000010	0.000010	0.000010	LD_0.9_14_1830
ECA2666	0.000010	0.000010	0.000010	0.000010	0.000010	0.000010	0.000010	0.000010	0.000010	0.000010	0.000010	0.000010	0.999870	0.000010	LD_0.9_14_1830
ECA2667	0.000010	0.000010	0.000010	0.000010	0.000010	0.999870	0.000010	0.000010	0.000010	0.000010	0.000010	0.000010	0.000010	0.000010	LD_0.9_14_1830
ECA2670	0.000010	0.000010	0.000010	0.000010	0.000010	0.000010	0.000010	0.000010	0.000010	0.000010	0.000010	0.000010	0.999870	0.000010	LD_0.9_14_1830
ECA276	0.000010	0.000010	0.999869	0.000010	0.000010	0.000010	0.000010	0.000010	0.000011	0.000010	0.000010	0.000010	0.000010	0.000010	LD_0.9_14_1830
ECA278	0.999870	0.000010	0.000010	0.000010	0.000010	0.000010	0.000010	0.000010	0.000010	0.000010	0.000010	0.000010	0.000010	0.000010	LD_0.9_14_1830
ECA2808	0.000010	0.000010	0.000010	0.000010	0.268866	0.731014	0.000010	0.000010	0.000010	0.000010	0.000010	0.000010	0.000010	0.000010	LD_0.9_14_1830
ECA287	0.000010	0.000010	0.000010	0.000010	0.000010	0.000010	0.000010	0.000010	0.000010	0.999870	0.000010	0.000010	0.000010	0.000010	LD_0.9_14_1830
ECA288	0.000010	0.401681	0.000010	0.000010	0.498148	0.000014	0.000019	0.000011	0.000010	0.100047	0.000010	0.000010	0.000010	0.000010	LD_0.9_14_1830
ECA2883	0.000010	0.000010	0.000010	0.000010	0.000013	0.999859	0.000018	0.000010	0.000010	0.000010	0.000010	0.000010	0.000010	0.000010	LD_0.9_14_1830
ECA2890	0.000010	0.000010	0.000010	0.000010	0.030310	0.969570	0.000010	0.000010	0.000010	0.000010	0.000010	0.000010	0.000010	0.000010	LD_0.9_14_1830
ECA2894	0.000010	0.020265	0.000010	0.000010	0.122173	0.845629	0.000010	0.000010	0.000010	0.000010	0.011833	0.000010	0.000010	0.000010	LD_0.9_14_1830
ECA2975	0.000010	0.000010	0.000010	0.000010	0.000010	0.999870	0.000010	0.000010	0.000010	0.000010	0.000010	0.000010	0.000010	0.000010	LD_0.9_14_1830
ECA3091	0.000010	0.000010	0.000010	0.000010	0.000010	0.999870	0.000010	0.000010	0.000010	0.000010	0.000010	0.000010	0.000010	0.000010	LD_0.9_14_1830
ECA343	0.000010	0.000010	0.000010	0.000010	0.000010	0.999870	0.000010	0.000010	0.000010	0.000010	0.000010	0.000010	0.000010	0.000010	LD_0.9_14_1830
ECA346	0.000010	0.000010	0.000010	0.000011	0.588689	0.411190	0.000010	0.000010	0.000010	0.000010	0.000010	0.000010	0.000010	0.000010	LD_0.9_14_1830
ECA3502	0.000010	0.000010	0.000010	0.000010	0.000010	0.000010	0.000010	0.000010	0.000010	0.423971	0.000010	0.575909	0.000010	0.000010	LD_0.9_14_1830
ECA3503	0.000010	0.000010	0.000010	0.000010	0.000010	0.999870	0.000010	0.000010	0.000010	0.000010	0.000010	0.000010	0.000010	0.000010	LD_0.9_14_1830
ECA3509	0.000010	0.000019	0.000010	0.000010	0.000461	0.999409	0.000011	0.000010	0.000010	0.000010	0.000010	0.000010	0.000010	0.000010	LD_0.9_14_1830
ECA3708	0.000010	0.000010	0.000010	0.000010	0.031695	0.968185	0.000010	0.000010	0.000010	0.000010	0.000010	0.000010	0.000010	0.000010	LD_0.9_14_1830
ECA371	0.000010	0.000010	0.000010	0.000010	0.000010	0.975223	0.000010	0.000010	0.000010	0.000010	0.024657	0.000010	0.000010	0.000010	LD_0.9_14_1830
ECA3712	0.000010	0.000010	0.000010	0.000010	0.088278	0.911602	0.000010	0.000010	0.000010	0.000010	0.000010	0.000010	0.000010	0.000010	LD_0.9_14_1830
ECA3713	0.000010	0.000010	0.000010	0.000010	0.090882	0.908986	0.000011	0.000010	0.000016	0.000010	0.000016	0.000010	0.000010	0.000010	LD_0.9_14_1830
ECA3899	0.000019	0.000010	0.000010	0.000019	0.000010	0.999846	0.000015	0.000010	0.000010	0.000010	0.000010	0.000010	0.000011	0.000010	LD_0.9_14_1830
ECA569	0.999870	0.000010	0.000010	0.000010	0.000010	0.000010	0.000010	0.000010	0.000010	0.000010	0.000010	0.000010	0.000010	0.000010	LD_0.9_14_1830
ED3032	0.000010	0.000010	0.000010	0.000010	0.000010	0.999870	0.000010	0.000010	0.000010	0.000010	0.000010	0.000010	0.000010	0.000010	LD_0.9_14_1830
ED3037	0.000010	0.000010	0.000010	0.000010	0.000010	0.999870	0.000010	0.000010	0.000010	0.000010	0.000010	0.000010	0.000010	0.000010	LD_0.9_14_1830
ED3088	0.000010	0.000010	0.000010	0.000010	0.770705	0.229175	0.000010	0.000010	0.000010	0.000010	0.000010	0.000010	0.000010	0.000010	LD_0.9_14_1830
ED3102	0.000010	0.000010	0.999868	0.000010	0.000010	0.000010	0.000010	0.000010	0.000012	0.000010	0.000010	0.000010	0.000010	0.000010	LD_0.9_14_1830
EG4360	0.999868	0.000010	0.000010	0.000010	0.000010	0.000010	0.000010	0.000010	0.000010	0.000010	0.000010	0.000012	0.000010	0.000010	LD_0.9_14_1830
EG5612	0.000010	0.000010	0.000010	0.999870	0.000010	0.000010	0.000010	0.000010	0.000010	0.000010	0.000010	0.000010	0.000010	0.000010	LD_0.9_14_1830
EG5613	0.000010	0.000010	0.000010	0.000010	0.957350	0.000010	0.042530	0.000010	0.000010	0.000010	0.000010	0.000010	0.000010	0.000010	LD_0.9_14_1830
EG6179	0.000010	0.171807	0.000010	0.034393	0.339613	0.454087	0.000010	0.000010	0.000010	0.000010	0.000010	0.000010	0.000010	0.000010	LD_0.9_14_1830
EG6260	0.000010	0.036998	0.000010	0.000010	0.856022	0.000010	0.000010	0.000010	0.000010	0.000010	0.106870	0.000010	0.000010	0.000010	LD_0.9_14_1830
EG6261	0.000010	0.000010	0.000010	0.000010	0.916735	0.083137	0.000010	0.000010	0.000010	0.000010	0.000018	0.000010	0.000010	0.000010	LD_0.9_14_1830
EG6265	0.000010	0.000010	0.000010	0.000010	0.000010	0.000010	0.000010	0.000010	0.000010	0.377815	0.000010	0.622065	0.000010	0.000010	LD_0.9_14_1830
EG6267	0.000010	0.000010	0.000010	0.000010	0.766997	0.232883	0.000010	0.000010	0.000010	0.000010	0.000010	0.000010	0.000010	0.000010	LD_0.9_14_1830
EG6268	0.000010	0.000013	0.000010	0.000010	0.000010	0.000010	0.000010	0.000010	0.000010	0.410061	0.000010	0.589816	0.000010	0.000010	LD_0.9_14_1830
EG6271	0.000010	0.000010	0.000010	0.000010	0.824849	0.000010	0.000010	0.000010	0.000010	0.000010	0.175031	0.000010	0.000010	0.000010	LD_0.9_14_1830
EG6272	0.000010	0.000010	0.000010	0.000010	0.781565	0.152269	0.000010	0.000010	0.000016	0.000010	0.066050	0.000010	0.000010	0.000010	LD_0.9_14_1830
EG6274	0.000010	0.000010	0.000010	0.000010	0.999870	0.000010	0.000010	0.000010	0.000010	0.000010	0.000010	0.000010	0.000010	0.000010	LD_0.9_14_1830
EG6275	0.000010	0.000010	0.000010	0.000010	0.966811	0.033069	0.000010	0.000010	0.000010	0.000010	0.000010	0.000010	0.000010	0.000010	LD_0.9_14_1830
EG6276	0.000010	0.000020	0.000010	0.000016	0.903550	0.096300	0.000010	0.000010	0.000014	0.000015	0.000014	0.000010	0.000010	0.000010	LD_0.9_14_1830
EG6329	0.000010	0.000010	0.000010	0.000010	0.508352	0.000010	0.000010	0.000010	0.000010	0.000010	0.491528	0.000010	0.000010	0.000010	LD_0.9_14_1830
GUN124	0.999870	0.000010	0.000010	0.000010	0.000010	0.000010	0.000010	0.000010	0.000010	0.000010	0.000010	0.000010	0.000010	0.000010	LD_0.9_14_1830
GXW22	0.000010	0.000010	0.000010	0.000010	0.000010	0.999864	0.000010	0.000010	0.000010	0.000010	0.000016	0.000010	0.000010	0.000010	LD_0.9_14_1830
GXW23	0.000010	0.000010	0.000010	0.767102	0.000010	0.232778	0.000010	0.000010	0.000010	0.000010	0.000010	0.000010	0.000010	0.000010	LD_0.9_14_1830
HK104	0.999865	0.000010	0.000011	0.000010	0.000010	0.000010	0.000010	0.000010	0.000010	0.000014	0.000010	0.000010	0.000010	0.000010	LD_0.9_14_1830
HPT11	0.000010	0.000010	0.999867	0.000010	0.000010	0.000012	0.000010	0.000010	0.000010	0.000010	0.000010	0.000010	0.000010	0.000010	LD_0.9_14_1830
HPT16	0.000010	0.000013	0.000010	0.334759	0.004780	0.543407	0.000010	0.000010	0.000010	0.000010	0.116951	0.000010	0.000010	0.000010	LD_0.9_14_1830
HPT18	0.000010	0.000010	0.999861	0.000010	0.000010	0.000017	0.000010	0.000010	0.000012	0.000010	0.000010	0.000010	0.000010	0.000010	LD_0.9_14_1830
HPT19	0.000010	0.000010	0.000010	0.340780	0.034173	0.525600	0.000010	0.000010	0.000010	0.000010	0.099346	0.000010	0.000010	0.000010	LD_0.9_14_1830
HPT2	0.000010	0.000010	0.000010	0.396835	0.000010	0.483838	0.000010	0.000010	0.000010	0.000010	0.119217	0.000010	0.000010	0.000010	LD_0.9_14_1830
HPT21	0.000010	0.038678	0.000010	0.000010	0.000010	0.961202	0.000010	0.000010	0.000010	0.000010	0.000010	0.000010	0.000010	0.000010	LD_0.9_14_1830
HPT24	0.000010	0.000010	0.999870	0.000010	0.000010	0.000010	0.000010	0.000010	0.000010	0.000010	0.000010	0.000010	0.000010	0.000010	LD_0.9_14_1830
HPT34	0.000010	0.000010	0.000010	0.360829	0.000013	0.518095	0.000010	0.000010	0.000010	0.000010	0.120963	0.000010	0.000010	0.000010	LD_0.9_14_1830
HPT37	0.000010	0.000010	0.000010	0.314129	0.120451	0.482432	0.000016	0.000010	0.035776	0.000010	0.047117	0.000010	0.000010	0.000010	LD_0.9_14_1830
HPT4	0.000016	0.000010	0.000016	0.365169	0.002824	0.506435	0.000010	0.000010	0.000010	0.000010	0.125460	0.000010	0.000010	0.000010	LD_0.9_14_1830
HPT42	0.000011	0.000010	0.000010	0.310968	0.000010	0.584150	0.000010	0.000010	0.000010	0.000010	0.104771	0.000010	0.000010	0.000010	LD_0.9_14_1830
HPT52	0.000010	0.000010	0.000017	0.000010	0.000012	0.569111	0.430750	0.000010	0.000010	0.000019	0.000010	0.000010	0.000010	0.000010	LD_0.9_14_1830
HPT53	0.000010	0.000010	0.000010	0.000010	0.000020	0.999860	0.000010	0.000010	0.000010	0.000010	0.000010	0.000010	0.000010	0.000010	LD_0.9_14_1830
HPT54	0.000010	0.000010	0.000010	0.000010	0.000010	0.999870	0.000010	0.000010	0.000010	0.000010	0.000010	0.000010	0.000010	0.000010	LD_0.9_14_1830
HPT55	0.000010	0.000010	0.000010	0.000010	0.000010	0.999870	0.000010	0.000010	0.000010	0.000010	0.000010	0.000010	0.000010	0.000010	LD_0.9_14_1830
HPT59	0.000010	0.000010	0.000010	0.000010	0.000010	0.999870	0.000010	0.000010	0.000010	0.000010	0.000010	0.000010	0.000010	0.000010	LD_0.9_14_1830
HPT60	0.000010	0.000010	0.000010	0.000010	0.000010	0.999870	0.000010	0.000010	0.000010	0.000010	0.000010	0.000010	0.000010	0.000010	LD_0.9_14_1830
HPT62	0.000010	0.000010	0.000010	0.000017	0.000013	0.000010	0.999850	0.000010	0.000013	0.000010	0.000012	0.000015	0.000010	0.000010	LD_0.9_14_1830
HPT63	0.000010	0.000010	0.000010	0.021393	0.000010	0.978483	0.000010	0.000010	0.000010	0.000010	0.000014	0.000010	0.000010	0.000010	LD_0.9_14_1830
HPT7	0.000010	0.000010	0.000010	0.356340	0.000010	0.491407	0.000010	0.000010	0.000010	0.000010	0.152143	0.000010	0.000010	0.000010	LD_0.9_14_1830
HPT8	0.000010	0.000013	0.000010	0.361061	0.000010	0.518792	0.000010	0.000010	0.000010	0.000010	0.120034	0.000010	0.000010	0.000010	LD_0.9_14_1830
HPT9	0.000010	0.000010	0.000010	0.867185	0.000010	0.132695	0.000010	0.000010	0.000010	0.000010	0.000010	0.000010	0.000010	0.000010	LD_0.9_14_1830
JU1257	0.999870	0.000010	0.000010	0.000010	0.000010	0.000010	0.000010	0.000010	0.000010	0.000010	0.000010	0.000010	0.000010	0.000010	LD_0.9_14_1830
JU1337	0.000010	0.097338	0.000010	0.000010	0.615672	0.256303	0.030587	0.000010	0.000010	0.000010	0.000010	0.000010	0.000010	0.000010	LD_0.9_14_1830
JU1338	0.000010	0.000010	0.000010	0.999863	0.000010	0.000010	0.000010	0.000010	0.000010	0.000010	0.000017	0.000010	0.000010	0.000010	LD_0.9_14_1830
JU1341	0.000010	0.000010	0.000010	0.000010	0.000010	0.000011	0.000010	0.000010	0.000010	0.000011	0.000010	0.000010	0.000010	0.999868	LD_0.9_14_1830
JU1344	0.000010	0.000010	0.000010	0.360218	0.000010	0.639662	0.000010	0.000010	0.000010	0.000010	0.000010	0.000010	0.000010	0.000010	LD_0.9_14_1830
JU1346	0.000015	0.000015	0.000010	0.999849	0.000010	0.000017	0.000012	0.000011	0.000010	0.000010	0.000010	0.000011	0.000010	0.000010	LD_0.9_14_1830
JU1347	0.000010	0.000010	0.000010	0.000010	0.999870	0.000010	0.000010	0.000010	0.000010	0.000010	0.000010	0.000010	0.000010	0.000010	LD_0.9_14_1830
JU1348	0.000010	0.000010	0.000010	0.000010	0.000010	0.000010	0.000010	0.000010	0.000010	0.000010	0.000010	0.000010	0.000010	0.999870	LD_0.9_14_1830
JU1375	0.000010	0.000010	0.000010	0.000010	0.999870	0.000010	0.000010	0.000010	0.000010	0.000010	0.000010	0.000010	0.000010	0.000010	LD_0.9_14_1830
JU1377	0.000010	0.000010	0.000010	0.000010	0.999870	0.000010	0.000010	0.000010	0.000010	0.000010	0.000010	0.000010	0.000010	0.000010	LD_0.9_14_1830
JU1378	0.000010	0.000010	0.000010	0.000010	0.999870	0.000010	0.000010	0.000010	0.000010	0.000010	0.000010	0.000010	0.000010	0.000010	LD_0.9_14_1830
JU1392	0.000010	0.000010	0.000010	0.000010	0.999870	0.000010	0.000010	0.000010	0.000010	0.000010	0.000010	0.000010	0.000010	0.000010	LD_0.9_14_1830
JU1399	0.000010	0.000016	0.000010	0.000010	0.206375	0.154791	0.000010	0.000010	0.036516	0.000010	0.602212	0.000010	0.000010	0.000010	LD_0.9_14_1830
JU1424	0.000015	0.000010	0.000010	0.999858	0.000010	0.000010	0.000010	0.000010	0.000010	0.000017	0.000010	0.000010	0.000010	0.000010	LD_0.9_14_1830
JU1435	0.000010	0.000010	0.000010	0.000010	0.999870	0.000010	0.000010	0.000010	0.000010	0.000010	0.000010	0.000010	0.000010	0.000010	LD_0.9_14_1830
JU1564	0.999866	0.000010	0.000010	0.000010	0.000010	0.000011	0.000010	0.000010	0.000010	0.000011	0.000011	0.000010	0.000010	0.000010	LD_0.9_14_1830
JU1637	0.000010	0.000010	0.000010	0.000010	0.943725	0.056155	0.000010	0.000010	0.000010	0.000010	0.000010	0.000010	0.000010	0.000010	LD_0.9_14_1830
JU1638	0.000010	0.000010	0.000010	0.000010	0.916467	0.083413	0.000010	0.000010	0.000010	0.000010	0.000010	0.000010	0.000010	0.000010	LD_0.9_14_1830
JU1794	0.000010	0.000010	0.000010	0.058814	0.630495	0.298353	0.012238	0.000010	0.000010	0.000010	0.000010	0.000010	0.000010	0.000010	LD_0.9_14_1830
JU1795	0.000010	0.129203	0.000010	0.000010	0.347408	0.523279	0.000010	0.000010	0.000010	0.000010	0.000010	0.000010	0.000010	0.000010	LD_0.9_14_1830
JU1799	0.000010	0.000010	0.000010	0.000010	0.999870	0.000010	0.000010	0.000010	0.000010	0.000010	0.000010	0.000010	0.000010	0.000010	LD_0.9_14_1830
JU1802	0.000010	0.000010	0.000010	0.000010	0.911039	0.088841	0.000010	0.000010	0.000010	0.000010	0.000010	0.000010	0.000010	0.000010	LD_0.9_14_1830
JU1814	0.000010	0.000010	0.000010	0.000010	0.708148	0.000010	0.000010	0.000010	0.000010	0.000010	0.291732	0.000010	0.000010	0.000010	LD_0.9_14_1830
JU1884	0.000010	0.000011	0.000010	0.000010	0.138918	0.860951	0.000010	0.000011	0.000017	0.000010	0.000011	0.000010	0.000010	0.000010	LD_0.9_14_1830
JU1885	0.000010	0.000010	0.000010	0.000010	0.858335	0.088702	0.052854	0.000010	0.000010	0.000010	0.000010	0.000010	0.000010	0.000010	LD_0.9_14_1830
JU1907	0.000010	0.000010	0.000010	0.000010	0.000010	0.959537	0.000010	0.000010	0.000010	0.000010	0.040343	0.000010	0.000010	0.000010	LD_0.9_14_1830
JU1908	0.000010	0.000010	0.000010	0.000010	0.000010	0.948310	0.000010	0.000010	0.000010	0.000010	0.051570	0.000010	0.000010	0.000010	LD_0.9_14_1830
JU1909	0.000010	0.000010	0.000010	0.000010	0.000010	0.999870	0.000010	0.000010	0.000010	0.000010	0.000010	0.000010	0.000010	0.000010	LD_0.9_14_1830
JU1913	0.000010	0.000010	0.000010	0.000010	0.129728	0.455536	0.414626	0.000010	0.000010	0.000010	0.000010	0.000010	0.000010	0.000010	LD_0.9_14_1830
JU2053	0.000010	0.185602	0.000010	0.000010	0.000010	0.814278	0.000010	0.000010	0.000010	0.000010	0.000010	0.000010	0.000010	0.000010	LD_0.9_14_1830
JU2054	0.000010	0.000010	0.000010	0.000010	0.019881	0.979999	0.000010	0.000010	0.000010	0.000010	0.000010	0.000010	0.000010	0.000010	LD_0.9_14_1830
JU2056	0.000010	0.000010	0.000010	0.000010	0.019832	0.980042	0.000016	0.000010	0.000010	0.000010	0.000010	0.000010	0.000010	0.000010	LD_0.9_14_1830
JU2057	0.000010	0.000010	0.000010	0.000010	0.000010	0.000010	0.999870	0.000010	0.000010	0.000010	0.000010	0.000010	0.000010	0.000010	LD_0.9_14_1830
JU2160	0.000010	0.000010	0.000010	0.000010	0.000010	0.000010	0.999870	0.000010	0.000010	0.000010	0.000010	0.000010	0.000010	0.000010	LD_0.9_14_1830
JU2162	0.000010	0.000010	0.000010	0.000010	0.000010	0.000010	0.999870	0.000010	0.000010	0.000010	0.000010	0.000010	0.000010	0.000010	LD_0.9_14_1830
JU2214	0.000010	0.000010	0.000010	0.000010	0.333009	0.399709	0.000010	0.000010	0.187423	0.000010	0.079758	0.000010	0.000010	0.000010	LD_0.9_14_1830
JU2216	0.000016	0.000010	0.000010	0.000010	0.000010	0.000010	0.000010	0.000010	0.000010	0.999864	0.000010	0.000010	0.000010	0.000010	LD_0.9_14_1830
JU2457	0.489668	0.000010	0.000010	0.000010	0.000010	0.293890	0.000010	0.000010	0.000010	0.000010	0.216332	0.000010	0.000010	0.000010	LD_0.9_14_1830
JU2470	0.000010	0.000010	0.000010	0.000010	0.000010	0.000010	0.999870	0.000010	0.000010	0.000010	0.000010	0.000010	0.000010	0.000010	LD_0.9_14_1830
JU2472	0.000010	0.000010	0.000010	0.000010	0.926584	0.000010	0.000010	0.000010	0.000010	0.000010	0.073296	0.000010	0.000010	0.000010	LD_0.9_14_1830
JU2506	0.000010	0.000010	0.000010	0.011262	0.000010	0.988618	0.000010	0.000010	0.000010	0.000010	0.000010	0.000010	0.000010	0.000010	LD_0.9_14_1830
JU2507	0.000010	0.000010	0.000010	0.000010	0.000010	0.000010	0.997411	0.000010	0.002469	0.000010	0.000010	0.000010	0.000010	0.000010	LD_0.9_14_1830
JU2518	0.000010	0.000010	0.000010	0.000010	0.000010	0.000010	0.000010	0.000010	0.000010	0.000010	0.999870	0.000010	0.000010	0.000010	LD_0.9_14_1830
JU2536	0.999869	0.000010	0.000010	0.000010	0.000010	0.000010	0.000010	0.000010	0.000010	0.000011	0.000010	0.000010	0.000010	0.000010	LD_0.9_14_1830
JU2597	0.000010	0.008833	0.000010	0.000010	0.118656	0.000010	0.000010	0.000010	0.382456	0.000010	0.489955	0.000010	0.000010	0.000010	LD_0.9_14_1830
JU2747	0.000010	0.255484	0.000010	0.045271	0.568746	0.085661	0.033562	0.000010	0.001829	0.000010	0.009377	0.000010	0.000010	0.000010	LD_0.9_14_1830
JU2767	0.000010	0.000010	0.999868	0.000010	0.000010	0.000010	0.000010	0.000010	0.000012	0.000010	0.000010	0.000010	0.000010	0.000010	LD_0.9_14_1830
JU2799	0.000010	0.000010	0.000010	0.000010	0.537211	0.462669	0.000010	0.000010	0.000010	0.000010	0.000010	0.000010	0.000010	0.000010	LD_0.9_14_1830
JU2801	0.000011	0.000010	0.000010	0.000010	0.000011	0.000010	0.000010	0.000010	0.000011	0.000010	0.000010	0.000010	0.000010	0.999866	LD_0.9_14_1830
JU2836	0.000010	0.325881	0.000010	0.000010	0.000010	0.490992	0.000010	0.000010	0.183017	0.000010	0.000010	0.000010	0.000010	0.000010	LD_0.9_14_1830
JU2849	0.000010	0.000010	0.000010	0.999868	0.000010	0.000010	0.000010	0.000010	0.000010	0.000010	0.000012	0.000010	0.000010	0.000010	LD_0.9_14_1830
JU2861	0.000010	0.000010	0.000010	0.000010	0.235605	0.764275	0.000010	0.000010	0.000010	0.000010	0.000010	0.000010	0.000010	0.000010	LD_0.9_14_1830
JU2868	0.000010	0.000010	0.000010	0.000010	0.000011	0.999869	0.000010	0.000010	0.000010	0.000010	0.000010	0.000010	0.000010	0.000010	LD_0.9_14_1830
JU2872	0.999866	0.000010	0.000010	0.000010	0.000010	0.000011	0.000010	0.000011	0.000011	0.000011	0.000010	0.000010	0.000010	0.000010	LD_0.9_14_1830
JU3171	0.000010	0.000010	0.000010	0.000010	0.702143	0.297737	0.000010	0.000010	0.000010	0.000010	0.000010	0.000010	0.000010	0.000010	LD_0.9_14_1830
JU3200	0.000010	0.000010	0.000010	0.000010	0.000011	0.000010	0.000010	0.000010	0.000010	0.000010	0.000014	0.000010	0.000010	0.999865	LD_0.9_14_1830
JU3201	0.000010	0.000010	0.000010	0.000010	0.000010	0.000010	0.000010	0.000014	0.000010	0.000010	0.000011	0.000010	0.000010	0.999864	LD_0.9_14_1830
JU3202	0.000010	0.000010	0.000010	0.000010	0.000010	0.000010	0.000010	0.000010	0.000010	0.000010	0.000010	0.000010	0.000010	0.999870	LD_0.9_14_1830
JU3203	0.000010	0.000010	0.000011	0.000010	0.000011	0.000011	0.000010	0.000011	0.000010	0.000010	0.000010	0.000010	0.000010	0.999866	LD_0.9_14_1830
JU3206	0.000010	0.000010	0.000012	0.000010	0.000012	0.000010	0.000010	0.000010	0.000010	0.000010	0.000013	0.000010	0.000010	0.999863	LD_0.9_14_1830
JU3207	0.000010	0.000017	0.000010	0.000010	0.627475	0.372399	0.000010	0.000010	0.000010	0.000010	0.000010	0.000010	0.000010	0.000010	LD_0.9_14_1830
JU3237	0.000010	0.000010	0.000010	0.000010	0.000010	0.000010	0.999870	0.000010	0.000010	0.000010	0.000010	0.000010	0.000010	0.000010	LD_0.9_14_1830
JU3272	0.999865	0.000010	0.000010	0.000010	0.000010	0.000012	0.000010	0.000010	0.000010	0.000011	0.000012	0.000010	0.000010	0.000010	LD_0.9_14_1830
JU3281	0.000010	0.000010	0.000010	0.000010	0.000010	0.999870	0.000010	0.000010	0.000010	0.000010	0.000010	0.000010	0.000010	0.000010	LD_0.9_14_1830
JU3319	0.000010	0.000010	0.000010	0.816190	0.000010	0.183690	0.000010	0.000010	0.000010	0.000010	0.000010	0.000010	0.000010	0.000010	LD_0.9_14_1830
JU3321	0.000010	0.000010	0.000010	0.000010	0.000010	0.999867	0.000010	0.000010	0.000010	0.000010	0.000013	0.000010	0.000010	0.000010	LD_0.9_14_1830
JU3326	0.099801	0.000010	0.900079	0.000010	0.000010	0.000010	0.000010	0.000010	0.000010	0.000010	0.000010	0.000010	0.000010	0.000010	LD_0.9_14_1830
JU3327	0.000010	0.185332	0.000010	0.043616	0.000010	0.770942	0.000010	0.000010	0.000010	0.000010	0.000010	0.000010	0.000010	0.000010	LD_0.9_14_1830
JU3416	0.900558	0.000010	0.000010	0.000010	0.000010	0.064187	0.000010	0.000010	0.000010	0.035144	0.000010	0.000010	0.000010	0.000010	LD_0.9_14_1830
JU4042	0.000010	0.000010	0.000010	0.000010	0.000010	0.999870	0.000010	0.000010	0.000010	0.000010	0.000010	0.000010	0.000010	0.000010	LD_0.9_14_1830
JU4051	0.000012	0.000010	0.000010	0.999863	0.000010	0.000010	0.000013	0.000010	0.000012	0.000010	0.000010	0.000010	0.000010	0.000010	LD_0.9_14_1830
JU4058	0.000010	0.000010	0.000010	0.999870	0.000010	0.000010	0.000010	0.000010	0.000010	0.000010	0.000010	0.000010	0.000010	0.000010	LD_0.9_14_1830
JU4060	0.000010	0.000010	0.000010	0.999870	0.000010	0.000010	0.000010	0.000010	0.000010	0.000010	0.000010	0.000010	0.000010	0.000010	LD_0.9_14_1830
JU4062	0.000010	0.000010	0.000010	0.999870	0.000010	0.000010	0.000010	0.000010	0.000010	0.000010	0.000010	0.000010	0.000010	0.000010	LD_0.9_14_1830
JU4064	0.000010	0.000010	0.000010	0.999862	0.000010	0.000010	0.000010	0.000010	0.000010	0.000010	0.000018	0.000010	0.000010	0.000010	LD_0.9_14_1830
JU4080	0.000010	0.000010	0.000010	0.000010	0.000010	0.999870	0.000010	0.000010	0.000010	0.000010	0.000010	0.000010	0.000010	0.000010	LD_0.9_14_1830
JU4084	0.000010	0.000010	0.000011	0.999869	0.000010	0.000010	0.000010	0.000010	0.000010	0.000010	0.000010	0.000010	0.000010	0.000010	LD_0.9_14_1830
JU4097	0.000010	0.000012	0.000010	0.999865	0.000010	0.000010	0.000010	0.000010	0.000010	0.000010	0.000010	0.000014	0.000010	0.000010	LD_0.9_14_1830
JU725	0.000010	0.000010	0.000010	0.749846	0.000010	0.250034	0.000010	0.000010	0.000010	0.000010	0.000010	0.000010	0.000010	0.000010	LD_0.9_14_1830
MY2716	0.000010	0.000010	0.000010	0.000010	0.100067	0.899812	0.000011	0.000010	0.000010	0.000010	0.000010	0.000010	0.000010	0.000010	LD_0.9_14_1830
MY539	0.000010	0.000015	0.000010	0.000010	0.187365	0.812510	0.000010	0.000010	0.000010	0.000010	0.000010	0.000010	0.000010	0.000010	LD_0.9_14_1830
NIC1050	0.000010	0.000010	0.000010	0.000010	0.068907	0.000010	0.000010	0.000010	0.212705	0.000010	0.718277	0.000010	0.000010	0.000010	LD_0.9_14_1830
NIC1052	0.000010	0.023447	0.000010	0.000010	0.083077	0.000010	0.000010	0.000010	0.290147	0.000010	0.603229	0.000010	0.000010	0.000010	LD_0.9_14_1830
NIC1054	0.000010	0.000010	0.000010	0.000010	0.052414	0.000010	0.000010	0.000010	0.109246	0.000010	0.838231	0.000010	0.000010	0.000010	LD_0.9_14_1830
NIC1055	0.000010	0.000010	0.000010	0.000010	0.000010	0.000010	0.000010	0.000010	0.260344	0.000010	0.739536	0.000010	0.000010	0.000010	LD_0.9_14_1830
NIC1057	0.000010	0.000010	0.000010	0.000010	0.040303	0.000010	0.000010	0.000010	0.261130	0.000010	0.698457	0.000010	0.000010	0.000010	LD_0.9_14_1830
NIC1058	0.000010	0.000010	0.000010	0.000015	0.000010	0.000010	0.000010	0.000010	0.220545	0.000010	0.779330	0.000010	0.000010	0.000010	LD_0.9_14_1830
NIC1059	0.000010	0.000019	0.000014	0.000010	0.000010	0.000010	0.000010	0.000010	0.135492	0.000010	0.864375	0.000010	0.000010	0.000010	LD_0.9_14_1830
NIC1060	0.000010	0.000010	0.000010	0.000010	0.000010	0.000010	0.000010	0.000010	0.051459	0.000010	0.948421	0.000010	0.000010	0.000010	LD_0.9_14_1830
NIC1062	0.000010	0.406526	0.000010	0.000010	0.340755	0.000010	0.000010	0.000010	0.172882	0.000010	0.079736	0.000010	0.000010	0.000010	LD_0.9_14_1830
NIC1069	0.000010	0.324083	0.000014	0.000010	0.440220	0.133092	0.000010	0.000010	0.000010	0.000010	0.102501	0.000010	0.000010	0.000010	LD_0.9_14_1830
NIC1103	0.000010	0.000010	0.000010	0.000012	0.000010	0.052224	0.000010	0.000010	0.234190	0.000010	0.713475	0.000010	0.000010	0.000010	LD_0.9_14_1830
NIC1104	0.000010	0.000010	0.000010	0.000010	0.070551	0.613027	0.000011	0.000010	0.001173	0.000010	0.315149	0.000010	0.000010	0.000010	LD_0.9_14_1830
NIC1106	0.000010	0.000010	0.000011	0.000010	0.010444	0.372558	0.000010	0.000010	0.153580	0.000010	0.463317	0.000010	0.000010	0.000010	LD_0.9_14_1830
NIC1117	0.000010	0.000010	0.000010	0.000010	0.000010	0.999870	0.000010	0.000010	0.000010	0.000010	0.000010	0.000010	0.000010	0.000010	LD_0.9_14_1830
NIC1123	0.000019	0.000012	0.000010	0.999837	0.000010	0.000010	0.000014	0.000010	0.000020	0.000010	0.000010	0.000018	0.000010	0.000010	LD_0.9_14_1830
NIC1124	0.000010	0.000010	0.000010	0.000010	0.000010	0.000010	0.000010	0.000010	0.000010	0.000010	0.999870	0.000010	0.000010	0.000010	LD_0.9_14_1830
NIC1135	0.000010	0.000010	0.000010	0.000010	0.000010	0.000010	0.000010	0.000010	0.000010	0.000010	0.999870	0.000010	0.000010	0.000010	LD_0.9_14_1830
NIC1138	0.000010	0.000010	0.000010	0.000010	0.000010	0.000010	0.000010	0.000010	0.000010	0.000010	0.999870	0.000010	0.000010	0.000010	LD_0.9_14_1830
NIC1141	0.000010	0.000010	0.000010	0.000010	0.000010	0.000010	0.000010	0.000010	0.000010	0.000010	0.999870	0.000010	0.000010	0.000010	LD_0.9_14_1830
NIC115	0.000010	0.000010	0.000010	0.000010	0.999870	0.000010	0.000010	0.000010	0.000010	0.000010	0.000010	0.000010	0.000010	0.000010	LD_0.9_14_1830
NIC117	0.000010	0.000010	0.000010	0.000010	0.999870	0.000010	0.000010	0.000010	0.000010	0.000010	0.000010	0.000010	0.000010	0.000010	LD_0.9_14_1830
NIC1183	0.000010	0.000010	0.000010	0.000010	0.000010	0.000010	0.000010	0.000010	0.000010	0.000010	0.999870	0.000010	0.000010	0.000010	LD_0.9_14_1830
NIC119	0.000010	0.012705	0.000010	0.000010	0.982951	0.000010	0.000010	0.000010	0.000010	0.000010	0.004234	0.000010	0.000010	0.000010	LD_0.9_14_1830
NIC1190	0.000010	0.000010	0.000016	0.000010	0.000010	0.000010	0.000010	0.000010	0.000010	0.000010	0.999864	0.000010	0.000010	0.000010	LD_0.9_14_1830
NIC1202	0.000010	0.354368	0.000010	0.000010	0.000010	0.645512	0.000010	0.000010	0.000010	0.000010	0.000010	0.000010	0.000010	0.000010	LD_0.9_14_1830
NIC1204	0.000010	0.435008	0.000010	0.000010	0.000010	0.564872	0.000010	0.000010	0.000010	0.000010	0.000010	0.000010	0.000010	0.000010	LD_0.9_14_1830
NIC1205	0.000010	0.000010	0.000010	0.000010	0.000010	0.000010	0.000010	0.000010	0.000010	0.999860	0.000010	0.000020	0.000010	0.000010	LD_0.9_14_1830
NIC1218	0.000010	0.000010	0.000010	0.000010	0.000010	0.999870	0.000010	0.000010	0.000010	0.000010	0.000010	0.000010	0.000010	0.000010	LD_0.9_14_1830
NIC1220	0.000010	0.000010	0.000010	0.000010	0.000010	0.000010	0.000010	0.000010	0.000010	0.999870	0.000010	0.000010	0.000010	0.000010	LD_0.9_14_1830
NIC1221	0.000010	0.383649	0.000010	0.000010	0.000010	0.616231	0.000010	0.000010	0.000010	0.000010	0.000010	0.000010	0.000010	0.000010	LD_0.9_14_1830
NIC123	0.000010	0.000010	0.000010	0.000010	0.990785	0.000010	0.000010	0.000010	0.000010	0.000010	0.009095	0.000010	0.000010	0.000010	LD_0.9_14_1830
NIC1267	0.000010	0.000010	0.000010	0.000010	0.437721	0.000010	0.000010	0.000010	0.000010	0.000010	0.562159	0.000010	0.000010	0.000010	LD_0.9_14_1830
NIC1283	0.000010	0.000010	0.000010	0.000010	0.000011	0.000010	0.000010	0.000010	0.000010	0.000010	0.999869	0.000010	0.000010	0.000010	LD_0.9_14_1830
NIC1288	0.000010	0.000010	0.000010	0.116645	0.000010	0.000010	0.000010	0.000010	0.147072	0.000010	0.736173	0.000010	0.000010	0.000010	LD_0.9_14_1830
NIC1292	0.000010	0.000017	0.000010	0.000010	0.000010	0.000010	0.000010	0.000010	0.000010	0.000010	0.999863	0.000010	0.000010	0.000010	LD_0.9_14_1830
NIC1302	0.000010	0.000010	0.000010	0.000010	0.000010	0.000017	0.000010	0.000010	0.000017	0.000010	0.999856	0.000010	0.000010	0.000010	LD_0.9_14_1830
NIC1304	0.000010	0.000010	0.000010	0.000010	0.000010	0.000010	0.000010	0.000010	0.000010	0.000010	0.999870	0.000010	0.000010	0.000010	LD_0.9_14_1830
NIC1308	0.000010	0.000010	0.000010	0.545212	0.454668	0.000010	0.000010	0.000010	0.000010	0.000010	0.000010	0.000010	0.000010	0.000010	LD_0.9_14_1830
NIC1407	0.000010	0.000010	0.000010	0.000010	0.000010	0.000010	0.000010	0.000010	0.000010	0.000010	0.999870	0.000010	0.000010	0.000010	LD_0.9_14_1830
NIC1421	0.000010	0.000010	0.000010	0.000013	0.256281	0.018059	0.000010	0.000010	0.118805	0.000010	0.606752	0.000010	0.000010	0.000010	LD_0.9_14_1830
NIC1423	0.000010	0.000010	0.000010	0.000014	0.000014	0.000010	0.000010	0.000010	0.172849	0.000010	0.827023	0.000010	0.000010	0.000010	LD_0.9_14_1830
NIC1442	0.000010	0.000010	0.000010	0.000010	0.000015	0.000010	0.000010	0.000010	0.000010	0.000010	0.999865	0.000010	0.000010	0.000010	LD_0.9_14_1830
NIC1491	0.000010	0.000010	0.000010	0.000010	0.000010	0.000010	0.000010	0.000010	0.000010	0.000010	0.999870	0.000010	0.000010	0.000010	LD_0.9_14_1830
NIC1525	0.000010	0.000010	0.000010	0.000010	0.999862	0.000018	0.000010	0.000010	0.000010	0.000010	0.000010	0.000010	0.000010	0.000010	LD_0.9_14_1830
NIC1528	0.000010	0.000010	0.000010	0.000010	0.999870	0.000010	0.000010	0.000010	0.000010	0.000010	0.000010	0.000010	0.000010	0.000010	LD_0.9_14_1830
NIC1529	0.000010	0.000010	0.000010	0.000010	0.999870	0.000010	0.000010	0.000010	0.000010	0.000010	0.000010	0.000010	0.000010	0.000010	LD_0.9_14_1830
NIC1533	0.000010	0.000010	0.000010	0.000010	0.938363	0.061517	0.000010	0.000010	0.000010	0.000010	0.000010	0.000010	0.000010	0.000010	LD_0.9_14_1830
NIC1535	0.000010	0.000010	0.000010	0.000010	0.967958	0.000010	0.000010	0.000010	0.000010	0.000010	0.031922	0.000010	0.000010	0.000010	LD_0.9_14_1830
NIC1539	0.000010	0.000010	0.000010	0.000010	0.000010	0.000010	0.000010	0.000010	0.000010	0.000010	0.000010	0.999870	0.000010	0.000010	LD_0.9_14_1830
NIC1540	0.000010	0.000010	0.000010	0.000010	0.000010	0.000010	0.000010	0.999870	0.000010	0.000010	0.000010	0.000010	0.000010	0.000010	LD_0.9_14_1830
NIC1562	0.000010	0.000010	0.000010	0.000010	0.000010	0.000010	0.000012	0.000010	0.000010	0.088952	0.000010	0.910926	0.000010	0.000010	LD_0.9_14_1830
NIC1589	0.000011	0.000012	0.000010	0.000010	0.000010	0.000010	0.000010	0.999866	0.000010	0.000011	0.000010	0.000010	0.000010	0.000010	LD_0.9_14_1830
NIC1590	0.000010	0.000010	0.000010	0.000010	0.000010	0.000010	0.000010	0.000010	0.000010	0.999870	0.000010	0.000010	0.000010	0.000010	LD_0.9_14_1830
NIC1591	0.000010	0.000010	0.000010	0.000010	0.000010	0.000010	0.000010	0.999870	0.000010	0.000010	0.000010	0.000010	0.000010	0.000010	LD_0.9_14_1830
NIC1593	0.000011	0.000010	0.000010	0.000010	0.000010	0.000010	0.000010	0.999863	0.000015	0.000010	0.000010	0.000010	0.000010	0.000010	LD_0.9_14_1830
NIC1595	0.000010	0.000010	0.000010	0.000010	0.000010	0.000010	0.000010	0.000010	0.000010	0.999865	0.000010	0.000015	0.000010	0.000010	LD_0.9_14_1830
NIC1598	0.000010	0.000010	0.000010	0.000010	0.000010	0.000010	0.000010	0.000010	0.000010	0.000010	0.000010	0.999870	0.000010	0.000010	LD_0.9_14_1830
NIC1602	0.000010	0.000010	0.000010	0.000010	0.000010	0.000010	0.000010	0.000010	0.000010	0.000010	0.000010	0.999870	0.000010	0.000010	LD_0.9_14_1830
NIC1607	0.000010	0.000010	0.000010	0.000010	0.000010	0.240394	0.000010	0.078348	0.000010	0.333188	0.000010	0.000010	0.000010	0.347970	LD_0.9_14_1830
NIC1628	0.000010	0.000010	0.000010	0.000010	0.000010	0.999870	0.000010	0.000010	0.000010	0.000010	0.000010	0.000010	0.000010	0.000010	LD_0.9_14_1830
NIC1630	0.000010	0.000010	0.000010	0.000010	0.000010	0.000013	0.000010	0.000010	0.000010	0.000010	0.000010	0.999867	0.000010	0.000010	LD_0.9_14_1830
NIC1631	0.000016	0.000010	0.000010	0.000010	0.000010	0.000010	0.000010	0.000010	0.000010	0.999864	0.000010	0.000010	0.000010	0.000010	LD_0.9_14_1830
NIC1632	0.999870	0.000010	0.000010	0.000010	0.000010	0.000010	0.000010	0.000010	0.000010	0.000010	0.000010	0.000010	0.000010	0.000010	LD_0.9_14_1830
NIC1633	0.999867	0.000010	0.000010	0.000010	0.000010	0.000012	0.000010	0.000010	0.000010	0.000010	0.000010	0.000012	0.000010	0.000010	LD_0.9_14_1830
NIC1635	0.999870	0.000010	0.000010	0.000010	0.000010	0.000010	0.000010	0.000010	0.000010	0.000010	0.000010	0.000010	0.000010	0.000010	LD_0.9_14_1830
NIC1645	0.000010	0.000015	0.000010	0.000010	0.000010	0.000015	0.000010	0.000010	0.000010	0.066935	0.000010	0.932935	0.000010	0.000010	LD_0.9_14_1830
NIC1660	0.000010	0.000010	0.000010	0.000010	0.000010	0.000010	0.000010	0.000010	0.000010	0.999870	0.000010	0.000010	0.000010	0.000010	LD_0.9_14_1830
NIC1661	0.000012	0.000010	0.000010	0.000010	0.000010	0.000014	0.000010	0.000010	0.000016	0.999858	0.000010	0.000010	0.000010	0.000010	LD_0.9_14_1830
NIC1662	0.000010	0.000010	0.000010	0.000010	0.000010	0.000010	0.000010	0.000010	0.000010	0.999870	0.000010	0.000010	0.000010	0.000010	LD_0.9_14_1830
NIC1663	0.000010	0.000010	0.000010	0.000010	0.000010	0.000010	0.000010	0.000010	0.000010	0.999870	0.000010	0.000010	0.000010	0.000010	LD_0.9_14_1830
NIC1664	0.000010	0.000012	0.000010	0.000010	0.000010	0.000011	0.000010	0.999864	0.000010	0.000010	0.000012	0.000010	0.000010	0.000010	LD_0.9_14_1830
NIC1665	0.000010	0.000010	0.000010	0.000010	0.000010	0.000010	0.000010	0.999870	0.000010	0.000010	0.000010	0.000010	0.000010	0.000010	LD_0.9_14_1830
NIC1666	0.000010	0.000010	0.000010	0.000010	0.000010	0.000010	0.000010	0.000010	0.000010	0.999870	0.000010	0.000010	0.000010	0.000010	LD_0.9_14_1830
NIC1667	0.000010	0.000010	0.000010	0.000010	0.000010	0.000010	0.000010	0.000010	0.000010	0.000010	0.000010	0.999870	0.000010	0.000010	LD_0.9_14_1830
NIC1681	0.000010	0.000010	0.000010	0.000010	0.000010	0.000010	0.000010	0.000010	0.000010	0.999870	0.000010	0.000010	0.000010	0.000010	LD_0.9_14_1830
NIC1688	0.000010	0.000010	0.000010	0.000010	0.000010	0.999868	0.000011	0.000010	0.000011	0.000010	0.000010	0.000010	0.000010	0.000010	LD_0.9_14_1830
NIC1692	0.000010	0.000010	0.000010	0.000010	0.000010	0.000013	0.000010	0.000010	0.000010	0.928286	0.000010	0.071592	0.000010	0.000010	LD_0.9_14_1830
NIC1693	0.000010	0.000010	0.000010	0.000010	0.000010	0.000010	0.000010	0.000010	0.000010	0.999870	0.000010	0.000010	0.000010	0.000010	LD_0.9_14_1830
NIC17	0.000010	0.000010	0.000010	0.000010	0.933738	0.066142	0.000010	0.000010	0.000010	0.000010	0.000010	0.000010	0.000010	0.000010	LD_0.9_14_1830
NIC174	0.999870	0.000010	0.000010	0.000010	0.000010	0.000010	0.000010	0.000010	0.000010	0.000010	0.000010	0.000010	0.000010	0.000010	LD_0.9_14_1830
NIC187	0.000010	0.000010	0.000010	0.000010	0.746595	0.000010	0.000010	0.000010	0.000010	0.000010	0.253285	0.000010	0.000010	0.000010	LD_0.9_14_1830
NIC188	0.000010	0.000017	0.000011	0.000010	0.873091	0.000010	0.000010	0.000010	0.000010	0.000010	0.126781	0.000010	0.000010	0.000010	LD_0.9_14_1830
NIC19	0.000010	0.000010	0.000010	0.000010	0.000010	0.000010	0.000010	0.999870	0.000010	0.000010	0.000010	0.000010	0.000010	0.000010	LD_0.9_14_1830
NIC191	0.000010	0.000010	0.000010	0.000010	0.999870	0.000010	0.000010	0.000010	0.000010	0.000010	0.000010	0.000010	0.000010	0.000010	LD_0.9_14_1830
NIC20	0.000010	0.000010	0.000010	0.000010	0.000010	0.000010	0.000010	0.999870	0.000010	0.000010	0.000010	0.000010	0.000010	0.000010	LD_0.9_14_1830
NIC21	0.000015	0.000010	0.000016	0.000010	0.000010	0.000010	0.000010	0.999852	0.000010	0.000010	0.000010	0.000010	0.000017	0.000010	LD_0.9_14_1830
NIC22	0.000010	0.000010	0.000010	0.000010	0.000010	0.000010	0.000010	0.999870	0.000010	0.000010	0.000010	0.000010	0.000010	0.000010	LD_0.9_14_1830
NIC2369	0.000010	0.000010	0.000010	0.999870	0.000010	0.000010	0.000010	0.000010	0.000010	0.000010	0.000010	0.000010	0.000010	0.000010	LD_0.9_14_1830
NIC248	0.000010	0.000010	0.000010	0.000010	0.987413	0.000010	0.000010	0.000010	0.000010	0.000010	0.012467	0.000010	0.000010	0.000010	LD_0.9_14_1830
NIC250	0.000010	0.000010	0.000010	0.000014	0.999865	0.000010	0.000012	0.000010	0.000010	0.000010	0.000010	0.000010	0.000010	0.000010	LD_0.9_14_1830
NIC2527	0.000010	0.000010	0.000010	0.000010	0.000010	0.999870	0.000010	0.000010	0.000010	0.000010	0.000010	0.000010	0.000010	0.000010	LD_0.9_14_1830
NIC309	0.000010	0.000010	0.000010	0.000010	0.000010	0.000010	0.000010	0.000010	0.000010	0.000010	0.999870	0.000010	0.000010	0.000010	LD_0.9_14_1830
NIC325	0.000010	0.000010	0.000010	0.000010	0.000010	0.000010	0.000010	0.000010	0.000013	0.000010	0.999867	0.000010	0.000010	0.000010	LD_0.9_14_1830
NIC327	0.000010	0.000018	0.000010	0.000010	0.000010	0.000010	0.000010	0.000010	0.078080	0.000010	0.921792	0.000010	0.000010	0.000010	LD_0.9_14_1830
NIC329	0.000010	0.000010	0.000010	0.000010	0.101842	0.000010	0.000010	0.000010	0.000010	0.000010	0.898038	0.000010	0.000010	0.000010	LD_0.9_14_1830
NIC330	0.000010	0.000010	0.000010	0.000010	0.075120	0.000010	0.000010	0.000010	0.000010	0.000010	0.924760	0.000010	0.000010	0.000010	LD_0.9_14_1830
NIC331	0.000010	0.204714	0.000010	0.000010	0.006013	0.000010	0.000010	0.000010	0.081650	0.000010	0.707523	0.000010	0.000010	0.000010	LD_0.9_14_1830
NIC332	0.000010	0.000018	0.000010	0.000010	0.000010	0.000010	0.000010	0.000010	0.116694	0.000010	0.883178	0.000010	0.000010	0.000010	LD_0.9_14_1830
NIC333	0.000010	0.000010	0.000010	0.000010	0.000010	0.000010	0.000010	0.000010	0.000010	0.000010	0.999870	0.000010	0.000010	0.000010	LD_0.9_14_1830
NIC343	0.000010	0.000010	0.000010	0.024075	0.000010	0.975804	0.000012	0.000010	0.000010	0.000010	0.000010	0.000010	0.000010	0.000010	LD_0.9_14_1830
NIC392	0.000010	0.000010	0.000010	0.000010	0.163605	0.157276	0.000010	0.000010	0.000011	0.000010	0.679007	0.000010	0.000010	0.000010	LD_0.9_14_1830
NIC400	0.000010	0.000010	0.000010	0.000010	0.000010	0.000010	0.000010	0.000010	0.099974	0.000010	0.899906	0.000010	0.000010	0.000010	LD_0.9_14_1830
NIC402	0.000010	0.000010	0.000010	0.000010	0.036294	0.000010	0.000010	0.000010	0.086116	0.000010	0.877480	0.000010	0.000010	0.000010	LD_0.9_14_1830
NIC419	0.000010	0.000010	0.000010	0.999870	0.000010	0.000010	0.000010	0.000010	0.000010	0.000010	0.000010	0.000010	0.000010	0.000010	LD_0.9_14_1830
NIC504	0.000010	0.000010	0.000010	0.000010	0.000010	0.000010	0.000010	0.000010	0.000010	0.999870	0.000010	0.000010	0.000010	0.000010	LD_0.9_14_1830
NIC505	0.000010	0.000010	0.000010	0.000010	0.000010	0.000010	0.000010	0.000010	0.000010	0.999863	0.000010	0.000017	0.000010	0.000010	LD_0.9_14_1830
NIC518	0.000010	0.000010	0.000010	0.000010	0.000010	0.000010	0.000010	0.000010	0.000010	0.000010	0.000010	0.999870	0.000010	0.000010	LD_0.9_14_1830
NIC519	0.000010	0.000011	0.000010	0.000010	0.000010	0.000011	0.000010	0.000010	0.000010	0.074468	0.000010	0.925410	0.000010	0.000010	LD_0.9_14_1830
NIC532	0.000010	0.000010	0.000010	0.000010	0.999870	0.000010	0.000010	0.000010	0.000010	0.000010	0.000010	0.000010	0.000010	0.000010	LD_0.9_14_1830
NIC541	0.000010	0.000010	0.000011	0.000010	0.173171	0.000010	0.301002	0.000010	0.051867	0.000010	0.473860	0.000010	0.000010	0.000010	LD_0.9_14_1830
NIC549	0.000010	0.000010	0.000010	0.000010	0.999870	0.000010	0.000010	0.000010	0.000010	0.000010	0.000010	0.000010	0.000010	0.000010	LD_0.9_14_1830
NIC552	0.000010	0.077947	0.000010	0.000010	0.921933	0.000010	0.000010	0.000010	0.000010	0.000010	0.000010	0.000010	0.000010	0.000010	LD_0.9_14_1830
NIC555	0.000010	0.000010	0.000010	0.000015	0.733129	0.000010	0.000010	0.000010	0.102832	0.000010	0.163924	0.000010	0.000010	0.000010	LD_0.9_14_1830
NIC561	0.000010	0.113221	0.000010	0.000010	0.886659	0.000010	0.000010	0.000010	0.000010	0.000010	0.000010	0.000010	0.000010	0.000010	LD_0.9_14_1830
NIC574	0.000010	0.000010	0.000010	0.000010	0.969938	0.000010	0.000010	0.000010	0.000010	0.000010	0.029942	0.000010	0.000010	0.000010	LD_0.9_14_1830
NIC578	0.000010	0.000010	0.000015	0.000010	0.753430	0.000010	0.000010	0.000010	0.000010	0.000010	0.246437	0.000018	0.000010	0.000010	LD_0.9_14_1830
NIC583	0.000010	0.123664	0.000010	0.000010	0.465961	0.000010	0.000010	0.000010	0.000010	0.000010	0.410265	0.000010	0.000010	0.000010	LD_0.9_14_1830
NIC590	0.000010	0.000010	0.000010	0.000010	0.360850	0.000010	0.116319	0.000010	0.000010	0.000010	0.522720	0.000010	0.000010	0.000010	LD_0.9_14_1830
NIC593	0.000010	0.000010	0.000010	0.000010	0.999870	0.000010	0.000010	0.000010	0.000010	0.000010	0.000010	0.000010	0.000010	0.000010	LD_0.9_14_1830
NIC60	0.000010	0.000010	0.000010	0.000011	0.000010	0.000010	0.000010	0.000010	0.000010	0.000010	0.999869	0.000010	0.000010	0.000010	LD_0.9_14_1830
NIC61	0.000010	0.000010	0.000010	0.000010	0.999870	0.000010	0.000010	0.000010	0.000010	0.000010	0.000010	0.000010	0.000010	0.000010	LD_0.9_14_1830
NIC62	0.000010	0.000010	0.000010	0.000014	0.477162	0.000010	0.000014	0.000010	0.000013	0.000010	0.522708	0.000010	0.000010	0.000010	LD_0.9_14_1830
NIC67	0.000010	0.000010	0.000010	0.999870	0.000010	0.000010	0.000010	0.000010	0.000010	0.000010	0.000010	0.000010	0.000010	0.000010	LD_0.9_14_1830
NIC758	0.000010	0.000010	0.000010	0.000010	0.487013	0.000010	0.122918	0.000010	0.000010	0.000010	0.389959	0.000010	0.000010	0.000010	LD_0.9_14_1830
NIC777	0.000010	0.000010	0.000010	0.000010	0.474648	0.000010	0.000017	0.000010	0.075250	0.000010	0.449985	0.000011	0.000010	0.000010	LD_0.9_14_1830
NIC779	0.000014	0.000010	0.000010	0.000010	0.000010	0.000010	0.000010	0.000010	0.000010	0.999866	0.000010	0.000010	0.000010	0.000010	LD_0.9_14_1830
NIC790	0.000010	0.000010	0.000010	0.000010	0.000010	0.999870	0.000010	0.000010	0.000010	0.000010	0.000010	0.000010	0.000010	0.000010	LD_0.9_14_1830
NIC791	0.000010	0.000010	0.000010	0.000010	0.000012	0.084470	0.915407	0.000010	0.000010	0.000010	0.000010	0.000010	0.000010	0.000010	LD_0.9_14_1830
NIC792	0.000010	0.113423	0.000010	0.000010	0.000010	0.595145	0.291323	0.000010	0.000010	0.000010	0.000010	0.000010	0.000010	0.000010	LD_0.9_14_1830
NIC793	0.000010	0.000010	0.000010	0.000010	0.000010	0.999870	0.000010	0.000010	0.000010	0.000010	0.000010	0.000010	0.000010	0.000010	LD_0.9_14_1830
NIC795	0.000010	0.000010	0.000010	0.000010	0.000010	0.999870	0.000010	0.000010	0.000010	0.000010	0.000010	0.000010	0.000010	0.000010	LD_0.9_14_1830
NIC796	0.000015	0.000010	0.000010	0.000010	0.000010	0.992365	0.000010	0.007510	0.000010	0.000010	0.000010	0.000010	0.000010	0.000010	LD_0.9_14_1830
NIC802	0.000010	0.000010	0.000010	0.000010	0.000010	0.999870	0.000010	0.000010	0.000010	0.000010	0.000010	0.000010	0.000010	0.000010	LD_0.9_14_1830
NIC803	0.000010	0.000010	0.000010	0.000010	0.000010	0.902130	0.000010	0.000010	0.000010	0.000010	0.097750	0.000010	0.000010	0.000010	LD_0.9_14_1830
NIC805	0.000010	0.000010	0.000010	0.000010	0.000010	0.000010	0.000010	0.000010	0.000010	0.999870	0.000010	0.000010	0.000010	0.000010	LD_0.9_14_1830
NIC811	0.000010	0.163699	0.000010	0.000010	0.000010	0.836181	0.000010	0.000010	0.000010	0.000010	0.000010	0.000010	0.000010	0.000010	LD_0.9_14_1830
NIC814	0.000010	0.000010	0.000010	0.000010	0.000010	0.000010	0.000010	0.000010	0.000010	0.999870	0.000010	0.000010	0.000010	0.000010	LD_0.9_14_1830
NIC815	0.000012	0.000012	0.000010	0.000010	0.000010	0.000010	0.000010	0.000010	0.000010	0.999861	0.000010	0.000014	0.000010	0.000010	LD_0.9_14_1830
NIC816	0.000010	0.000010	0.000010	0.000010	0.000010	0.000010	0.000010	0.999870	0.000010	0.000010	0.000010	0.000010	0.000010	0.000010	LD_0.9_14_1830
NIC819	0.003310	0.000010	0.000010	0.000010	0.000010	0.248901	0.000017	0.111573	0.000010	0.304390	0.000010	0.000010	0.000010	0.331729	LD_0.9_14_1830
NIC821	0.000010	0.000010	0.000010	0.000010	0.000010	0.877865	0.000010	0.000010	0.000010	0.000010	0.122015	0.000010	0.000010	0.000010	LD_0.9_14_1830
NIC822	0.000010	0.000010	0.000010	0.000010	0.000010	0.000011	0.000010	0.000010	0.000010	0.593893	0.000010	0.405986	0.000010	0.000010	LD_0.9_14_1830
NIC824	0.000010	0.000010	0.000010	0.000010	0.000010	0.000010	0.000010	0.000010	0.000010	0.999870	0.000010	0.000010	0.000010	0.000010	LD_0.9_14_1830
NIC825	0.000010	0.000010	0.000010	0.000010	0.000010	0.000013	0.000010	0.999865	0.000010	0.000012	0.000010	0.000010	0.000010	0.000010	LD_0.9_14_1830
NIC827	0.000010	0.000010	0.000010	0.000010	0.000010	0.000010	0.000010	0.999870	0.000010	0.000010	0.000010	0.000010	0.000010	0.000010	LD_0.9_14_1830
NIC828	0.000012	0.000010	0.000010	0.000010	0.000010	0.000010	0.000010	0.999868	0.000010	0.000010	0.000010	0.000010	0.000010	0.000010	LD_0.9_14_1830
NIC863	0.000010	0.000010	0.000010	0.000010	0.000010	0.000010	0.000010	0.000010	0.000010	0.999870	0.000010	0.000010	0.000010	0.000010	LD_0.9_14_1830
NIC864	0.000010	0.000010	0.000010	0.000010	0.000010	0.000010	0.000010	0.000010	0.000010	0.999870	0.000010	0.000010	0.000010	0.000010	LD_0.9_14_1830
NIC865	0.000014	0.000010	0.000010	0.000010	0.000010	0.000010	0.000010	0.000010	0.000010	0.999866	0.000010	0.000010	0.000010	0.000010	LD_0.9_14_1830
NIC871	0.000010	0.000010	0.000010	0.000017	0.000010	0.999863	0.000010	0.000010	0.000010	0.000010	0.000010	0.000010	0.000010	0.000010	LD_0.9_14_1830
NIC883	0.000010	0.000010	0.000010	0.000010	0.000010	0.999870	0.000010	0.000010	0.000010	0.000010	0.000010	0.000010	0.000010	0.000010	LD_0.9_14_1830
NIC889	0.000010	0.000010	0.000010	0.000010	0.000010	0.000010	0.000010	0.000010	0.000010	0.999863	0.000010	0.000017	0.000010	0.000010	LD_0.9_14_1830
NIC893	0.000010	0.000010	0.999868	0.000010	0.000010	0.000010	0.000010	0.000010	0.000012	0.000010	0.000010	0.000010	0.000010	0.000010	LD_0.9_14_1830
NIC897	0.000015	0.000010	0.000010	0.000010	0.000010	0.000010	0.000010	0.000010	0.000010	0.999861	0.000010	0.000015	0.000010	0.000010	LD_0.9_14_1830
NIC899	0.999870	0.000010	0.000010	0.000010	0.000010	0.000010	0.000010	0.000010	0.000010	0.000010	0.000010	0.000010	0.000010	0.000010	LD_0.9_14_1830
NIC901	0.000010	0.000010	0.000010	0.000010	0.948454	0.051426	0.000010	0.000010	0.000010	0.000010	0.000010	0.000010	0.000010	0.000010	LD_0.9_14_1830
NIC911	0.000010	0.000010	0.000010	0.000010	0.611871	0.368690	0.000010	0.000010	0.000010	0.000010	0.019329	0.000010	0.000010	0.000010	LD_0.9_14_1830
NIC96	0.000010	0.000010	0.000010	0.000010	0.000010	0.000010	0.000010	0.000010	0.000010	0.000010	0.999870	0.000010	0.000010	0.000010	LD_0.9_14_1830
NIC984	0.000010	0.000010	0.000010	0.000010	0.460658	0.527130	0.000010	0.000010	0.000010	0.000010	0.012102	0.000010	0.000010	0.000010	LD_0.9_14_1830
NIC985	0.000010	0.000010	0.000010	0.164641	0.467153	0.366117	0.000010	0.000010	0.000010	0.000010	0.001988	0.000010	0.000010	0.000010	LD_0.9_14_1830
PB800	0.999870	0.000010	0.000010	0.000010	0.000010	0.000010	0.000010	0.000010	0.000010	0.000010	0.000010	0.000010	0.000010	0.000010	LD_0.9_14_1830
PB857	0.999864	0.000010	0.000010	0.000010	0.000010	0.000014	0.000010	0.000011	0.000010	0.000011	0.000010	0.000010	0.000010	0.000010	LD_0.9_14_1830
PE887	0.000010	0.000010	0.000010	0.000010	0.576464	0.423407	0.000010	0.000010	0.000019	0.000010	0.000010	0.000010	0.000010	0.000010	LD_0.9_14_1830
QG1005	0.000010	0.000010	0.000016	0.000010	0.000010	0.000010	0.000010	0.000010	0.888019	0.000010	0.111856	0.000010	0.000010	0.000010	LD_0.9_14_1830
QG1007	0.000010	0.000010	0.000010	0.000010	0.000010	0.000010	0.000016	0.000010	0.999864	0.000010	0.000010	0.000010	0.000010	0.000010	LD_0.9_14_1830
QG1111	0.000010	0.000010	0.000010	0.000010	0.000010	0.000010	0.000010	0.000010	0.999870	0.000010	0.000010	0.000010	0.000010	0.000010	LD_0.9_14_1830
QG1126	0.000010	0.000010	0.000010	0.000010	0.000010	0.000010	0.000015	0.000010	0.999865	0.000010	0.000010	0.000010	0.000010	0.000010	LD_0.9_14_1830
QG1141	0.000010	0.000010	0.000010	0.000010	0.000010	0.000010	0.000010	0.000010	0.999870	0.000010	0.000010	0.000010	0.000010	0.000010	LD_0.9_14_1830
QG1155	0.000010	0.000010	0.000010	0.000010	0.000010	0.000010	0.000010	0.000010	0.991017	0.000010	0.008863	0.000010	0.000010	0.000010	LD_0.9_14_1830
QG130	0.000010	0.000010	0.000010	0.000010	0.105623	0.894257	0.000010	0.000010	0.000010	0.000010	0.000010	0.000010	0.000010	0.000010	LD_0.9_14_1830
QG132	0.000010	0.000010	0.000010	0.000010	0.145446	0.830303	0.000010	0.000010	0.000010	0.000010	0.024141	0.000010	0.000010	0.000010	LD_0.9_14_1830
QG133	0.000010	0.000011	0.000010	0.000010	0.000010	0.023554	0.000010	0.000010	0.000016	0.408874	0.000010	0.567455	0.000010	0.000010	LD_0.9_14_1830
QG2641	0.000010	0.000010	0.000010	0.000014	0.000010	0.000010	0.000010	0.000010	0.999866	0.000010	0.000010	0.000010	0.000010	0.000010	LD_0.9_14_1830
QG2648	0.000010	0.000010	0.000013	0.000010	0.000010	0.000010	0.000018	0.000010	0.999860	0.000010	0.000010	0.000010	0.000010	0.000010	LD_0.9_14_1830
QG2659	0.000010	0.000019	0.000010	0.000011	0.000010	0.000010	0.000010	0.000010	0.999853	0.000010	0.000018	0.000010	0.000010	0.000010	LD_0.9_14_1830
QG2663	0.000010	0.000010	0.000010	0.000010	0.000010	0.000010	0.000010	0.000010	0.999870	0.000010	0.000010	0.000010	0.000010	0.000010	LD_0.9_14_1830
QG2665	0.000010	0.000010	0.000015	0.000011	0.000018	0.000013	0.000018	0.000010	0.999844	0.000010	0.000010	0.000010	0.000011	0.000010	LD_0.9_14_1830
QG2683	0.000010	0.000010	0.000010	0.000010	0.000010	0.000010	0.000010	0.000010	0.999870	0.000010	0.000010	0.000010	0.000010	0.000010	LD_0.9_14_1830
QG2736	0.000010	0.000010	0.000010	0.000010	0.000010	0.000010	0.000010	0.000010	0.999870	0.000010	0.000010	0.000010	0.000010	0.000010	LD_0.9_14_1830
QG2814	0.000010	0.000010	0.000010	0.000010	0.000010	0.999870	0.000010	0.000010	0.000010	0.000010	0.000010	0.000010	0.000010	0.000010	LD_0.9_14_1830
QG2820	0.000010	0.000010	0.000010	0.000010	0.017059	0.972193	0.000010	0.000010	0.010638	0.000010	0.000010	0.000010	0.000010	0.000010	LD_0.9_14_1830
QG2848	0.000010	0.000010	0.000010	0.000010	0.000010	0.999870	0.000010	0.000010	0.000010	0.000010	0.000010	0.000010	0.000010	0.000010	LD_0.9_14_1830
QG2849	0.000010	0.000010	0.000011	0.000010	0.000010	0.999868	0.000011	0.000010	0.000010	0.000010	0.000010	0.000010	0.000010	0.000010	LD_0.9_14_1830
QG2880	0.000010	0.000010	0.000018	0.000011	0.000010	0.000010	0.999861	0.000010	0.000010	0.000010	0.000010	0.000010	0.000010	0.000010	LD_0.9_14_1830
QG2881	0.000010	0.000010	0.000010	0.000010	0.000010	0.999870	0.000010	0.000010	0.000010	0.000010	0.000010	0.000010	0.000010	0.000010	LD_0.9_14_1830
QG2883	0.000010	0.000010	0.000010	0.000010	0.000016	0.999864	0.000010	0.000010	0.000010	0.000010	0.000010	0.000010	0.000010	0.000010	LD_0.9_14_1830
QG2884	0.000010	0.000010	0.000010	0.000010	0.000010	0.000010	0.999870	0.000010	0.000010	0.000010	0.000010	0.000010	0.000010	0.000010	LD_0.9_14_1830
QG2891	0.000010	0.000010	0.000010	0.000010	0.000010	0.000010	0.000010	0.000010	0.000010	0.000010	0.000010	0.000010	0.999870	0.000010	LD_0.9_14_1830
QG2892	0.000010	0.000010	0.000010	0.000010	0.000014	0.000017	0.999856	0.000010	0.000012	0.000010	0.000010	0.000010	0.000010	0.000010	LD_0.9_14_1830
QG2893	0.000012	0.000010	0.000018	0.000010	0.000010	0.000010	0.000010	0.000010	0.000010	0.000010	0.000010	0.000010	0.861231	0.138639	LD_0.9_14_1830
QG2895	0.000010	0.000010	0.000010	0.000010	0.000010	0.000010	0.999870	0.000010	0.000010	0.000010	0.000010	0.000010	0.000010	0.000010	LD_0.9_14_1830
QG2902	0.000010	0.000010	0.000010	0.000019	0.000010	0.000010	0.999861	0.000010	0.000010	0.000010	0.000010	0.000010	0.000010	0.000010	LD_0.9_14_1830
QG2903	0.000010	0.000010	0.000017	0.000010	0.000010	0.000010	0.999854	0.000012	0.000010	0.000017	0.000010	0.000010	0.000010	0.000010	LD_0.9_14_1830
QG2906	0.000010	0.000010	0.000010	0.000010	0.000010	0.000010	0.999870	0.000010	0.000010	0.000010	0.000010	0.000010	0.000010	0.000010	LD_0.9_14_1830
QG2908	0.000012	0.000010	0.000015	0.000010	0.000010	0.000010	0.000010	0.000010	0.000010	0.000010	0.000010	0.000010	0.860863	0.139010	LD_0.9_14_1830
QG2910	0.000010	0.000010	0.000010	0.000010	0.000010	0.935619	0.000010	0.000010	0.000010	0.000010	0.064261	0.000010	0.000010	0.000010	LD_0.9_14_1830
QG2919	0.000010	0.000010	0.000010	0.000010	0.000010	0.000010	0.000010	0.000010	0.000010	0.000010	0.000010	0.000010	0.999870	0.000010	LD_0.9_14_1830
QG2923	0.000010	0.000010	0.000010	0.000010	0.000010	0.000010	0.999870	0.000010	0.000010	0.000010	0.000010	0.000010	0.000010	0.000010	LD_0.9_14_1830
QG2925	0.000010	0.000010	0.000015	0.000010	0.000010	0.000010	0.999865	0.000010	0.000010	0.000010	0.000010	0.000010	0.000010	0.000010	LD_0.9_14_1830
QG2964	0.000010	0.000010	0.000010	0.000010	0.000010	0.000010	0.000010	0.000010	0.999870	0.000010	0.000010	0.000010	0.000010	0.000010	LD_0.9_14_1830
QG2966	0.000010	0.075484	0.000010	0.000010	0.013986	0.241380	0.000010	0.000010	0.601081	0.000010	0.067980	0.000010	0.000010	0.000010	LD_0.9_14_1830
QG2969	0.000010	0.000010	0.000010	0.000010	0.000010	0.000010	0.000010	0.000010	0.999870	0.000010	0.000010	0.000010	0.000010	0.000010	LD_0.9_14_1830
QG2972	0.000010	0.000010	0.000010	0.000010	0.000010	0.000010	0.000010	0.000010	0.999870	0.000010	0.000010	0.000010	0.000010	0.000010	LD_0.9_14_1830
QG2996	0.000010	0.000016	0.000013	0.000010	0.000010	0.000010	0.000010	0.000010	0.999861	0.000010	0.000010	0.000010	0.000010	0.000010	LD_0.9_14_1830
QG3004	0.000010	0.000010	0.000010	0.000010	0.000010	0.074088	0.000010	0.000010	0.748463	0.000010	0.177339	0.000010	0.000010	0.000010	LD_0.9_14_1830
QG3006	0.000010	0.000010	0.000014	0.000010	0.000010	0.000012	0.000010	0.000010	0.999864	0.000010	0.000010	0.000010	0.000010	0.000010	LD_0.9_14_1830
QG3019	0.000010	0.000010	0.000010	0.000010	0.000010	0.000010	0.000010	0.000010	0.812164	0.000010	0.187716	0.000010	0.000010	0.000010	LD_0.9_14_1830
QG3025	0.000016	0.000018	0.000015	0.000016	0.000017	0.000010	0.000015	0.000010	0.999833	0.000010	0.000010	0.000010	0.000010	0.000010	LD_0.9_14_1830
QG3030	0.000010	0.000010	0.000010	0.000010	0.000010	0.000010	0.000010	0.000010	0.999870	0.000010	0.000010	0.000010	0.000010	0.000010	LD_0.9_14_1830
QG3032	0.000010	0.000010	0.000010	0.000010	0.000010	0.000010	0.000010	0.000010	0.702054	0.000010	0.297826	0.000010	0.000010	0.000010	LD_0.9_14_1830
QG3034	0.000010	0.000010	0.000010	0.000010	0.000010	0.000010	0.000010	0.000010	0.999870	0.000010	0.000010	0.000010	0.000010	0.000010	LD_0.9_14_1830
QG3041	0.000010	0.000010	0.000010	0.000011	0.000010	0.000011	0.000010	0.000010	0.999868	0.000010	0.000010	0.000010	0.000010	0.000010	LD_0.9_14_1830
QG3053	0.000010	0.753442	0.000010	0.000010	0.000010	0.246438	0.000010	0.000010	0.000010	0.000010	0.000010	0.000010	0.000010	0.000010	LD_0.9_14_1830
QG3056	0.000010	0.085096	0.000010	0.000010	0.004529	0.239063	0.000010	0.000010	0.591900	0.000010	0.079321	0.000010	0.000010	0.000010	LD_0.9_14_1830
QG3057	0.000010	0.000010	0.000010	0.000010	0.000010	0.000010	0.000010	0.000010	0.999865	0.000010	0.000010	0.000010	0.000015	0.000010	LD_0.9_14_1830
QG3058	0.000010	0.000016	0.000010	0.000010	0.000010	0.000010	0.000017	0.000010	0.899541	0.000010	0.100326	0.000010	0.000010	0.000010	LD_0.9_14_1830
QG3527	0.000010	0.825519	0.000010	0.000010	0.000010	0.000010	0.000010	0.000010	0.107774	0.000010	0.066597	0.000010	0.000010	0.000010	LD_0.9_14_1830
QG3661	0.999861	0.000010	0.000019	0.000010	0.000010	0.000010	0.000010	0.000010	0.000010	0.000010	0.000010	0.000010	0.000010	0.000010	LD_0.9_14_1830
QG3783	0.000010	0.999870	0.000010	0.000010	0.000010	0.000010	0.000010	0.000010	0.000010	0.000010	0.000010	0.000010	0.000010	0.000010	LD_0.9_14_1830
QG3801	0.000010	0.086089	0.000010	0.000010	0.000010	0.000010	0.000010	0.000010	0.867062	0.000010	0.046738	0.000010	0.000010	0.000010	LD_0.9_14_1830
QG3815	0.000010	0.999870	0.000010	0.000010	0.000010	0.000010	0.000010	0.000010	0.000010	0.000010	0.000010	0.000010	0.000010	0.000010	LD_0.9_14_1830
QG3816	0.000010	0.999870	0.000010	0.000010	0.000010	0.000010	0.000010	0.000010	0.000010	0.000010	0.000010	0.000010	0.000010	0.000010	LD_0.9_14_1830
QG3823	0.000010	0.051498	0.000010	0.000010	0.000019	0.000010	0.005246	0.000010	0.861529	0.000010	0.081618	0.000010	0.000010	0.000010	LD_0.9_14_1830
QG3825	0.000010	0.999870	0.000010	0.000010	0.000010	0.000010	0.000010	0.000010	0.000010	0.000010	0.000010	0.000010	0.000010	0.000010	LD_0.9_14_1830
QG3826	0.000010	0.999870	0.000010	0.000010	0.000010	0.000010	0.000010	0.000010	0.000010	0.000010	0.000010	0.000010	0.000010	0.000010	LD_0.9_14_1830
QG3837	0.000010	0.999870	0.000010	0.000010	0.000010	0.000010	0.000010	0.000010	0.000010	0.000010	0.000010	0.000010	0.000010	0.000010	LD_0.9_14_1830
QG3851	0.000010	0.999864	0.000010	0.000010	0.000010	0.000010	0.000010	0.000010	0.000010	0.000010	0.000016	0.000010	0.000010	0.000010	LD_0.9_14_1830
QG3861	0.000013	0.999867	0.000010	0.000010	0.000010	0.000010	0.000010	0.000010	0.000010	0.000010	0.000010	0.000010	0.000010	0.000010	LD_0.9_14_1830
QG3867	0.000010	0.087206	0.000010	0.000010	0.000010	0.000011	0.000010	0.000010	0.849685	0.000010	0.062999	0.000010	0.000010	0.000010	LD_0.9_14_1830
QG3874	0.000010	0.901317	0.000010	0.000010	0.098563	0.000010	0.000010	0.000010	0.000010	0.000010	0.000010	0.000010	0.000010	0.000010	LD_0.9_14_1830
QG3875	0.000010	0.916446	0.000010	0.000010	0.083434	0.000010	0.000010	0.000010	0.000010	0.000010	0.000010	0.000010	0.000010	0.000010	LD_0.9_14_1830
QG3876	0.000010	0.999870	0.000010	0.000010	0.000010	0.000010	0.000010	0.000010	0.000010	0.000010	0.000010	0.000010	0.000010	0.000010	LD_0.9_14_1830
QG3878	0.000010	0.999870	0.000010	0.000010	0.000010	0.000010	0.000010	0.000010	0.000010	0.000010	0.000010	0.000010	0.000010	0.000010	LD_0.9_14_1830
QG3920	0.000010	0.000010	0.000010	0.000010	0.732887	0.000010	0.000010	0.000010	0.067783	0.000010	0.199220	0.000010	0.000010	0.000010	LD_0.9_14_1830
QG3921	0.000011	0.000010	0.000010	0.000010	0.755664	0.000010	0.000010	0.000010	0.059632	0.000010	0.184593	0.000010	0.000010	0.000010	LD_0.9_14_1830
QG3923	0.000010	0.000010	0.000010	0.000010	0.872263	0.000010	0.000010	0.000010	0.000010	0.000010	0.127617	0.000010	0.000010	0.000010	LD_0.9_14_1830
QG3924	0.000010	0.000019	0.000010	0.000010	0.076029	0.264251	0.000010	0.000010	0.019331	0.000010	0.640280	0.000010	0.000010	0.000010	LD_0.9_14_1830
QG3925	0.000010	0.000010	0.000010	0.000010	0.706677	0.000010	0.000016	0.000010	0.000010	0.000010	0.293197	0.000010	0.000010	0.000010	LD_0.9_14_1830
QG3926	0.000010	0.000010	0.000010	0.000010	0.722399	0.000010	0.000010	0.000010	0.000010	0.000010	0.277481	0.000010	0.000010	0.000010	LD_0.9_14_1830
QG3927	0.000010	0.000010	0.000010	0.000010	0.772439	0.000010	0.000010	0.000010	0.000010	0.000010	0.227441	0.000010	0.000010	0.000010	LD_0.9_14_1830
QG3931	0.000010	0.000010	0.000010	0.000010	0.271827	0.076620	0.000011	0.000010	0.000010	0.000010	0.651442	0.000010	0.000010	0.000010	LD_0.9_14_1830
QG3932	0.000010	0.000010	0.000010	0.000010	0.395076	0.219775	0.000010	0.000010	0.000010	0.000010	0.385040	0.000010	0.000010	0.000010	LD_0.9_14_1830
QG3933	0.000010	0.000010	0.000010	0.000010	0.870078	0.129801	0.000010	0.000010	0.000011	0.000010	0.000010	0.000010	0.000010	0.000010	LD_0.9_14_1830
QG4026	0.000010	0.000010	0.000010	0.000010	0.000010	0.000010	0.000010	0.000010	0.000010	0.000010	0.000010	0.000010	0.999870	0.000010	LD_0.9_14_1830
QG4028	0.000010	0.000010	0.000010	0.000010	0.000010	0.000010	0.000010	0.000010	0.000010	0.000010	0.000010	0.000010	0.999870	0.000010	LD_0.9_14_1830
QG4031	0.000010	0.000010	0.000010	0.000013	0.000010	0.000010	0.000010	0.000010	0.000010	0.000010	0.000010	0.000010	0.999867	0.000010	LD_0.9_14_1830
QG4063	0.000010	0.000010	0.000010	0.000010	0.000010	0.000010	0.000010	0.000010	0.000010	0.000010	0.000010	0.000010	0.999870	0.000010	LD_0.9_14_1830
QG4064	0.000010	0.000010	0.000019	0.000010	0.000010	0.000010	0.000010	0.000010	0.000010	0.000010	0.000010	0.000010	0.999861	0.000010	LD_0.9_14_1830
QG4067	0.000010	0.000010	0.000010	0.000010	0.000010	0.000010	0.000010	0.000010	0.000010	0.000010	0.000010	0.000010	0.999870	0.000010	LD_0.9_14_1830
QG4068	0.000010	0.000010	0.000010	0.000010	0.000010	0.000010	0.000010	0.000010	0.000010	0.000010	0.000010	0.000010	0.999870	0.000010	LD_0.9_14_1830
QG4070	0.000010	0.000020	0.000010	0.000010	0.219208	0.780662	0.000010	0.000010	0.000010	0.000010	0.000010	0.000010	0.000010	0.000010	LD_0.9_14_1830
QG4093	0.000010	0.000010	0.000010	0.000010	0.000010	0.000010	0.000010	0.000010	0.000010	0.000010	0.000010	0.000010	0.933393	0.066487	LD_0.9_14_1830
QG4094	0.000010	0.000010	0.000010	0.000010	0.000010	0.000010	0.000010	0.000010	0.000010	0.000010	0.000010	0.000010	0.999870	0.000010	LD_0.9_14_1830
QG4095	0.000010	0.000010	0.000010	0.000010	0.000010	0.000010	0.000010	0.000010	0.000010	0.000010	0.000010	0.000010	0.999870	0.000010	LD_0.9_14_1830
QG4096	0.000010	0.000010	0.000010	0.000010	0.000010	0.000010	0.000010	0.000010	0.000010	0.000010	0.000010	0.000010	0.999870	0.000010	LD_0.9_14_1830
QG4097	0.000010	0.000010	0.000010	0.000010	0.000010	0.000010	0.000010	0.000010	0.000010	0.000010	0.000010	0.000010	0.999870	0.000010	LD_0.9_14_1830
QG4104	0.000010	0.000010	0.000010	0.000010	0.000010	0.000010	0.000010	0.000010	0.000010	0.000010	0.000010	0.000010	0.999870	0.000010	LD_0.9_14_1830
QG4114	0.000010	0.000010	0.000010	0.000010	0.000010	0.000010	0.000010	0.000010	0.000010	0.000010	0.000010	0.000010	0.999870	0.000010	LD_0.9_14_1830
QG4131	0.000010	0.000010	0.000010	0.000010	0.000011	0.000017	0.000010	0.000010	0.000010	0.000010	0.000010	0.000010	0.999862	0.000010	LD_0.9_14_1830
QG4132	0.000015	0.000010	0.000010	0.000010	0.000010	0.000010	0.000010	0.000010	0.000010	0.000010	0.000010	0.000010	0.999865	0.000010	LD_0.9_14_1830
QG4208	0.000010	0.000010	0.000011	0.000010	0.000010	0.000010	0.000010	0.000010	0.000010	0.000010	0.000010	0.000010	0.909196	0.090683	LD_0.9_14_1830
QG4214	0.000010	0.000010	0.000010	0.000010	0.000010	0.000010	0.000010	0.000010	0.000010	0.000010	0.000010	0.000010	0.999870	0.000010	LD_0.9_14_1830
QG4225	0.000010	0.000010	0.000010	0.000010	0.000010	0.000010	0.000010	0.000010	0.000010	0.000010	0.000010	0.000010	0.999870	0.000010	LD_0.9_14_1830
QG4232	0.000010	0.000010	0.000010	0.000010	0.000010	0.000010	0.000010	0.000010	0.000010	0.000010	0.000010	0.000010	0.999870	0.000010	LD_0.9_14_1830
QG4233	0.000010	0.000010	0.000010	0.000010	0.000010	0.000010	0.000010	0.000010	0.000010	0.000010	0.000010	0.000010	0.999870	0.000010	LD_0.9_14_1830
QG4647	0.000010	0.000010	0.000010	0.000010	0.000010	0.000011	0.999868	0.000010	0.000010	0.000010	0.000010	0.000010	0.000010	0.000010	LD_0.9_14_1830
QG4648	0.000010	0.000010	0.000010	0.000010	0.000010	0.999870	0.000010	0.000010	0.000010	0.000010	0.000010	0.000010	0.000010	0.000010	LD_0.9_14_1830
QG4683	0.000010	0.000010	0.000010	0.000010	0.108445	0.891435	0.000010	0.000010	0.000010	0.000010	0.000010	0.000010	0.000010	0.000010	LD_0.9_14_1830
QG4701	0.000010	0.000010	0.000010	0.000010	0.000010	0.442696	0.557184	0.000010	0.000010	0.000010	0.000010	0.000010	0.000010	0.000010	LD_0.9_14_1830
QG4706	0.000010	0.000010	0.000010	0.000010	0.000010	0.999136	0.000010	0.000010	0.000744	0.000010	0.000010	0.000010	0.000010	0.000010	LD_0.9_14_1830
QG4718	0.000010	0.000010	0.000010	0.000010	0.000010	0.999870	0.000010	0.000010	0.000010	0.000010	0.000010	0.000010	0.000010	0.000010	LD_0.9_14_1830
QG4742	0.000010	0.000010	0.000010	0.000010	0.085398	0.894325	0.020167	0.000010	0.000010	0.000010	0.000010	0.000010	0.000010	0.000010	LD_0.9_14_1830
QG4805	0.000010	0.000016	0.000010	0.000010	0.000010	0.000011	0.999862	0.000010	0.000010	0.000010	0.000010	0.000010	0.000010	0.000010	LD_0.9_14_1830
QG4847	0.000010	0.000010	0.000010	0.000010	0.000010	0.999860	0.000013	0.000011	0.000010	0.000010	0.000016	0.000010	0.000010	0.000010	LD_0.9_14_1830
QG4966	0.000010	0.000010	0.000010	0.000010	0.000010	0.999870	0.000010	0.000010	0.000010	0.000010	0.000010	0.000010	0.000010	0.000010	LD_0.9_14_1830
QG5348	0.000012	0.000010	0.000010	0.000012	0.000013	0.999859	0.000010	0.000010	0.000010	0.000015	0.000010	0.000010	0.000010	0.000010	LD_0.9_14_1830
QG5406	0.000010	0.000010	0.000010	0.000010	0.091145	0.908735	0.000010	0.000010	0.000010	0.000010	0.000010	0.000010	0.000010	0.000010	LD_0.9_14_1830
QG547	0.999870	0.000010	0.000010	0.000010	0.000010	0.000010	0.000010	0.000010	0.000010	0.000010	0.000010	0.000010	0.000010	0.000010	LD_0.9_14_1830
QG5474	0.000010	0.000010	0.000010	0.000010	0.000010	0.352456	0.647424	0.000010	0.000010	0.000010	0.000010	0.000010	0.000010	0.000010	LD_0.9_14_1830
QG5488	0.000010	0.000010	0.000010	0.000010	0.000010	0.999870	0.000010	0.000010	0.000010	0.000010	0.000010	0.000010	0.000010	0.000010	LD_0.9_14_1830
QG550	0.000010	0.999867	0.000010	0.000013	0.000010	0.000010	0.000010	0.000010	0.000010	0.000010	0.000010	0.000010	0.000010	0.000010	LD_0.9_14_1830
QG5507	0.000010	0.000010	0.000010	0.000010	0.000010	0.803162	0.196718	0.000010	0.000010	0.000010	0.000010	0.000010	0.000010	0.000010	LD_0.9_14_1830
QG5525	0.000010	0.030280	0.000010	0.000010	0.065156	0.904450	0.000010	0.000010	0.000011	0.000010	0.000013	0.000010	0.000010	0.000010	LD_0.9_14_1830
QG5589	0.000010	0.000010	0.000010	0.000010	0.005849	0.156892	0.837149	0.000010	0.000010	0.000010	0.000010	0.000010	0.000010	0.000010	LD_0.9_14_1830
QG5603	0.000010	0.000010	0.000010	0.000010	0.000755	0.337012	0.662123	0.000010	0.000010	0.000010	0.000010	0.000010	0.000010	0.000010	LD_0.9_14_1830
QG5611	0.000010	0.000010	0.000010	0.000010	0.000010	0.970268	0.000010	0.000010	0.000010	0.000010	0.029612	0.000010	0.000010	0.000010	LD_0.9_14_1830
QG5612	0.000010	0.000014	0.000010	0.000010	0.321663	0.592457	0.000010	0.000010	0.000010	0.000010	0.085766	0.000010	0.000010	0.000010	LD_0.9_14_1830
QG5633	0.000010	0.000010	0.000010	0.000010	0.000010	0.992743	0.000010	0.000010	0.000010	0.000010	0.007137	0.000010	0.000010	0.000010	LD_0.9_14_1830
QG581	0.999868	0.000010	0.000010	0.000011	0.000010	0.000010	0.000010	0.000010	0.000011	0.000010	0.000010	0.000010	0.000010	0.000010	LD_0.9_14_1830
QG588	0.999867	0.000010	0.000010	0.000010	0.000010	0.000011	0.000010	0.000012	0.000010	0.000010	0.000010	0.000010	0.000010	0.000010	LD_0.9_14_1830
QG700	0.000013	0.000010	0.000016	0.000010	0.000010	0.000010	0.000010	0.000010	0.728443	0.000010	0.271428	0.000010	0.000010	0.000010	LD_0.9_14_1830
QG727	0.000010	0.000010	0.000010	0.000010	0.000010	0.000010	0.000010	0.000010	0.999870	0.000010	0.000010	0.000010	0.000010	0.000010	LD_0.9_14_1830
QG733	0.000010	0.000010	0.000010	0.000010	0.000010	0.000014	0.000010	0.000010	0.999866	0.000010	0.000010	0.000010	0.000010	0.000010	LD_0.9_14_1830
QG736	0.000010	0.000010	0.000010	0.000010	0.000010	0.000010	0.000010	0.000010	0.998663	0.000010	0.001217	0.000010	0.000010	0.000010	LD_0.9_14_1830
QG737	0.000010	0.000010	0.000010	0.000010	0.000010	0.000019	0.000010	0.000010	0.999861	0.000010	0.000010	0.000010	0.000010	0.000010	LD_0.9_14_1830
QG739	0.000010	0.000010	0.000010	0.000010	0.000010	0.000010	0.000010	0.000010	0.999870	0.000010	0.000010	0.000010	0.000010	0.000010	LD_0.9_14_1830
QG761	0.000010	0.000012	0.000010	0.000010	0.000010	0.000010	0.000010	0.000010	0.543171	0.000010	0.456706	0.000010	0.000010	0.000010	LD_0.9_14_1830
QG763	0.000010	0.000010	0.000010	0.000010	0.000010	0.000010	0.000018	0.000010	0.915737	0.000010	0.084135	0.000010	0.000010	0.000010	LD_0.9_14_1830
QG776	0.000010	0.000010	0.000010	0.000010	0.015608	0.000010	0.000010	0.000010	0.984271	0.000010	0.000010	0.000010	0.000010	0.000010	LD_0.9_14_1830
QG781	0.000010	0.000010	0.000010	0.000010	0.000010	0.000010	0.000010	0.000010	0.999870	0.000010	0.000010	0.000010	0.000010	0.000010	LD_0.9_14_1830
QG784	0.000010	0.000010	0.000010	0.000010	0.000010	0.000010	0.000013	0.000010	0.999866	0.000010	0.000011	0.000010	0.000010	0.000010	LD_0.9_14_1830
QG786	0.000010	0.000010	0.000012	0.000010	0.000010	0.000010	0.000013	0.000010	0.999865	0.000010	0.000010	0.000010	0.000010	0.000010	LD_0.9_14_1830
QG788	0.000010	0.000010	0.000010	0.000010	0.000010	0.000010	0.000010	0.000010	0.999870	0.000010	0.000010	0.000010	0.000010	0.000010	LD_0.9_14_1830
QG790	0.000017	0.000019	0.000011	0.000010	0.000010	0.000018	0.000010	0.000010	0.999845	0.000010	0.000010	0.000010	0.000010	0.000010	LD_0.9_14_1830
QG791	0.000010	0.000010	0.000010	0.000010	0.000010	0.062839	0.000010	0.000010	0.937041	0.000010	0.000010	0.000010	0.000010	0.000010	LD_0.9_14_1830
QG795	0.000010	0.000010	0.000010	0.000014	0.000012	0.000010	0.000010	0.000010	0.572498	0.000010	0.427376	0.000010	0.000010	0.000010	LD_0.9_14_1830
QG797	0.000010	0.000010	0.000014	0.000017	0.000010	0.000010	0.000011	0.000010	0.999858	0.000010	0.000010	0.000010	0.000010	0.000010	LD_0.9_14_1830
QG802	0.000010	0.000010	0.000010	0.000010	0.000010	0.000010	0.000010	0.000010	0.999870	0.000010	0.000010	0.000010	0.000010	0.000010	LD_0.9_14_1830
QG804	0.000010	0.000010	0.000010	0.000010	0.000010	0.000010	0.000010	0.000010	0.999870	0.000010	0.000010	0.000010	0.000010	0.000010	LD_0.9_14_1830
QG806	0.000010	0.000010	0.000010	0.000010	0.000010	0.000010	0.000010	0.000010	0.999870	0.000010	0.000010	0.000010	0.000010	0.000010	LD_0.9_14_1830
QG807	0.000010	0.000010	0.000010	0.000010	0.000010	0.000010	0.000010	0.000010	0.999870	0.000010	0.000010	0.000010	0.000010	0.000010	LD_0.9_14_1830
QG808	0.000010	0.000010	0.000010	0.000010	0.000010	0.045234	0.000010	0.000010	0.954646	0.000010	0.000010	0.000010	0.000010	0.000010	LD_0.9_14_1830
QG809	0.000010	0.000010	0.000019	0.000010	0.000012	0.000010	0.000010	0.000010	0.999858	0.000010	0.000010	0.000011	0.000010	0.000010	LD_0.9_14_1830
QG825	0.000010	0.000010	0.000010	0.000010	0.000010	0.000012	0.000010	0.000010	0.999868	0.000010	0.000010	0.000010	0.000010	0.000010	LD_0.9_14_1830
QG827	0.000010	0.000010	0.000010	0.000010	0.000010	0.000010	0.000010	0.000010	0.999870	0.000010	0.000010	0.000010	0.000010	0.000010	LD_0.9_14_1830
QG828	0.000010	0.000010	0.000010	0.000010	0.000010	0.000010	0.000014	0.000010	0.999866	0.000010	0.000010	0.000010	0.000010	0.000010	LD_0.9_14_1830
QG833	0.000010	0.000010	0.000010	0.000010	0.000010	0.027531	0.000010	0.000010	0.972349	0.000010	0.000010	0.000010	0.000010	0.000010	LD_0.9_14_1830
QG855	0.000010	0.000010	0.000010	0.000010	0.000010	0.033743	0.000010	0.000010	0.966137	0.000010	0.000010	0.000010	0.000010	0.000010	LD_0.9_14_1830
QG856	0.000010	0.000010	0.000010	0.000010	0.000010	0.000010	0.000010	0.000010	0.999870	0.000010	0.000010	0.000010	0.000010	0.000010	LD_0.9_14_1830
QG858	0.000010	0.000010	0.000010	0.000010	0.000010	0.000010	0.000010	0.000010	0.999870	0.000010	0.000010	0.000010	0.000010	0.000010	LD_0.9_14_1830
QG860	0.000010	0.000010	0.000010	0.000010	0.000010	0.000010	0.000010	0.000010	0.676051	0.000010	0.323829	0.000010	0.000010	0.000010	LD_0.9_14_1830
QG864	0.000012	0.000010	0.000019	0.000019	0.000010	0.000010	0.000018	0.000010	0.999842	0.000010	0.000010	0.000010	0.000010	0.000010	LD_0.9_14_1830
QG865	0.000010	0.000010	0.000010	0.000010	0.000010	0.000010	0.000010	0.000010	0.999870	0.000010	0.000010	0.000010	0.000010	0.000010	LD_0.9_14_1830
QG866	0.000010	0.000010	0.000010	0.000010	0.000010	0.000010	0.000010	0.000010	0.999870	0.000010	0.000010	0.000010	0.000010	0.000010	LD_0.9_14_1830
QG868	0.000010	0.000010	0.000010	0.000010	0.000010	0.000015	0.000010	0.000010	0.905149	0.000010	0.094726	0.000010	0.000010	0.000010	LD_0.9_14_1830
QG874	0.000010	0.000010	0.000010	0.000010	0.000010	0.000010	0.000010	0.000010	0.999870	0.000010	0.000010	0.000010	0.000010	0.000010	LD_0.9_14_1830
QG875	0.000013	0.000010	0.000016	0.000010	0.000010	0.000010	0.000010	0.000010	0.999860	0.000011	0.000010	0.000010	0.000010	0.000010	LD_0.9_14_1830
QG878	0.000010	0.000010	0.000010	0.000010	0.000010	0.000010	0.000010	0.000010	0.999870	0.000010	0.000010	0.000010	0.000010	0.000010	LD_0.9_14_1830
QG879	0.000010	0.000019	0.000010	0.000010	0.000010	0.000010	0.000010	0.000010	0.999861	0.000010	0.000010	0.000010	0.000010	0.000010	LD_0.9_14_1830
QG880	0.000010	0.000010	0.000010	0.000010	0.000010	0.000010	0.000010	0.000010	0.999611	0.000010	0.000269	0.000010	0.000010	0.000010	LD_0.9_14_1830
QG881	0.000010	0.000010	0.000010	0.000010	0.000010	0.000010	0.000010	0.000010	0.599008	0.000010	0.400872	0.000010	0.000010	0.000010	LD_0.9_14_1830
QG887	0.000010	0.000010	0.000010	0.000010	0.000010	0.000010	0.000010	0.000010	0.999870	0.000010	0.000010	0.000010	0.000010	0.000010	LD_0.9_14_1830
QG888	0.000010	0.000010	0.000017	0.000019	0.000010	0.000010	0.000012	0.000010	0.999852	0.000010	0.000010	0.000010	0.000010	0.000010	LD_0.9_14_1830
QG926	0.000010	0.000010	0.000010	0.000010	0.000010	0.000010	0.000010	0.000010	0.999870	0.000010	0.000010	0.000010	0.000010	0.000010	LD_0.9_14_1830
QG927	0.000010	0.000010	0.000010	0.000010	0.000010	0.920147	0.000010	0.000010	0.079733	0.000010	0.000010	0.000010	0.000010	0.000010	LD_0.9_14_1830
QG933	0.000015	0.000018	0.000018	0.000018	0.000016	0.000010	0.000013	0.000010	0.999833	0.000010	0.000010	0.000010	0.000010	0.000010	LD_0.9_14_1830
QG937	0.000010	0.000010	0.000010	0.000010	0.000010	0.000010	0.000010	0.000010	0.999870	0.000010	0.000010	0.000010	0.000010	0.000010	LD_0.9_14_1830
QG945	0.000010	0.000011	0.000014	0.000010	0.000010	0.000010	0.000011	0.000010	0.999864	0.000010	0.000010	0.000010	0.000010	0.000010	LD_0.9_14_1830
QG946	0.000010	0.000010	0.000010	0.000017	0.000010	0.000010	0.000010	0.000010	0.999858	0.000010	0.000015	0.000010	0.000010	0.000010	LD_0.9_14_1830
QG947	0.000010	0.000010	0.000011	0.000010	0.000010	0.000010	0.000010	0.000010	0.999869	0.000010	0.000010	0.000010	0.000010	0.000010	LD_0.9_14_1830
QG948	0.000010	0.000010	0.000010	0.000010	0.000010	0.033586	0.000010	0.000010	0.966294	0.000010	0.000010	0.000010	0.000010	0.000010	LD_0.9_14_1830
QG952	0.000010	0.000010	0.000010	0.000010	0.082490	0.000010	0.000010	0.000010	0.917390	0.000010	0.000010	0.000010	0.000010	0.000010	LD_0.9_14_1830
QG978	0.000010	0.000010	0.000010	0.000010	0.000010	0.018884	0.000010	0.000010	0.853321	0.000010	0.127685	0.000010	0.000010	0.000010	LD_0.9_14_1830
QG980	0.000010	0.000010	0.000010	0.000010	0.000010	0.000010	0.000010	0.000010	0.999870	0.000010	0.000010	0.000010	0.000010	0.000010	LD_0.9_14_1830
QG986	0.000010	0.000010	0.000010	0.000010	0.000010	0.056313	0.000010	0.000010	0.943567	0.000010	0.000010	0.000010	0.000010	0.000010	LD_0.9_14_1830
QG991	0.000010	0.000010	0.000010	0.000010	0.000010	0.000010	0.000010	0.000010	0.999870	0.000010	0.000010	0.000010	0.000010	0.000010	LD_0.9_14_1830
QG994	0.000010	0.000016	0.000017	0.000017	0.000010	0.000010	0.000013	0.000010	0.999847	0.000010	0.000010	0.000010	0.000010	0.000010	LD_0.9_14_1830
QG995	0.000010	0.000010	0.000010	0.000010	0.000010	0.000010	0.000010	0.000010	0.999870	0.000010	0.000010	0.000010	0.000010	0.000010	LD_0.9_14_1830
QG997	0.000010	0.000010	0.000013	0.000010	0.000010	0.000010	0.000010	0.000010	0.949423	0.000010	0.050455	0.000010	0.000010	0.000010	LD_0.9_14_1830
QG998	0.000010	0.000014	0.000010	0.000010	0.000010	0.000010	0.000016	0.000010	0.999857	0.000010	0.000010	0.000010	0.000012	0.000010	LD_0.9_14_1830
QR25	0.229160	0.000010	0.764652	0.000010	0.000010	0.006078	0.000010	0.000010	0.000010	0.000010	0.000010	0.000010	0.000010	0.000010	LD_0.9_14_1830
QX1410	0.000010	0.000010	0.000010	0.000010	0.999870	0.000010	0.000010	0.000010	0.000010	0.000010	0.000010	0.000010	0.000010	0.000010	LD_0.9_14_1830
QX1547	0.999867	0.000010	0.000010	0.000010	0.000010	0.000010	0.000010	0.000010	0.000011	0.000011	0.000011	0.000010	0.000010	0.000010	LD_0.9_14_1830
QX1795	0.000010	0.014037	0.000010	0.000010	0.072461	0.831370	0.000010	0.000010	0.000010	0.000010	0.082032	0.000010	0.000010	0.000010	LD_0.9_14_1830
QX1796	0.000010	0.000010	0.000010	0.000010	0.000010	0.999870	0.000010	0.000010	0.000010	0.000010	0.000010	0.000010	0.000010	0.000010	LD_0.9_14_1830
QX1798	0.000011	0.000010	0.000010	0.000010	0.000010	0.000010	0.000010	0.000010	0.000010	0.428276	0.000010	0.571603	0.000010	0.000010	LD_0.9_14_1830
QX1800	0.000010	0.000010	0.000010	0.000010	0.000010	0.999870	0.000010	0.000010	0.000010	0.000010	0.000010	0.000010	0.000010	0.000010	LD_0.9_14_1830
QX1801	0.000010	0.029022	0.000010	0.000010	0.000010	0.970858	0.000010	0.000010	0.000010	0.000010	0.000010	0.000010	0.000010	0.000010	LD_0.9_14_1830
QX1802	0.000010	0.000010	0.000010	0.000010	0.000010	0.999870	0.000010	0.000010	0.000010	0.000010	0.000010	0.000010	0.000010	0.000010	LD_0.9_14_1830
QX1803	0.000010	0.000010	0.000010	0.000010	0.000010	0.999870	0.000010	0.000010	0.000010	0.000010	0.000010	0.000010	0.000010	0.000010	LD_0.9_14_1830
QX1804	0.000010	0.000010	0.000010	0.000010	0.000010	0.999870	0.000010	0.000010	0.000010	0.000010	0.000010	0.000010	0.000010	0.000010	LD_0.9_14_1830
SOW18	0.999870	0.000010	0.000010	0.000010	0.000010	0.000010	0.000010	0.000010	0.000010	0.000010	0.000010	0.000010	0.000010	0.000010	LD_0.9_14_1830
SOW21	0.999870	0.000010	0.000010	0.000010	0.000010	0.000010	0.000010	0.000010	0.000010	0.000010	0.000010	0.000010	0.000010	0.000010	LD_0.9_14_1830
SOW22	0.999869	0.000010	0.000010	0.000010	0.000010	0.000011	0.000010	0.000010	0.000010	0.000010	0.000010	0.000010	0.000010	0.000010	LD_0.9_14_1830
TT3408	0.000010	0.000010	0.000010	0.000010	0.000010	0.999870	0.000010	0.000010	0.000010	0.000010	0.000010	0.000010	0.000010	0.000010	LD_0.9_14_1830
TT3411	0.000010	0.000019	0.000010	0.000014	0.000010	0.999858	0.000010	0.000010	0.000010	0.000010	0.000010	0.000010	0.000010	0.000010	LD_0.9_14_1830
TWN1772	0.000010	0.000010	0.000010	0.000010	0.000010	0.000010	0.000010	0.000010	0.000010	0.999870	0.000010	0.000010	0.000010	0.000010	LD_0.9_14_1830
TWN1824	0.000010	0.000010	0.000010	0.000010	0.000010	0.000010	0.000010	0.999870	0.000010	0.000010	0.000010	0.000010	0.000010	0.000010	LD_0.9_14_1830
TWN1899	0.000011	0.000010	0.000010	0.000011	0.000011	0.000010	0.000010	0.999867	0.000010	0.000010	0.000010	0.000010	0.000010	0.000010	LD_0.9_14_1830
TWN1907	0.000010	0.000010	0.000010	0.000010	0.000010	0.000010	0.000010	0.000010	0.000010	0.000010	0.000010	0.999870	0.000010	0.000010	LD_0.9_14_1830
TWN2919	0.000010	0.000010	0.000010	0.000010	0.000010	0.000010	0.000010	0.000010	0.000011	0.000015	0.000010	0.999863	0.000010	0.000010	LD_0.9_14_1830
TWN3077	0.000010	0.000010	0.000010	0.000010	0.000010	0.000010	0.000010	0.000010	0.000010	0.981871	0.000010	0.018009	0.000010	0.000010	LD_0.9_14_1830
UH1	0.000011	0.000010	0.000010	0.000010	0.000010	0.000010	0.000010	0.000010	0.000010	0.404705	0.000010	0.595174	0.000010	0.000010	LD_0.9_14_1830
VSL2201	0.000010	0.000015	0.000010	0.705194	0.284639	0.010051	0.000010	0.000010	0.000010	0.000010	0.000010	0.000010	0.000011	0.000010	LD_0.9_14_1830
VSL2207	0.000010	0.000010	0.000010	0.000010	0.000010	0.000010	0.000011	0.000013	0.000011	0.000010	0.000010	0.000010	0.000010	0.999865	LD_0.9_14_1830
VSL2209	0.000010	0.000010	0.000010	0.000011	0.000010	0.000011	0.000011	0.000010	0.000010	0.000010	0.000012	0.000010	0.000010	0.999865	LD_0.9_14_1830
VSL2210	0.000010	0.000010	0.000010	0.000010	0.999868	0.000010	0.000012	0.000010	0.000010	0.000010	0.000010	0.000010	0.000010	0.000010	LD_0.9_14_1830
VSL2212	0.000010	0.000010	0.000010	0.000010	0.999870	0.000010	0.000010	0.000010	0.000010	0.000010	0.000010	0.000010	0.000010	0.000010	LD_0.9_14_1830
VSL2213	0.000010	0.000010	0.000013	0.999857	0.000010	0.000010	0.000010	0.000010	0.000014	0.000010	0.000014	0.000011	0.000010	0.000010	LD_0.9_14_1830
VSL2215	0.000010	0.000015	0.000010	0.934599	0.065275	0.000010	0.000010	0.000010	0.000010	0.000010	0.000010	0.000010	0.000010	0.000010	LD_0.9_14_1830
VSL2216	0.000010	0.000010	0.000011	0.999855	0.000010	0.000010	0.000020	0.000010	0.000010	0.000014	0.000010	0.000010	0.000010	0.000010	LD_0.9_14_1830
VSL2217	0.000010	0.000010	0.000010	0.000010	0.000010	0.000010	0.999870	0.000010	0.000010	0.000010	0.000010	0.000010	0.000010	0.000010	LD_0.9_14_1830
VSL2219	0.000010	0.000010	0.000010	0.000010	0.598967	0.400913	0.000010	0.000010	0.000010	0.000010	0.000010	0.000010	0.000010	0.000010	LD_0.9_14_1830
VT847	0.000010	0.000010	0.000010	0.000010	0.323740	0.676140	0.000010	0.000010	0.000010	0.000010	0.000010	0.000010	0.000010	0.000010	LD_0.9_14_1830
VX34	0.106133	0.000010	0.893737	0.000010	0.000010	0.000010	0.000020	0.000010	0.000010	0.000010	0.000010	0.000010	0.000010	0.000010	LD_0.9_14_1830
XZ1204	0.000010	0.000010	0.000010	0.484779	0.466263	0.048848	0.000010	0.000010	0.000010	0.000010	0.000010	0.000010	0.000010	0.000010	LD_0.9_14_1830
XZ1205	0.000010	0.000010	0.000010	0.999870	0.000010	0.000010	0.000010	0.000010	0.000010	0.000010	0.000010	0.000010	0.000010	0.000010	LD_0.9_14_1830
XZ1206	0.000010	0.000010	0.000010	0.999870	0.000010	0.000010	0.000010	0.000010	0.000010	0.000010	0.000010	0.000010	0.000010	0.000010	LD_0.9_14_1830
XZ1207	0.000010	0.000010	0.000010	0.000013	0.764408	0.235469	0.000010	0.000010	0.000010	0.000010	0.000010	0.000010	0.000010	0.000010	LD_0.9_14_1830
XZ1210	0.000010	0.000010	0.000010	0.000010	0.914245	0.085635	0.000010	0.000010	0.000010	0.000010	0.000010	0.000010	0.000010	0.000010	LD_0.9_14_1830
XZ1212	0.000010	0.000010	0.000010	0.000010	0.751750	0.248130	0.000010	0.000010	0.000010	0.000010	0.000010	0.000010	0.000010	0.000010	LD_0.9_14_1830
XZ1213	0.000010	0.000010	0.000010	0.000010	0.999870	0.000010	0.000010	0.000010	0.000010	0.000010	0.000010	0.000010	0.000010	0.000010	LD_0.9_14_1830
XZ1731	0.000010	0.000010	0.000010	0.000010	0.802985	0.196895	0.000010	0.000010	0.000010	0.000010	0.000010	0.000010	0.000010	0.000010	LD_0.9_14_1830
XZ1732	0.000010	0.000010	0.000010	0.000010	0.999870	0.000010	0.000010	0.000010	0.000010	0.000010	0.000010	0.000010	0.000010	0.000010	LD_0.9_14_1830
ZZY0992	0.000010	0.000010	0.000010	0.000010	0.000010	0.000010	0.999869	0.000011	0.000010	0.000010	0.000010	0.000010	0.000010	0.000010	LD_0.9_14_1830
ZZY1034	0.000010	0.000010	0.000010	0.000010	0.000010	0.999870	0.000010	0.000010	0.000010	0.000010	0.000010	0.000010	0.000010	0.000010	LD_0.9_14_1830
ZZY1075	0.000010	0.000010	0.000010	0.000010	0.000010	0.999870	0.000010	0.000010	0.000010	0.000010	0.000010	0.000010	0.000010	0.000010	LD_0.9_14_1830
ZZY1123	0.000010	0.000010	0.000010	0.000010	0.000010	0.000013	0.999867	0.000010	0.000010	0.000010	0.000010	0.000010	0.000010	0.000010	LD_0.9_14_1830
ZZY1130	0.000010	0.000010	0.000010	0.000010	0.000010	0.999864	0.000010	0.000010	0.000010	0.000010	0.000016	0.000010	0.000010	0.000010	LD_0.9_14_1830
ZZY405	0.000010	0.000010	0.000010	0.000010	0.000010	0.999870	0.000010	0.000010	0.000010	0.000010	0.000010	0.000010	0.000010	0.000010	LD_0.9_14_1830
AF16	0.000010	0.000010	0.000010	0.000010	0.000010	0.000010	0.000010	0.000010	0.000010	0.999870	0.000010	0.000010	0.000010	0.000010	LD_0.9_14_1853
BRC20069	0.000010	0.000010	0.000010	0.000010	0.000010	0.000010	0.000010	0.000010	0.000010	0.000010	0.000010	0.000010	0.999870	0.000010	LD_0.9_14_1853
BRC20073	0.000010	0.000010	0.000010	0.000010	0.000010	0.000010	0.000010	0.000010	0.000010	0.000010	0.000010	0.000010	0.999870	0.000010	LD_0.9_14_1853
BRC20075	0.000010	0.999870	0.000010	0.000010	0.000010	0.000010	0.000010	0.000010	0.000010	0.000010	0.000010	0.000010	0.000010	0.000010	LD_0.9_14_1853
BRC20077	0.000010	0.000010	0.000010	0.000010	0.000010	0.000010	0.000010	0.000010	0.000010	0.000010	0.002918	0.000010	0.996962	0.000010	LD_0.9_14_1853
BRC20081	0.000010	0.000010	0.000010	0.000010	0.000010	0.000010	0.606432	0.000010	0.000010	0.000010	0.000010	0.000010	0.000010	0.393448	LD_0.9_14_1853
BRC20085	0.000010	0.000010	0.000010	0.000010	0.000010	0.000010	0.000010	0.307597	0.000010	0.000010	0.011834	0.102005	0.578464	0.000010	LD_0.9_14_1853
BRC20088	0.000010	0.000010	0.000010	0.000010	0.000010	0.000010	0.000010	0.000010	0.000010	0.000010	0.000010	0.000010	0.000010	0.999870	LD_0.9_14_1853
BRC20089	0.000010	0.000010	0.000010	0.000010	0.000010	0.000010	0.000010	0.000010	0.000010	0.000010	0.000010	0.000010	0.999870	0.000010	LD_0.9_14_1853
BRC20090	0.000010	0.000010	0.000010	0.000017	0.000010	0.000010	0.000010	0.065724	0.000010	0.514473	0.000010	0.000010	0.419686	0.000010	LD_0.9_14_1853
BRC20092	0.000010	0.000010	0.000010	0.000010	0.000010	0.000010	0.000010	0.318025	0.000010	0.090122	0.000010	0.196411	0.395342	0.000010	LD_0.9_14_1853
BRC20093	0.000010	0.000010	0.000010	0.000010	0.000010	0.000010	0.000010	0.000010	0.000010	0.000010	0.000010	0.000010	0.999870	0.000010	LD_0.9_14_1853
BRC20094	0.000010	0.000010	0.000012	0.000010	0.000010	0.000010	0.000010	0.317725	0.000010	0.068566	0.000010	0.210551	0.403056	0.000010	LD_0.9_14_1853
BRC20095	0.000010	0.000010	0.000010	0.000010	0.000010	0.000010	0.000010	0.000010	0.000010	0.000010	0.000010	0.000010	0.999870	0.000010	LD_0.9_14_1853
BRC20096	0.000010	0.000010	0.000010	0.000010	0.000010	0.000010	0.000010	0.000010	0.000010	0.000010	0.000010	0.000010	0.999870	0.000010	LD_0.9_14_1853
BRC20098	0.000010	0.000010	0.000010	0.000010	0.000010	0.000010	0.000010	0.000010	0.000010	0.000010	0.000010	0.000010	0.999870	0.000010	LD_0.9_14_1853
BRC20099	0.000010	0.000010	0.000010	0.000010	0.000010	0.000010	0.000010	0.000010	0.000010	0.000010	0.000010	0.000010	0.999870	0.000010	LD_0.9_14_1853
BRC20100	0.000010	0.000010	0.000010	0.000010	0.000010	0.000010	0.000010	0.000010	0.000010	0.000010	0.000010	0.000010	0.999870	0.000010	LD_0.9_14_1853
BRC20102	0.000010	0.000010	0.000010	0.000010	0.000013	0.000010	0.000010	0.000010	0.000010	0.000010	0.000010	0.000010	0.999867	0.000010	LD_0.9_14_1853
BRC20103	0.000010	0.000010	0.000010	0.000010	0.000010	0.000010	0.000010	0.000014	0.000010	0.000010	0.000018	0.000010	0.999858	0.000010	LD_0.9_14_1853
BRC20105	0.000010	0.000010	0.000010	0.000012	0.000011	0.000011	0.000010	0.383067	0.000010	0.012367	0.020084	0.164003	0.420386	0.000010	LD_0.9_14_1853
BRC20107	0.000010	0.000014	0.000012	0.000013	0.000010	0.000011	0.000010	0.355904	0.000010	0.055254	0.073646	0.160359	0.354736	0.000010	LD_0.9_14_1853
BRC20115	0.000010	0.000010	0.999870	0.000010	0.000010	0.000010	0.000010	0.000010	0.000010	0.000010	0.000010	0.000010	0.000010	0.000010	LD_0.9_14_1853
BRC20119	0.000010	0.000010	0.000010	0.000010	0.000010	0.000010	0.000010	0.709901	0.000010	0.000010	0.000019	0.000010	0.289969	0.000010	LD_0.9_14_1853
BRC20228	0.000010	0.000010	0.000010	0.000010	0.000010	0.000010	0.000010	0.000010	0.000010	0.000010	0.000011	0.000010	0.999869	0.000010	LD_0.9_14_1853
BRC20229	0.000010	0.999868	0.000010	0.000012	0.000010	0.000010	0.000010	0.000010	0.000010	0.000010	0.000010	0.000010	0.000010	0.000010	LD_0.9_14_1853
BRC20230	0.000010	0.000010	0.000010	0.000010	0.000010	0.000010	0.000010	0.000010	0.000010	0.000010	0.000010	0.000010	0.000010	0.999870	LD_0.9_14_1853
BRC20232	0.000010	0.999870	0.000010	0.000010	0.000010	0.000010	0.000010	0.000010	0.000010	0.000010	0.000010	0.000010	0.000010	0.000010	LD_0.9_14_1853
BRC20238	0.000010	0.000010	0.000010	0.000010	0.000010	0.000010	0.999870	0.000010	0.000010	0.000010	0.000010	0.000010	0.000010	0.000010	LD_0.9_14_1853
BRC20239	0.000010	0.999866	0.000014	0.000010	0.000010	0.000010	0.000010	0.000010	0.000010	0.000010	0.000010	0.000010	0.000010	0.000010	LD_0.9_14_1853
BRC20241	0.000010	0.000010	0.000010	0.000010	0.000010	0.000010	0.000010	0.069625	0.000010	0.000010	0.000010	0.000010	0.930255	0.000010	LD_0.9_14_1853
BRC20242	0.000010	0.000010	0.000010	0.000010	0.000010	0.000010	0.000010	0.000010	0.000010	0.063088	0.000010	0.000010	0.936792	0.000010	LD_0.9_14_1853
BRC20244	0.000010	0.000010	0.000010	0.000010	0.000010	0.000010	0.000010	0.000010	0.000010	0.000010	0.000010	0.000010	0.000010	0.999870	LD_0.9_14_1853
BRC20246	0.000010	0.000010	0.000010	0.000010	0.000010	0.000010	0.999870	0.000010	0.000010	0.000010	0.000010	0.000010	0.000010	0.000010	LD_0.9_14_1853
BRC20257	0.000010	0.000010	0.000010	0.000010	0.000010	0.000010	0.000010	0.999870	0.000010	0.000010	0.000010	0.000010	0.000010	0.000010	LD_0.9_14_1853
BRC20260	0.000010	0.000010	0.000010	0.000014	0.000010	0.000010	0.000010	0.000010	0.000010	0.000010	0.000010	0.000010	0.999866	0.000010	LD_0.9_14_1853
BRC20270	0.000010	0.000010	0.000010	0.000010	0.000010	0.000010	0.000010	0.000010	0.000010	0.000010	0.000010	0.000010	0.000010	0.999870	LD_0.9_14_1853
BRC20272	0.000010	0.000010	0.000010	0.000010	0.000010	0.000010	0.000010	0.000010	0.000010	0.000010	0.000010	0.000010	0.000010	0.999870	LD_0.9_14_1853
BRC20289	0.000013	0.000011	0.000010	0.000010	0.000010	0.000010	0.000010	0.000010	0.000010	0.000010	0.000010	0.000010	0.000010	0.999866	LD_0.9_14_1853
BRC20290	0.000014	0.000011	0.000010	0.000010	0.000010	0.000010	0.000010	0.000010	0.000010	0.000010	0.000010	0.000010	0.000010	0.999864	LD_0.9_14_1853
BRC20294	0.000010	0.000010	0.000010	0.000010	0.000010	0.000010	0.000010	0.000011	0.000010	0.059180	0.000010	0.000012	0.940697	0.000010	LD_0.9_14_1853
BRC20308	0.000010	0.000010	0.000010	0.000010	0.000010	0.000010	0.999870	0.000010	0.000010	0.000010	0.000010	0.000010	0.000010	0.000010	LD_0.9_14_1853
BRC20309	0.000010	0.000010	0.000010	0.000010	0.000010	0.000010	0.999870	0.000010	0.000010	0.000010	0.000010	0.000010	0.000010	0.000010	LD_0.9_14_1853
BRC20311	0.000012	0.000011	0.000011	0.000011	0.000010	0.000010	0.999865	0.000011	0.000010	0.000010	0.000010	0.000010	0.000010	0.000010	LD_0.9_14_1853
BRC20312	0.000012	0.000010	0.000010	0.000010	0.000010	0.000010	0.999868	0.000010	0.000010	0.000010	0.000010	0.000010	0.000010	0.000010	LD_0.9_14_1853
BRC20315	0.000010	0.000010	0.000010	0.000010	0.000010	0.000010	0.999870	0.000010	0.000010	0.000010	0.000010	0.000010	0.000010	0.000010	LD_0.9_14_1853
BRC20320	0.000010	0.000010	0.000010	0.000010	0.000010	0.000010	0.854028	0.000010	0.000010	0.000010	0.000010	0.000010	0.000010	0.145852	LD_0.9_14_1853
BRC20324	0.000010	0.643918	0.000010	0.000010	0.000010	0.000010	0.000010	0.000010	0.000010	0.000010	0.000014	0.000010	0.355958	0.000010	LD_0.9_14_1853
BRC20331	0.000010	0.000010	0.000010	0.000010	0.000010	0.000010	0.999870	0.000010	0.000010	0.000010	0.000010	0.000010	0.000010	0.000010	LD_0.9_14_1853
BRC20333	0.000010	0.000013	0.000015	0.000010	0.000010	0.000010	0.731060	0.000010	0.000010	0.000010	0.000010	0.000010	0.000010	0.268813	LD_0.9_14_1853
BRC20334	0.000013	0.000011	0.000012	0.000011	0.000012	0.000010	0.999861	0.000010	0.000010	0.000010	0.000010	0.000010	0.000010	0.000010	LD_0.9_14_1853
BRC20339	0.000010	0.000010	0.000012	0.000010	0.000010	0.000010	0.504546	0.000010	0.000010	0.000010	0.000010	0.000010	0.000010	0.495332	LD_0.9_14_1853
BRC20341	0.000011	0.000010	0.000014	0.000010	0.000010	0.000010	0.000010	0.000010	0.000010	0.000015	0.000010	0.000010	0.000010	0.999860	LD_0.9_14_1853
BRC20343	0.000010	0.999869	0.000011	0.000010	0.000010	0.000010	0.000010	0.000010	0.000010	0.000010	0.000010	0.000010	0.000010	0.000010	LD_0.9_14_1853
BRC20346	0.000010	0.000010	0.000010	0.000010	0.000010	0.000010	0.000010	0.000010	0.000010	0.000010	0.000010	0.000010	0.000010	0.999870	LD_0.9_14_1853
BRC20347	0.000010	0.999860	0.000010	0.000010	0.000010	0.000010	0.000012	0.000010	0.000018	0.000010	0.000010	0.000010	0.000010	0.000010	LD_0.9_14_1853
BRC20348	0.000013	0.000010	0.000010	0.000010	0.000010	0.000010	0.093239	0.000010	0.000010	0.000010	0.000010	0.000010	0.000010	0.906638	LD_0.9_14_1853
BRC20353	0.000010	0.000010	0.000013	0.000010	0.000010	0.000010	0.000010	0.000010	0.000010	0.000010	0.000010	0.999867	0.000010	0.000010	LD_0.9_14_1853
BRC20360	0.000010	0.000010	0.000010	0.000010	0.000010	0.000010	0.000010	0.000010	0.000010	0.000010	0.000010	0.999870	0.000010	0.000010	LD_0.9_14_1853
BRC20361	0.000010	0.000010	0.000010	0.000010	0.000010	0.000010	0.000010	0.000010	0.000010	0.000010	0.000010	0.999870	0.000010	0.000010	LD_0.9_14_1853
BRC20362	0.000010	0.000010	0.000010	0.000010	0.000010	0.000010	0.000010	0.000010	0.000010	0.000010	0.000010	0.999870	0.000010	0.000010	LD_0.9_14_1853
BRC20366	0.000010	0.000010	0.000010	0.000010	0.000010	0.000010	0.999870	0.000010	0.000010	0.000010	0.000010	0.000010	0.000010	0.000010	LD_0.9_14_1853
BRC20367	0.000010	0.000010	0.000010	0.000010	0.000010	0.000010	0.000010	0.000010	0.000010	0.000010	0.000010	0.000010	0.000010	0.999870	LD_0.9_14_1853
BRC20369	0.000010	0.000010	0.000010	0.000010	0.000010	0.000010	0.000010	0.000010	0.000010	0.000010	0.000013	0.000010	0.999867	0.000010	LD_0.9_14_1853
BRC20370	0.000010	0.000010	0.000010	0.000010	0.000010	0.000010	0.999870	0.000010	0.000010	0.000010	0.000010	0.000010	0.000010	0.000010	LD_0.9_14_1853
BRC20388	0.999870	0.000010	0.000010	0.000010	0.000010	0.000010	0.000010	0.000010	0.000010	0.000010	0.000010	0.000010	0.000010	0.000010	LD_0.9_14_1853
BRC20390	0.000013	0.000010	0.000010	0.000010	0.000010	0.000010	0.999867	0.000010	0.000010	0.000010	0.000010	0.000010	0.000010	0.000010	LD_0.9_14_1853
BRC20401	0.000010	0.000010	0.000010	0.000010	0.000013	0.000010	0.000010	0.000010	0.000010	0.000010	0.000010	0.000010	0.999867	0.000010	LD_0.9_14_1853
BRC20463	0.000010	0.000010	0.000010	0.000010	0.000010	0.000010	0.490145	0.000012	0.000010	0.000010	0.000010	0.000010	0.000010	0.509733	LD_0.9_14_1853
BRC20492	0.000010	0.000010	0.999870	0.000010	0.000010	0.000010	0.000010	0.000010	0.000010	0.000010	0.000010	0.000010	0.000010	0.000010	LD_0.9_14_1853
BRC20498	0.000010	0.000010	0.000010	0.000010	0.000010	0.000010	0.000010	0.000010	0.000010	0.000010	0.000010	0.000010	0.999870	0.000010	LD_0.9_14_1853
BRC20499	0.000010	0.000011	0.000010	0.000010	0.000010	0.000010	0.000010	0.000010	0.000010	0.000010	0.000012	0.000010	0.000010	0.999867	LD_0.9_14_1853
BRC20501	0.000013	0.000010	0.000010	0.000010	0.000010	0.000010	0.925029	0.000011	0.000010	0.000010	0.000010	0.000010	0.000010	0.074847	LD_0.9_14_1853
BRC20502	0.000010	0.000013	0.000012	0.000010	0.000010	0.000010	0.000010	0.000010	0.999865	0.000010	0.000010	0.000010	0.000010	0.000010	LD_0.9_14_1853
BRC20503	0.000010	0.000014	0.000019	0.000010	0.000010	0.000010	0.000010	0.000010	0.999857	0.000010	0.000010	0.000010	0.000010	0.000010	LD_0.9_14_1853
BRC20519	0.000010	0.000010	0.999870	0.000010	0.000010	0.000010	0.000010	0.000010	0.000010	0.000010	0.000010	0.000010	0.000010	0.000010	LD_0.9_14_1853
BRC20520	0.000010	0.000010	0.999870	0.000010	0.000010	0.000010	0.000010	0.000010	0.000010	0.000010	0.000010	0.000010	0.000010	0.000010	LD_0.9_14_1853
BRC20522	0.000010	0.999867	0.000010	0.000010	0.000010	0.000010	0.000010	0.000010	0.000013	0.000010	0.000010	0.000010	0.000010	0.000010	LD_0.9_14_1853
BRC20524	0.000010	0.999868	0.000010	0.000010	0.000010	0.000010	0.000010	0.000010	0.000012	0.000010	0.000010	0.000010	0.000010	0.000010	LD_0.9_14_1853
BRC20529	0.000010	0.000010	0.000010	0.000010	0.000010	0.000010	0.000010	0.000010	0.000010	0.000010	0.000010	0.000010	0.000010	0.999870	LD_0.9_14_1853
BRC20530	0.000010	0.999869	0.000010	0.000010	0.000010	0.000011	0.000010	0.000010	0.000010	0.000010	0.000010	0.000010	0.000010	0.000010	LD_0.9_14_1853
BRC20531	0.000010	0.999869	0.000010	0.000010	0.000010	0.000010	0.000010	0.000010	0.000011	0.000010	0.000010	0.000010	0.000010	0.000010	LD_0.9_14_1853
BRC20532	0.000010	0.000010	0.000010	0.000010	0.000010	0.000010	0.145471	0.000010	0.000010	0.000010	0.000010	0.000010	0.000010	0.854409	LD_0.9_14_1853
BRC20533	0.000010	0.000016	0.000012	0.000010	0.000010	0.000010	0.999862	0.000010	0.000010	0.000010	0.000010	0.000010	0.000010	0.000010	LD_0.9_14_1853
BRC20534	0.000010	0.000010	0.000015	0.000010	0.000010	0.000010	0.978755	0.000010	0.000010	0.000010	0.000010	0.000010	0.000010	0.021119	LD_0.9_14_1853
BRC20535	0.000018	0.000013	0.000018	0.000011	0.000010	0.000010	0.999849	0.000010	0.000010	0.000010	0.000010	0.000010	0.000010	0.000010	LD_0.9_14_1853
BRC20536	0.000010	0.000010	0.000010	0.000010	0.000010	0.000010	0.999870	0.000010	0.000010	0.000010	0.000010	0.000010	0.000010	0.000010	LD_0.9_14_1853
BRC20537	0.000010	0.000010	0.000010	0.000010	0.000010	0.000010	0.999870	0.000010	0.000010	0.000010	0.000010	0.000010	0.000010	0.000010	LD_0.9_14_1853
BRC20541	0.000010	0.000010	0.999870	0.000010	0.000010	0.000010	0.000010	0.000010	0.000010	0.000010	0.000010	0.000010	0.000010	0.000010	LD_0.9_14_1853
BRC20543	0.000011	0.000010	0.000010	0.000010	0.000010	0.000010	0.999867	0.000010	0.000010	0.000010	0.000010	0.000010	0.000012	0.000010	LD_0.9_14_1853
BRC20544	0.000010	0.000010	0.000011	0.000010	0.000010	0.000010	0.999868	0.000010	0.000010	0.000011	0.000010	0.000010	0.000010	0.000010	LD_0.9_14_1853
BRC20545	0.000010	0.000010	0.000016	0.000010	0.000010	0.000010	0.000010	0.000010	0.000012	0.000014	0.000010	0.000010	0.000010	0.999858	LD_0.9_14_1853
BRC20556	0.000010	0.000010	0.000010	0.000010	0.000010	0.000010	0.000010	0.000010	0.000010	0.000010	0.000010	0.000010	0.999870	0.000010	LD_0.9_14_1853
BRC20557	0.000010	0.000010	0.000010	0.000010	0.000010	0.000010	0.000010	0.000010	0.000010	0.000010	0.000010	0.000010	0.000010	0.999870	LD_0.9_14_1853
BRC20565	0.000010	0.000010	0.000010	0.000010	0.000010	0.000010	0.000010	0.000010	0.000010	0.711540	0.000010	0.000010	0.288340	0.000010	LD_0.9_14_1853
BRC20571	0.000010	0.000010	0.000010	0.000010	0.000010	0.000010	0.000010	0.020852	0.000010	0.000010	0.000010	0.000010	0.979028	0.000010	LD_0.9_14_1853
BRC20574	0.000010	0.000010	0.000010	0.000010	0.000010	0.000010	0.000010	0.000010	0.000010	0.114958	0.000010	0.000010	0.884922	0.000010	LD_0.9_14_1853
BW287	0.999867	0.000010	0.000013	0.000010	0.000010	0.000010	0.000010	0.000010	0.000010	0.000010	0.000010	0.000010	0.000010	0.000010	LD_0.9_14_1853
DF5100	0.000010	0.000010	0.000010	0.000010	0.000010	0.000010	0.000010	0.000010	0.000010	0.911315	0.088565	0.000010	0.000010	0.000010	LD_0.9_14_1853
ECA1129	0.000010	0.000010	0.000010	0.000010	0.000010	0.000010	0.000010	0.000010	0.000010	0.999870	0.000010	0.000010	0.000010	0.000010	LD_0.9_14_1853
ECA1143	0.000010	0.000010	0.000010	0.000010	0.000010	0.000010	0.000010	0.000010	0.000010	0.761637	0.178974	0.000010	0.059279	0.000010	LD_0.9_14_1853
ECA1147	0.000010	0.000010	0.000010	0.000010	0.000010	0.000010	0.000010	0.000010	0.000010	0.773768	0.000010	0.000010	0.226112	0.000010	LD_0.9_14_1853
ECA1149	0.000010	0.000010	0.000010	0.000010	0.000010	0.000010	0.028047	0.000010	0.000010	0.715687	0.000010	0.000010	0.242158	0.014008	LD_0.9_14_1853
ECA1160	0.000010	0.000011	0.000010	0.000010	0.000010	0.000010	0.000010	0.000011	0.000010	0.869380	0.000010	0.000010	0.130497	0.000010	LD_0.9_14_1853
ECA1164	0.000010	0.000010	0.000010	0.000010	0.000010	0.000010	0.000010	0.000010	0.000010	0.768248	0.000010	0.000010	0.231632	0.000010	LD_0.9_14_1853
ECA1170	0.000010	0.000010	0.000010	0.000010	0.000010	0.000010	0.000010	0.000010	0.000010	0.000010	0.000010	0.000010	0.000010	0.999870	LD_0.9_14_1853
ECA1174	0.000010	0.000010	0.000010	0.000010	0.000010	0.000010	0.000010	0.000010	0.000010	0.634102	0.000010	0.012850	0.352938	0.000010	LD_0.9_14_1853
ECA1383	0.000010	0.000010	0.000010	0.000010	0.000010	0.000010	0.999870	0.000010	0.000010	0.000010	0.000010	0.000010	0.000010	0.000010	LD_0.9_14_1853
ECA1411	0.000010	0.000010	0.000010	0.000010	0.000010	0.000010	0.000010	0.000010	0.000010	0.928047	0.000010	0.000010	0.071833	0.000010	LD_0.9_14_1853
ECA1423	0.000010	0.000010	0.000010	0.000010	0.000010	0.000010	0.000010	0.000010	0.000010	0.574148	0.000010	0.000010	0.425732	0.000010	LD_0.9_14_1853
ECA1429	0.000010	0.000010	0.000010	0.000010	0.000010	0.000010	0.000010	0.000010	0.000010	0.957303	0.000010	0.000010	0.042577	0.000010	LD_0.9_14_1853
ECA1431	0.000010	0.000010	0.000010	0.000010	0.000010	0.000010	0.000010	0.000010	0.000010	0.039755	0.000010	0.000010	0.960125	0.000010	LD_0.9_14_1853
ECA1437	0.000010	0.000010	0.000010	0.000010	0.000010	0.000010	0.000010	0.000010	0.000010	0.814754	0.000011	0.000010	0.185125	0.000010	LD_0.9_14_1853
ECA1439	0.000010	0.000010	0.000010	0.000010	0.000010	0.000010	0.000010	0.000010	0.000010	0.939029	0.000010	0.000010	0.060851	0.000010	LD_0.9_14_1853
ECA1443	0.000010	0.000010	0.000010	0.000010	0.000010	0.000010	0.941589	0.000010	0.000010	0.058291	0.000010	0.000010	0.000010	0.000010	LD_0.9_14_1853
ECA1471	0.000010	0.000010	0.000010	0.000010	0.000010	0.000010	0.000010	0.000010	0.000010	0.937593	0.000010	0.000010	0.062287	0.000010	LD_0.9_14_1853
ECA1489	0.000010	0.000010	0.000010	0.043737	0.000010	0.000010	0.000010	0.000010	0.000010	0.679346	0.175411	0.000010	0.101406	0.000010	LD_0.9_14_1853
ECA1507	0.000010	0.000010	0.000010	0.000010	0.000010	0.000010	0.000010	0.000010	0.000010	0.904763	0.000010	0.000010	0.095117	0.000010	LD_0.9_14_1853
ECA1509	0.000010	0.000010	0.000010	0.000010	0.000010	0.000010	0.000010	0.000010	0.000010	0.999870	0.000010	0.000010	0.000010	0.000010	LD_0.9_14_1853
ECA1517	0.000010	0.000010	0.000010	0.000010	0.000010	0.000010	0.000010	0.000010	0.000010	0.999864	0.000010	0.000016	0.000010	0.000010	LD_0.9_14_1853
ECA1521	0.000010	0.000010	0.000010	0.000010	0.000012	0.000010	0.000010	0.000010	0.000010	0.766311	0.000010	0.000010	0.233567	0.000010	LD_0.9_14_1853
ECA1555	0.000010	0.000010	0.000010	0.000010	0.000010	0.000010	0.000010	0.000010	0.000010	0.640155	0.000010	0.000010	0.359725	0.000010	LD_0.9_14_1853
ECA1559	0.000010	0.000010	0.000010	0.000010	0.000010	0.000010	0.000010	0.000010	0.000010	0.000010	0.000010	0.000010	0.000010	0.999870	LD_0.9_14_1853
ECA1563	0.000010	0.000010	0.000010	0.000010	0.000010	0.000010	0.000010	0.000010	0.000010	0.768177	0.000010	0.000010	0.231703	0.000010	LD_0.9_14_1853
ECA1571	0.000010	0.000010	0.000010	0.001519	0.000010	0.000010	0.000010	0.000010	0.000010	0.796763	0.201608	0.000010	0.000010	0.000010	LD_0.9_14_1853
ECA1587	0.000010	0.000010	0.000010	0.000012	0.000010	0.000010	0.000010	0.000010	0.000010	0.641108	0.000010	0.000010	0.358770	0.000010	LD_0.9_14_1853
ECA1605	0.000010	0.000010	0.000010	0.023876	0.000010	0.000010	0.000010	0.000010	0.000010	0.067682	0.031968	0.000010	0.000010	0.876374	LD_0.9_14_1853
ECA1609	0.000010	0.000010	0.000010	0.000010	0.000010	0.000010	0.000010	0.000010	0.000010	0.999870	0.000010	0.000010	0.000010	0.000010	LD_0.9_14_1853
ECA161	0.000010	0.000010	0.000010	0.000010	0.000010	0.000010	0.000010	0.000010	0.000010	0.412846	0.000010	0.000017	0.587027	0.000010	LD_0.9_14_1853
ECA1611	0.000010	0.000010	0.000010	0.000010	0.000010	0.000010	0.000010	0.000010	0.000010	0.999870	0.000010	0.000010	0.000010	0.000010	LD_0.9_14_1853
ECA1615	0.000010	0.000010	0.000010	0.000010	0.000010	0.000010	0.000010	0.000010	0.000010	0.999870	0.000010	0.000010	0.000010	0.000010	LD_0.9_14_1853
ECA162	0.000010	0.000010	0.000010	0.000010	0.000010	0.000010	0.000010	0.000010	0.000010	0.199386	0.000010	0.000010	0.800494	0.000010	LD_0.9_14_1853
ECA1621	0.000010	0.000010	0.000010	0.000010	0.000010	0.000010	0.000010	0.000010	0.000010	0.823419	0.000010	0.000010	0.176461	0.000010	LD_0.9_14_1853
ECA163	0.000010	0.000010	0.999870	0.000010	0.000010	0.000010	0.000010	0.000010	0.000010	0.000010	0.000010	0.000010	0.000010	0.000010	LD_0.9_14_1853
ECA1637	0.000010	0.000010	0.000010	0.000010	0.000010	0.000010	0.000010	0.000010	0.000010	0.000010	0.000010	0.000010	0.999870	0.000010	LD_0.9_14_1853
ECA1657	0.000010	0.000010	0.000010	0.000010	0.000010	0.000010	0.000010	0.000010	0.000010	0.703441	0.000010	0.000010	0.296438	0.000010	LD_0.9_14_1853
ECA1701	0.000010	0.000010	0.000010	0.019843	0.000010	0.000010	0.000010	0.000010	0.000010	0.000010	0.000010	0.000010	0.980037	0.000010	LD_0.9_14_1853
ECA175	0.000010	0.000010	0.000010	0.000010	0.000010	0.000011	0.000010	0.000010	0.000010	0.807620	0.000010	0.000011	0.192258	0.000010	LD_0.9_14_1853
ECA176	0.000010	0.000010	0.000010	0.000010	0.000010	0.000010	0.000010	0.000010	0.000010	0.782791	0.000010	0.000010	0.217089	0.000010	LD_0.9_14_1853
ECA177	0.000010	0.000010	0.000010	0.000010	0.000010	0.000010	0.000010	0.000010	0.000010	0.843088	0.000010	0.000010	0.156792	0.000010	LD_0.9_14_1853
ECA180	0.000010	0.000010	0.000010	0.000010	0.000010	0.000010	0.000010	0.000010	0.000010	0.999870	0.000010	0.000010	0.000010	0.000010	LD_0.9_14_1853
ECA182	0.000010	0.000010	0.000010	0.000010	0.000010	0.000010	0.000010	0.000010	0.000010	0.978386	0.000010	0.000010	0.021494	0.000010	LD_0.9_14_1853
ECA183	0.000010	0.000010	0.000010	0.000010	0.000010	0.000010	0.000010	0.000010	0.000010	0.999870	0.000010	0.000010	0.000010	0.000010	LD_0.9_14_1853
ECA185	0.000010	0.000010	0.000010	0.000010	0.000010	0.000010	0.000010	0.000010	0.000010	0.999868	0.000010	0.000012	0.000010	0.000010	LD_0.9_14_1853
ECA186	0.000010	0.000010	0.000010	0.000010	0.000010	0.000010	0.000010	0.000010	0.000010	0.838209	0.000010	0.000010	0.161671	0.000010	LD_0.9_14_1853
ECA2083	0.000010	0.000010	0.000010	0.000010	0.000010	0.000010	0.000010	0.000010	0.000010	0.999870	0.000010	0.000010	0.000010	0.000010	LD_0.9_14_1853
ECA2093	0.000010	0.000010	0.000010	0.000010	0.000010	0.000010	0.000010	0.000010	0.000010	0.760688	0.000010	0.000010	0.239192	0.000010	LD_0.9_14_1853
ECA2115	0.000010	0.000010	0.000010	0.000010	0.000010	0.000010	0.000010	0.000010	0.000010	0.000010	0.000010	0.000010	0.999870	0.000010	LD_0.9_14_1853
ECA2299	0.000010	0.000010	0.000011	0.000010	0.000010	0.000011	0.157382	0.000015	0.000010	0.000010	0.000010	0.000010	0.000010	0.842491	LD_0.9_14_1853
ECA2373	0.000010	0.000010	0.000010	0.044871	0.000010	0.000010	0.000010	0.000010	0.000010	0.040451	0.000010	0.002977	0.911601	0.000010	LD_0.9_14_1853
ECA2385	0.000011	0.000018	0.000014	0.000010	0.000010	0.000010	0.999843	0.000010	0.000015	0.000019	0.000010	0.000010	0.000010	0.000010	LD_0.9_14_1853
ECA2425	0.000011	0.000010	0.000010	0.000010	0.000010	0.000010	0.000010	0.000010	0.000010	0.095009	0.000010	0.000010	0.904870	0.000010	LD_0.9_14_1853
ECA2617	0.000010	0.000010	0.000010	0.000010	0.000010	0.999870	0.000010	0.000010	0.000010	0.000010	0.000010	0.000010	0.000010	0.000010	LD_0.9_14_1853
ECA2618	0.000010	0.000010	0.000010	0.000010	0.000010	0.999870	0.000010	0.000010	0.000010	0.000010	0.000010	0.000010	0.000010	0.000010	LD_0.9_14_1853
ECA2621	0.000010	0.000010	0.000010	0.000010	0.000010	0.999870	0.000010	0.000010	0.000010	0.000010	0.000010	0.000010	0.000010	0.000010	LD_0.9_14_1853
ECA2623	0.000010	0.000010	0.000010	0.000010	0.000010	0.000010	0.000010	0.000010	0.000010	0.558677	0.441203	0.000010	0.000010	0.000010	LD_0.9_14_1853
ECA2625	0.000010	0.000010	0.000010	0.000010	0.000010	0.000010	0.000010	0.000010	0.000010	0.308183	0.000010	0.000010	0.691697	0.000010	LD_0.9_14_1853
ECA2626	0.000012	0.000010	0.000010	0.000010	0.000010	0.000010	0.000010	0.000010	0.000010	0.221760	0.000010	0.000010	0.778118	0.000010	LD_0.9_14_1853
ECA2636	0.000010	0.000010	0.000010	0.000010	0.000010	0.000010	0.000010	0.000010	0.000010	0.000010	0.000010	0.000010	0.999870	0.000010	LD_0.9_14_1853
ECA2637	0.000010	0.000010	0.000011	0.000010	0.000010	0.000010	0.000010	0.000010	0.000010	0.646881	0.000010	0.000010	0.352997	0.000010	LD_0.9_14_1853
ECA2639	0.000010	0.000010	0.000010	0.000010	0.000010	0.999867	0.000010	0.000010	0.000010	0.000013	0.000010	0.000010	0.000010	0.000010	LD_0.9_14_1853
ECA2645	0.000010	0.000010	0.000010	0.000010	0.000010	0.000010	0.000010	0.000010	0.000010	0.322325	0.000010	0.000010	0.677554	0.000010	LD_0.9_14_1853
ECA2647	0.000010	0.000010	0.000010	0.000010	0.000010	0.999870	0.000010	0.000010	0.000010	0.000010	0.000010	0.000010	0.000010	0.000010	LD_0.9_14_1853
ECA2663	0.000011	0.000010	0.000010	0.000010	0.000010	0.000010	0.000010	0.000010	0.000010	0.234051	0.000010	0.000010	0.765828	0.000010	LD_0.9_14_1853
ECA2664	0.000010	0.000010	0.000010	0.000010	0.000010	0.000010	0.000010	0.000010	0.000010	0.523215	0.476665	0.000010	0.000010	0.000010	LD_0.9_14_1853
ECA2666	0.000010	0.000010	0.000010	0.000010	0.000010	0.999870	0.000010	0.000010	0.000010	0.000010	0.000010	0.000010	0.000010	0.000010	LD_0.9_14_1853
ECA2667	0.000010	0.000010	0.000010	0.000010	0.000010	0.000010	0.000010	0.000010	0.000010	0.000010	0.000010	0.000010	0.999870	0.000010	LD_0.9_14_1853
ECA2670	0.000010	0.000010	0.000010	0.000010	0.000010	0.999870	0.000010	0.000010	0.000010	0.000010	0.000010	0.000010	0.000010	0.000010	LD_0.9_14_1853
ECA276	0.000010	0.000010	0.999870	0.000010	0.000010	0.000010	0.000010	0.000010	0.000010	0.000010	0.000010	0.000010	0.000010	0.000010	LD_0.9_14_1853
ECA278	0.999858	0.000010	0.000010	0.000010	0.000010	0.000010	0.000010	0.000010	0.000010	0.000014	0.000010	0.000010	0.000018	0.000010	LD_0.9_14_1853
ECA2808	0.000010	0.000010	0.000010	0.000010	0.000010	0.000010	0.000010	0.000010	0.000010	0.999870	0.000010	0.000010	0.000010	0.000010	LD_0.9_14_1853
ECA287	0.000010	0.000010	0.000010	0.000010	0.000010	0.000010	0.000010	0.000010	0.000010	0.000010	0.000010	0.000010	0.000010	0.999870	LD_0.9_14_1853
ECA288	0.000010	0.000010	0.000010	0.000010	0.000010	0.000010	0.000010	0.000010	0.000010	0.684266	0.211593	0.000010	0.000010	0.104030	LD_0.9_14_1853
ECA2883	0.000010	0.000010	0.000010	0.000010	0.000010	0.000010	0.000010	0.000010	0.000010	0.999870	0.000010	0.000010	0.000010	0.000010	LD_0.9_14_1853
ECA2890	0.000010	0.000010	0.000010	0.000010	0.000010	0.000010	0.000010	0.000010	0.000010	0.795438	0.000010	0.000010	0.204442	0.000010	LD_0.9_14_1853
ECA2894	0.000010	0.000010	0.000010	0.000010	0.000010	0.000010	0.000010	0.000010	0.000010	0.869500	0.000012	0.000010	0.130378	0.000010	LD_0.9_14_1853
ECA2975	0.000010	0.000010	0.000010	0.000010	0.000010	0.000010	0.000010	0.000010	0.000010	0.810118	0.000010	0.000010	0.189762	0.000010	LD_0.9_14_1853
ECA3091	0.000010	0.000010	0.000010	0.000010	0.000010	0.000010	0.000010	0.000010	0.000010	0.996546	0.000010	0.000010	0.003334	0.000010	LD_0.9_14_1853
ECA343	0.000010	0.000010	0.000010	0.000010	0.000010	0.000010	0.000010	0.000010	0.000010	0.999870	0.000010	0.000010	0.000010	0.000010	LD_0.9_14_1853
ECA346	0.000010	0.000010	0.000010	0.000010	0.000010	0.000010	0.000010	0.000010	0.000010	0.999870	0.000010	0.000010	0.000010	0.000010	LD_0.9_14_1853
ECA3502	0.000010	0.000010	0.000010	0.000010	0.000010	0.000010	0.999870	0.000010	0.000010	0.000010	0.000010	0.000010	0.000010	0.000010	LD_0.9_14_1853
ECA3503	0.000010	0.000010	0.000010	0.000010	0.000010	0.000010	0.000010	0.000010	0.000010	0.644685	0.000010	0.000010	0.355195	0.000010	LD_0.9_14_1853
ECA3509	0.000010	0.000010	0.000010	0.000010	0.000010	0.000010	0.000010	0.000010	0.000010	0.898033	0.000010	0.000010	0.101847	0.000010	LD_0.9_14_1853
ECA3708	0.000010	0.000010	0.000010	0.000010	0.000010	0.000010	0.000010	0.000010	0.000010	0.999870	0.000010	0.000010	0.000010	0.000010	LD_0.9_14_1853
ECA371	0.000010	0.000010	0.000010	0.000010	0.000010	0.000010	0.000010	0.000010	0.000010	0.970844	0.000010	0.000010	0.029036	0.000010	LD_0.9_14_1853
ECA3712	0.000010	0.000010	0.000010	0.000010	0.000010	0.000010	0.000010	0.000010	0.000010	0.999870	0.000010	0.000010	0.000010	0.000010	LD_0.9_14_1853
ECA3713	0.000010	0.000010	0.000010	0.000010	0.000010	0.000010	0.000010	0.000010	0.000010	0.923450	0.000010	0.000010	0.076430	0.000010	LD_0.9_14_1853
ECA3899	0.000010	0.000010	0.000010	0.000010	0.000010	0.000010	0.000010	0.000010	0.000010	0.852210	0.000011	0.000011	0.147668	0.000010	LD_0.9_14_1853
ECA569	0.999856	0.000010	0.000011	0.000017	0.000010	0.000010	0.000016	0.000010	0.000010	0.000010	0.000010	0.000010	0.000010	0.000010	LD_0.9_14_1853
ED3032	0.000010	0.000010	0.000010	0.000010	0.000010	0.000010	0.000010	0.000010	0.000010	0.000010	0.000010	0.000010	0.999870	0.000010	LD_0.9_14_1853
ED3037	0.000011	0.000010	0.000010	0.000010	0.000010	0.000010	0.000010	0.000010	0.000010	0.000010	0.000010	0.000010	0.999869	0.000010	LD_0.9_14_1853
ED3088	0.000010	0.000010	0.000010	0.000010	0.000010	0.000010	0.000010	0.000010	0.000010	0.999870	0.000010	0.000010	0.000010	0.000010	LD_0.9_14_1853
ED3102	0.000010	0.000010	0.999870	0.000010	0.000010	0.000010	0.000010	0.000010	0.000010	0.000010	0.000010	0.000010	0.000010	0.000010	LD_0.9_14_1853
EG4360	0.999870	0.000010	0.000010	0.000010	0.000010	0.000010	0.000010	0.000010	0.000010	0.000010	0.000010	0.000010	0.000010	0.000010	LD_0.9_14_1853
EG5612	0.000010	0.000010	0.000010	0.000010	0.000010	0.000010	0.000010	0.000010	0.000010	0.000013	0.000010	0.999867	0.000010	0.000010	LD_0.9_14_1853
EG5613	0.000010	0.000010	0.000010	0.000010	0.000010	0.000010	0.000010	0.037413	0.000010	0.935262	0.000010	0.027215	0.000010	0.000010	LD_0.9_14_1853
EG6179	0.000010	0.000010	0.000010	0.000010	0.000010	0.000010	0.000010	0.000010	0.000010	0.813693	0.000010	0.044124	0.142074	0.000010	LD_0.9_14_1853
EG6260	0.000010	0.000010	0.000010	0.000017	0.000010	0.000010	0.000010	0.000010	0.000010	0.455647	0.544227	0.000010	0.000010	0.000010	LD_0.9_14_1853
EG6261	0.000010	0.000010	0.000010	0.000010	0.000010	0.000010	0.000010	0.000010	0.000010	0.904143	0.095737	0.000010	0.000010	0.000010	LD_0.9_14_1853
EG6265	0.000010	0.000010	0.000010	0.000010	0.000010	0.000010	0.999870	0.000010	0.000010	0.000010	0.000010	0.000010	0.000010	0.000010	LD_0.9_14_1853
EG6267	0.000010	0.000010	0.000010	0.000010	0.000010	0.000010	0.000010	0.000010	0.000010	0.951459	0.048421	0.000010	0.000010	0.000010	LD_0.9_14_1853
EG6268	0.000010	0.000010	0.000010	0.000010	0.000010	0.000010	0.999870	0.000010	0.000010	0.000010	0.000010	0.000010	0.000010	0.000010	LD_0.9_14_1853
EG6271	0.000010	0.000010	0.000010	0.000017	0.000010	0.000010	0.000010	0.000010	0.000010	0.396964	0.602908	0.000010	0.000011	0.000010	LD_0.9_14_1853
EG6272	0.000010	0.000010	0.000010	0.000010	0.000010	0.000010	0.000010	0.000010	0.000010	0.812189	0.187691	0.000010	0.000010	0.000010	LD_0.9_14_1853
EG6274	0.000010	0.000010	0.000010	0.000010	0.000010	0.000010	0.000010	0.000010	0.000010	0.999870	0.000010	0.000010	0.000010	0.000010	LD_0.9_14_1853
EG6275	0.000010	0.000010	0.000010	0.000010	0.000010	0.000010	0.000010	0.000010	0.000010	0.999870	0.000010	0.000010	0.000010	0.000010	LD_0.9_14_1853
EG6276	0.000010	0.000010	0.000010	0.000010	0.000010	0.000010	0.000010	0.000010	0.000010	0.999861	0.000010	0.000011	0.000017	0.000010	LD_0.9_14_1853
EG6329	0.000010	0.000010	0.000010	0.000010	0.000010	0.000010	0.000010	0.000010	0.000010	0.311996	0.687884	0.000010	0.000010	0.000010	LD_0.9_14_1853
GUN124	0.999870	0.000010	0.000010	0.000010	0.000010	0.000010	0.000010	0.000010	0.000010	0.000010	0.000010	0.000010	0.000010	0.000010	LD_0.9_14_1853
GXW22	0.000010	0.000010	0.000010	0.000010	0.000010	0.000010	0.000010	0.000010	0.000010	0.000010	0.000010	0.000010	0.999870	0.000010	LD_0.9_14_1853
GXW23	0.000010	0.000010	0.000010	0.000010	0.000010	0.000010	0.000010	0.000010	0.000010	0.000010	0.000012	0.756104	0.243774	0.000010	LD_0.9_14_1853
HK104	0.999870	0.000010	0.000010	0.000010	0.000010	0.000010	0.000010	0.000010	0.000010	0.000010	0.000010	0.000010	0.000010	0.000010	LD_0.9_14_1853
HPT11	0.000011	0.000010	0.000010	0.000010	0.000010	0.000010	0.000010	0.000010	0.999869	0.000010	0.000010	0.000010	0.000010	0.000010	LD_0.9_14_1853
HPT16	0.000010	0.000010	0.000010	0.000010	0.000010	0.000010	0.000010	0.000010	0.000010	0.000010	0.488916	0.000010	0.510964	0.000010	LD_0.9_14_1853
HPT18	0.000010	0.000010	0.000010	0.000010	0.000011	0.000010	0.000010	0.000010	0.999869	0.000010	0.000010	0.000010	0.000010	0.000010	LD_0.9_14_1853
HPT19	0.000010	0.000010	0.000010	0.000010	0.000010	0.000010	0.000010	0.000010	0.000010	0.000010	0.430181	0.016453	0.553256	0.000010	LD_0.9_14_1853
HPT2	0.000010	0.000010	0.000010	0.000010	0.000010	0.000010	0.000010	0.000010	0.000010	0.000010	0.505586	0.044547	0.449757	0.000010	LD_0.9_14_1853
HPT21	0.000010	0.000010	0.000010	0.000010	0.000010	0.000010	0.000010	0.000010	0.000010	0.000010	0.010431	0.000010	0.989449	0.000010	LD_0.9_14_1853
HPT24	0.000010	0.000010	0.000010	0.000011	0.000011	0.000010	0.000011	0.000010	0.999867	0.000010	0.000010	0.000010	0.000010	0.000010	LD_0.9_14_1853
HPT34	0.000010	0.000010	0.000010	0.000010	0.000010	0.000010	0.000010	0.000010	0.000010	0.000010	0.473845	0.039839	0.486207	0.000010	LD_0.9_14_1853
HPT37	0.000010	0.000010	0.000010	0.026683	0.000010	0.000010	0.000010	0.000015	0.000010	0.069355	0.368354	0.025788	0.509725	0.000010	LD_0.9_14_1853
HPT4	0.000010	0.000010	0.000010	0.000010	0.000010	0.000010	0.000010	0.000010	0.000010	0.000010	0.483661	0.041079	0.475151	0.000010	LD_0.9_14_1853
HPT42	0.000010	0.000010	0.000010	0.000010	0.000010	0.000010	0.000010	0.000010	0.000010	0.000010	0.443475	0.000010	0.556405	0.000010	LD_0.9_14_1853
HPT52	0.000010	0.000010	0.000010	0.000010	0.000010	0.000010	0.000010	0.433765	0.000010	0.000010	0.000010	0.000012	0.566113	0.000010	LD_0.9_14_1853
HPT53	0.000010	0.000010	0.000010	0.000010	0.000010	0.000010	0.000010	0.000010	0.000010	0.000010	0.000010	0.000010	0.999870	0.000010	LD_0.9_14_1853
HPT54	0.000010	0.000010	0.000010	0.000010	0.000010	0.000010	0.000010	0.000010	0.000010	0.000010	0.000010	0.000010	0.999870	0.000010	LD_0.9_14_1853
HPT55	0.000010	0.000010	0.000010	0.000010	0.000010	0.000010	0.000010	0.000010	0.000010	0.000010	0.000010	0.000010	0.999870	0.000010	LD_0.9_14_1853
HPT59	0.000012	0.000010	0.000010	0.000010	0.000010	0.000011	0.000010	0.000010	0.000010	0.000010	0.000010	0.000010	0.999866	0.000010	LD_0.9_14_1853
HPT60	0.000010	0.000010	0.000010	0.000010	0.000010	0.000010	0.000010	0.000010	0.000010	0.000010	0.000010	0.000010	0.999870	0.000010	LD_0.9_14_1853
HPT62	0.000010	0.000010	0.000010	0.000010	0.000010	0.000010	0.000010	0.999867	0.000010	0.000010	0.000010	0.000010	0.000013	0.000010	LD_0.9_14_1853
HPT63	0.000010	0.000010	0.000010	0.000010	0.000010	0.000010	0.000010	0.000010	0.000010	0.000010	0.000010	0.000010	0.999870	0.000010	LD_0.9_14_1853
HPT7	0.000010	0.000010	0.000010	0.000010	0.000010	0.000010	0.000010	0.000012	0.000010	0.000010	0.531313	0.000010	0.468565	0.000010	LD_0.9_14_1853
HPT8	0.000010	0.000010	0.000010	0.000010	0.000010	0.000010	0.000010	0.000010	0.000010	0.000010	0.473544	0.039384	0.486962	0.000010	LD_0.9_14_1853
HPT9	0.000010	0.000010	0.000010	0.000010	0.000010	0.000010	0.000010	0.000010	0.000010	0.000010	0.000010	0.852844	0.147036	0.000010	LD_0.9_14_1853
JU1257	0.999863	0.000012	0.000010	0.000013	0.000010	0.000010	0.000010	0.000012	0.000011	0.000010	0.000010	0.000010	0.000010	0.000010	LD_0.9_14_1853
JU1337	0.000010	0.000010	0.000010	0.000010	0.000010	0.000010	0.000010	0.048330	0.000010	0.359830	0.000010	0.000010	0.591729	0.000010	LD_0.9_14_1853
JU1338	0.000010	0.000011	0.000010	0.000010	0.000010	0.000012	0.000010	0.000010	0.000010	0.000010	0.000010	0.999866	0.000010	0.000010	LD_0.9_14_1853
JU1341	0.000010	0.000010	0.000010	0.000010	0.999870	0.000010	0.000010	0.000010	0.000010	0.000010	0.000010	0.000010	0.000010	0.000010	LD_0.9_14_1853
JU1344	0.000010	0.000010	0.000010	0.000010	0.000010	0.000010	0.000010	0.000010	0.000010	0.000010	0.000010	0.358115	0.641765	0.000010	LD_0.9_14_1853
JU1346	0.000012	0.000010	0.000012	0.000010	0.000010	0.000010	0.000010	0.000010	0.000010	0.000010	0.000010	0.999866	0.000010	0.000010	LD_0.9_14_1853
JU1347	0.000012	0.000011	0.000010	0.000018	0.000010	0.000010	0.000010	0.000010	0.000010	0.999859	0.000010	0.000010	0.000010	0.000010	LD_0.9_14_1853
JU1348	0.000010	0.000010	0.000010	0.000010	0.999870	0.000010	0.000010	0.000010	0.000010	0.000010	0.000010	0.000010	0.000010	0.000010	LD_0.9_14_1853
JU1375	0.000010	0.000010	0.000010	0.000010	0.000010	0.000010	0.000010	0.000010	0.000010	0.999866	0.000014	0.000010	0.000010	0.000010	LD_0.9_14_1853
JU1377	0.000010	0.000010	0.000010	0.000010	0.000010	0.000010	0.000010	0.000010	0.000010	0.999870	0.000010	0.000010	0.000010	0.000010	LD_0.9_14_1853
JU1378	0.000010	0.000010	0.000010	0.000010	0.000010	0.000010	0.000010	0.000010	0.000010	0.999870	0.000010	0.000010	0.000010	0.000010	LD_0.9_14_1853
JU1392	0.000010	0.000010	0.000010	0.000010	0.000010	0.000010	0.000010	0.000010	0.000010	0.999870	0.000010	0.000010	0.000010	0.000010	LD_0.9_14_1853
JU1399	0.000010	0.000010	0.000012	0.092764	0.000010	0.000010	0.000010	0.000010	0.000010	0.364813	0.516420	0.000018	0.025893	0.000010	LD_0.9_14_1853
JU1424	0.000010	0.000010	0.000010	0.000010	0.000010	0.000010	0.000010	0.000010	0.000010	0.000010	0.000010	0.999869	0.000010	0.000010	LD_0.9_14_1853
JU1435	0.000010	0.000010	0.000010	0.000010	0.000010	0.000010	0.000010	0.000010	0.000010	0.999870	0.000010	0.000010	0.000010	0.000010	LD_0.9_14_1853
JU1564	0.999870	0.000010	0.000010	0.000010	0.000010	0.000010	0.000010	0.000010	0.000010	0.000010	0.000010	0.000010	0.000010	0.000010	LD_0.9_14_1853
JU1637	0.000010	0.000010	0.000010	0.000010	0.000010	0.000010	0.000010	0.000010	0.000010	0.929245	0.070635	0.000010	0.000010	0.000010	LD_0.9_14_1853
JU1638	0.000010	0.000010	0.000010	0.000010	0.000010	0.000010	0.000010	0.000010	0.000010	0.922575	0.077305	0.000010	0.000010	0.000010	LD_0.9_14_1853
JU1794	0.000010	0.000010	0.000010	0.000011	0.000010	0.000010	0.000011	0.010629	0.000010	0.823300	0.000010	0.062308	0.103661	0.000010	LD_0.9_14_1853
JU1795	0.000010	0.000010	0.000010	0.000010	0.000010	0.000010	0.000010	0.000010	0.000010	0.999870	0.000010	0.000010	0.000010	0.000010	LD_0.9_14_1853
JU1799	0.000010	0.000010	0.000010	0.000010	0.000010	0.000010	0.000010	0.000010	0.000010	0.999870	0.000010	0.000010	0.000010	0.000010	LD_0.9_14_1853
JU1802	0.000010	0.000010	0.000010	0.000010	0.000010	0.000010	0.000010	0.000010	0.000010	0.999870	0.000010	0.000010	0.000010	0.000010	LD_0.9_14_1853
JU1814	0.000010	0.000010	0.000010	0.000010	0.000010	0.000010	0.000010	0.000010	0.000010	0.545133	0.454747	0.000010	0.000010	0.000010	LD_0.9_14_1853
JU1884	0.000010	0.000010	0.000010	0.000010	0.000010	0.000010	0.000010	0.000010	0.000010	0.338334	0.000015	0.000010	0.661541	0.000010	LD_0.9_14_1853
JU1885	0.000010	0.000010	0.000010	0.000010	0.000010	0.000011	0.000010	0.056456	0.000010	0.943421	0.000010	0.000010	0.000010	0.000010	LD_0.9_14_1853
JU1907	0.000010	0.000010	0.000010	0.000010	0.000011	0.000010	0.000010	0.000010	0.000010	0.093150	0.025021	0.000010	0.881717	0.000010	LD_0.9_14_1853
JU1908	0.000010	0.000010	0.000010	0.000010	0.000010	0.000010	0.000010	0.000010	0.000010	0.000010	0.038636	0.000010	0.961244	0.000010	LD_0.9_14_1853
JU1909	0.000010	0.000010	0.000010	0.000010	0.000010	0.000010	0.000010	0.000010	0.000010	0.000015	0.000010	0.000010	0.999865	0.000010	LD_0.9_14_1853
JU1913	0.000010	0.000010	0.000010	0.000010	0.000010	0.000010	0.000010	0.409993	0.000010	0.241212	0.000010	0.000010	0.348684	0.000010	LD_0.9_14_1853
JU2053	0.000010	0.000010	0.000010	0.000010	0.000010	0.000010	0.000010	0.000010	0.000010	0.999870	0.000010	0.000010	0.000010	0.000010	LD_0.9_14_1853
JU2054	0.000010	0.000010	0.000010	0.000010	0.000010	0.000010	0.000010	0.000010	0.000010	0.914038	0.000010	0.000010	0.085842	0.000010	LD_0.9_14_1853
JU2056	0.000010	0.000010	0.000010	0.000010	0.000010	0.000010	0.000010	0.000010	0.000010	0.999870	0.000010	0.000010	0.000010	0.000010	LD_0.9_14_1853
JU2057	0.000010	0.000010	0.000010	0.000010	0.000010	0.000010	0.000017	0.999863	0.000010	0.000010	0.000010	0.000010	0.000010	0.000010	LD_0.9_14_1853
JU2160	0.000010	0.000010	0.000010	0.000010	0.000010	0.000010	0.000010	0.999870	0.000010	0.000010	0.000010	0.000010	0.000010	0.000010	LD_0.9_14_1853
JU2162	0.000010	0.000010	0.000010	0.000010	0.000010	0.000010	0.000010	0.999863	0.000010	0.000010	0.000017	0.000010	0.000010	0.000010	LD_0.9_14_1853
JU2214	0.000010	0.000010	0.000010	0.196002	0.000010	0.000010	0.000010	0.000010	0.000010	0.386679	0.063436	0.000010	0.353783	0.000010	LD_0.9_14_1853
JU2216	0.000010	0.000010	0.000010	0.000010	0.000010	0.000010	0.000010	0.000010	0.000010	0.000010	0.000010	0.000010	0.000010	0.999870	LD_0.9_14_1853
JU2457	0.494693	0.000010	0.000010	0.000018	0.000010	0.000010	0.000010	0.000010	0.000010	0.000010	0.212152	0.000010	0.293038	0.000010	LD_0.9_14_1853
JU2470	0.000010	0.000010	0.000010	0.000010	0.000010	0.000010	0.000010	0.999870	0.000010	0.000010	0.000010	0.000010	0.000010	0.000010	LD_0.9_14_1853
JU2472	0.000010	0.000010	0.000010	0.000010	0.000010	0.000010	0.000010	0.000016	0.000010	0.913761	0.086113	0.000010	0.000010	0.000010	LD_0.9_14_1853
JU2506	0.000010	0.000010	0.000010	0.000010	0.000010	0.000010	0.000010	0.000010	0.000010	0.005198	0.000010	0.000010	0.994682	0.000010	LD_0.9_14_1853
JU2507	0.000010	0.000010	0.000010	0.000010	0.000010	0.000010	0.000010	0.999869	0.000010	0.000011	0.000010	0.000010	0.000010	0.000010	LD_0.9_14_1853
JU2518	0.000010	0.000010	0.000010	0.000010	0.000010	0.000010	0.000010	0.000010	0.000010	0.000010	0.999870	0.000010	0.000010	0.000010	LD_0.9_14_1853
JU2536	0.999865	0.000013	0.000010	0.000010	0.000010	0.000010	0.000010	0.000012	0.000010	0.000010	0.000010	0.000010	0.000010	0.000010	LD_0.9_14_1853
JU2597	0.000010	0.000010	0.000011	0.564464	0.000010	0.000010	0.000010	0.000010	0.000010	0.128685	0.306740	0.000010	0.000010	0.000010	LD_0.9_14_1853
JU2747	0.000010	0.000010	0.000010	0.008618	0.000010	0.000010	0.000010	0.054170	0.000010	0.850967	0.027284	0.058871	0.000010	0.000010	LD_0.9_14_1853
JU2767	0.000010	0.000010	0.999870	0.000010	0.000010	0.000010	0.000010	0.000010	0.000010	0.000010	0.000010	0.000010	0.000010	0.000010	LD_0.9_14_1853
JU2799	0.000010	0.000010	0.000010	0.000010	0.000010	0.000010	0.000010	0.000010	0.000010	0.661540	0.000010	0.000010	0.338340	0.000010	LD_0.9_14_1853
JU2801	0.000010	0.000010	0.000010	0.000010	0.999864	0.000010	0.000010	0.000010	0.000010	0.000010	0.000013	0.000013	0.000010	0.000010	LD_0.9_14_1853
JU2836	0.000010	0.000012	0.000016	0.241207	0.000012	0.000010	0.000010	0.000010	0.000010	0.491044	0.035057	0.000010	0.232583	0.000010	LD_0.9_14_1853
JU2849	0.000010	0.000010	0.000010	0.000010	0.000010	0.000010	0.000010	0.000010	0.000010	0.000010	0.000010	0.999867	0.000013	0.000010	LD_0.9_14_1853
JU2861	0.000010	0.000010	0.000010	0.000010	0.000010	0.000010	0.000010	0.000010	0.000010	0.334167	0.000010	0.000010	0.665713	0.000010	LD_0.9_14_1853
JU2868	0.000010	0.000010	0.000010	0.000010	0.000010	0.000010	0.000010	0.000010	0.000010	0.171502	0.000010	0.000010	0.828378	0.000010	LD_0.9_14_1853
JU2872	0.999859	0.000011	0.000014	0.000010	0.000010	0.000010	0.000010	0.000015	0.000010	0.000010	0.000010	0.000010	0.000011	0.000010	LD_0.9_14_1853
JU3171	0.000010	0.000010	0.000010	0.000010	0.000010	0.000010	0.000010	0.000010	0.000010	0.920347	0.000010	0.000010	0.079532	0.000010	LD_0.9_14_1853
JU3200	0.000010	0.000010	0.000010	0.000010	0.999861	0.000019	0.000010	0.000010	0.000010	0.000010	0.000010	0.000010	0.000010	0.000010	LD_0.9_14_1853
JU3201	0.000010	0.000010	0.000012	0.000010	0.999860	0.000017	0.000010	0.000010	0.000010	0.000010	0.000010	0.000010	0.000010	0.000010	LD_0.9_14_1853
JU3202	0.000010	0.000010	0.000011	0.000010	0.999861	0.000010	0.000010	0.000010	0.000010	0.000011	0.000016	0.000010	0.000010	0.000010	LD_0.9_14_1853
JU3203	0.000010	0.000010	0.000010	0.000010	0.999869	0.000010	0.000010	0.000010	0.000010	0.000010	0.000011	0.000010	0.000010	0.000010	LD_0.9_14_1853
JU3206	0.000010	0.000010	0.000010	0.000010	0.999866	0.000010	0.000010	0.000010	0.000010	0.000010	0.000010	0.000014	0.000010	0.000010	LD_0.9_14_1853
JU3207	0.000010	0.000010	0.000010	0.000010	0.000011	0.000010	0.000010	0.000010	0.000010	0.907225	0.000010	0.000010	0.092654	0.000010	LD_0.9_14_1853
JU3237	0.000011	0.000013	0.000010	0.000010	0.000010	0.000010	0.000010	0.999855	0.000010	0.000010	0.000020	0.000010	0.000010	0.000010	LD_0.9_14_1853
JU3272	0.999864	0.000010	0.000014	0.000010	0.000011	0.000011	0.000010	0.000010	0.000010	0.000010	0.000010	0.000010	0.000010	0.000010	LD_0.9_14_1853
JU3281	0.000010	0.000010	0.000010	0.000015	0.000010	0.000010	0.000010	0.000010	0.000010	0.000010	0.000018	0.000010	0.999858	0.000010	LD_0.9_14_1853
JU3319	0.000010	0.000010	0.000010	0.000010	0.000010	0.000010	0.000010	0.000010	0.000010	0.000010	0.000010	0.796407	0.203473	0.000010	LD_0.9_14_1853
JU3321	0.000010	0.000010	0.000010	0.000010	0.000010	0.000010	0.000010	0.000010	0.000010	0.000010	0.000011	0.000010	0.999869	0.000010	LD_0.9_14_1853
JU3326	0.096178	0.000010	0.000010	0.000010	0.000010	0.000010	0.000010	0.000010	0.903702	0.000010	0.000010	0.000010	0.000010	0.000010	LD_0.9_14_1853
JU3327	0.000010	0.000010	0.000010	0.000010	0.000010	0.000010	0.000010	0.000010	0.000010	0.000010	0.000010	0.047978	0.951902	0.000010	LD_0.9_14_1853
JU3416	0.740338	0.000010	0.000010	0.000010	0.000010	0.000010	0.000010	0.000010	0.259542	0.000010	0.000010	0.000010	0.000010	0.000010	LD_0.9_14_1853
JU4042	0.000010	0.000010	0.000010	0.000010	0.000010	0.000010	0.000010	0.000010	0.000010	0.000010	0.000010	0.000010	0.999870	0.000010	LD_0.9_14_1853
JU4051	0.000010	0.000010	0.000010	0.000010	0.000010	0.000010	0.000010	0.000010	0.000010	0.000010	0.000010	0.999868	0.000012	0.000010	LD_0.9_14_1853
JU4058	0.000010	0.000010	0.000010	0.000010	0.000010	0.000010	0.000010	0.000010	0.000010	0.000010	0.000010	0.999870	0.000010	0.000010	LD_0.9_14_1853
JU4060	0.000010	0.000010	0.000010	0.000010	0.000010	0.000010	0.000010	0.000010	0.000010	0.000010	0.000010	0.999870	0.000010	0.000010	LD_0.9_14_1853
JU4062	0.000010	0.000010	0.000010	0.000010	0.000010	0.000010	0.000010	0.000012	0.000010	0.000010	0.000010	0.999862	0.000016	0.000010	LD_0.9_14_1853
JU4064	0.000010	0.000010	0.000010	0.000010	0.000010	0.000010	0.000015	0.000010	0.000010	0.000010	0.000011	0.999864	0.000010	0.000010	LD_0.9_14_1853
JU4080	0.000011	0.000010	0.000010	0.000010	0.000010	0.000010	0.000010	0.000010	0.000010	0.039362	0.000010	0.000010	0.960516	0.000010	LD_0.9_14_1853
JU4084	0.000010	0.000010	0.000010	0.000010	0.000010	0.000010	0.000010	0.000010	0.000010	0.000010	0.000010	0.999870	0.000010	0.000010	LD_0.9_14_1853
JU4097	0.000010	0.000010	0.000010	0.000010	0.000010	0.000010	0.000010	0.000010	0.000010	0.000010	0.000010	0.999870	0.000010	0.000010	LD_0.9_14_1853
JU725	0.000010	0.000010	0.000010	0.000010	0.000010	0.000010	0.000010	0.000010	0.000010	0.000010	0.000010	0.732600	0.267280	0.000010	LD_0.9_14_1853
MY2716	0.000010	0.000010	0.000011	0.000010	0.000010	0.000011	0.000010	0.000010	0.000010	0.000010	0.000010	0.000010	0.999869	0.000010	LD_0.9_14_1853
MY539	0.000010	0.000010	0.000010	0.000010	0.000010	0.000010	0.000010	0.000010	0.000010	0.742652	0.000010	0.000010	0.257228	0.000010	LD_0.9_14_1853
NIC1050	0.000010	0.000010	0.000010	0.322306	0.000010	0.000010	0.000010	0.000010	0.000010	0.067215	0.610369	0.000010	0.000010	0.000010	LD_0.9_14_1853
NIC1052	0.000010	0.000010	0.000010	0.401170	0.000010	0.000010	0.000010	0.000010	0.000010	0.084718	0.514002	0.000010	0.000010	0.000010	LD_0.9_14_1853
NIC1054	0.000011	0.000010	0.000011	0.206092	0.000011	0.000010	0.000010	0.000010	0.000010	0.000010	0.793785	0.000012	0.000010	0.000010	LD_0.9_14_1853
NIC1055	0.000010	0.000010	0.000010	0.360257	0.000010	0.000010	0.000010	0.000011	0.000010	0.000010	0.639620	0.000010	0.000011	0.000010	LD_0.9_14_1853
NIC1057	0.000016	0.000010	0.000010	0.347978	0.000010	0.000010	0.000010	0.000010	0.000010	0.000010	0.651896	0.000010	0.000010	0.000010	LD_0.9_14_1853
NIC1058	0.000010	0.000010	0.000010	0.329678	0.000010	0.000010	0.000010	0.000011	0.000010	0.000010	0.670197	0.000013	0.000010	0.000010	LD_0.9_14_1853
NIC1059	0.000010	0.000010	0.000010	0.268305	0.000010	0.000010	0.000010	0.000015	0.000010	0.000010	0.731564	0.000013	0.000012	0.000010	LD_0.9_14_1853
NIC1060	0.000015	0.000010	0.000010	0.180471	0.000010	0.000010	0.000010	0.000010	0.000010	0.000010	0.819398	0.000013	0.000013	0.000010	LD_0.9_14_1853
NIC1062	0.000010	0.000010	0.000011	0.181122	0.000010	0.000010	0.000010	0.000010	0.000010	0.578563	0.212359	0.000010	0.027855	0.000010	LD_0.9_14_1853
NIC1069	0.000010	0.000010	0.000010	0.000010	0.000010	0.000010	0.000010	0.000010	0.000010	0.774198	0.225682	0.000010	0.000010	0.000010	LD_0.9_14_1853
NIC1103	0.000010	0.000010	0.000010	0.333338	0.000010	0.000010	0.000010	0.000010	0.000010	0.000010	0.617851	0.000010	0.048701	0.000010	LD_0.9_14_1853
NIC1104	0.000010	0.000010	0.000010	0.067574	0.000010	0.000010	0.000010	0.000010	0.000010	0.818123	0.114193	0.000010	0.000010	0.000010	LD_0.9_14_1853
NIC1106	0.000010	0.000010	0.000010	0.221346	0.000010	0.000010	0.000010	0.000010	0.000010	0.638138	0.140406	0.000010	0.000010	0.000010	LD_0.9_14_1853
NIC1117	0.000010	0.000010	0.000010	0.000010	0.000010	0.000010	0.000010	0.000010	0.000010	0.000010	0.000010	0.000010	0.999870	0.000010	LD_0.9_14_1853
NIC1123	0.000011	0.000010	0.000010	0.000010	0.000010	0.000010	0.000010	0.000010	0.000010	0.000012	0.000010	0.999867	0.000010	0.000010	LD_0.9_14_1853
NIC1124	0.000010	0.000010	0.000010	0.000010	0.000010	0.000010	0.000010	0.000010	0.000010	0.000010	0.999870	0.000010	0.000010	0.000010	LD_0.9_14_1853
NIC1135	0.000010	0.000010	0.000010	0.012522	0.000010	0.000010	0.000010	0.000010	0.000010	0.000010	0.987358	0.000010	0.000010	0.000010	LD_0.9_14_1853
NIC1138	0.000010	0.000010	0.000010	0.000010	0.000010	0.000010	0.000010	0.000010	0.000010	0.000010	0.999870	0.000010	0.000010	0.000010	LD_0.9_14_1853
NIC1141	0.000012	0.000010	0.000010	0.000010	0.000010	0.000010	0.000010	0.000010	0.000010	0.000010	0.999868	0.000010	0.000010	0.000010	LD_0.9_14_1853
NIC115	0.000010	0.000010	0.000010	0.000010	0.000010	0.000010	0.000010	0.000010	0.000010	0.478798	0.521082	0.000010	0.000010	0.000010	LD_0.9_14_1853
NIC117	0.000010	0.000010	0.000010	0.000010	0.000010	0.000010	0.000010	0.000010	0.000010	0.498202	0.501678	0.000010	0.000010	0.000010	LD_0.9_14_1853
NIC1183	0.000010	0.000010	0.000010	0.000010	0.000010	0.000010	0.000010	0.000010	0.000010	0.000010	0.999870	0.000010	0.000010	0.000010	LD_0.9_14_1853
NIC119	0.000010	0.000010	0.000010	0.000010	0.000010	0.000010	0.000010	0.000010	0.000010	0.435217	0.564663	0.000010	0.000010	0.000010	LD_0.9_14_1853
NIC1190	0.000010	0.000010	0.000010	0.000010	0.000010	0.000010	0.000010	0.000010	0.000010	0.000010	0.999870	0.000010	0.000010	0.000010	LD_0.9_14_1853
NIC1202	0.000010	0.000010	0.000010	0.000010	0.000010	0.000010	0.000010	0.000010	0.000010	0.210646	0.034956	0.000010	0.754288	0.000010	LD_0.9_14_1853
NIC1204	0.000010	0.000010	0.000010	0.000010	0.000010	0.000010	0.000010	0.000010	0.000010	0.173056	0.037996	0.009967	0.778881	0.000010	LD_0.9_14_1853
NIC1205	0.000010	0.000010	0.000010	0.000010	0.000010	0.000010	0.825233	0.000010	0.000010	0.000010	0.000011	0.000010	0.000010	0.174646	LD_0.9_14_1853
NIC1218	0.000010	0.000010	0.000010	0.000012	0.000010	0.000010	0.000010	0.000010	0.000010	0.123568	0.000010	0.000010	0.876310	0.000010	LD_0.9_14_1853
NIC1220	0.000010	0.000010	0.000010	0.000010	0.000010	0.000010	0.999870	0.000010	0.000010	0.000010	0.000010	0.000010	0.000010	0.000010	LD_0.9_14_1853
NIC1221	0.000010	0.000010	0.000010	0.000010	0.000010	0.000010	0.000010	0.000010	0.000010	0.000010	0.036222	0.000010	0.963658	0.000010	LD_0.9_14_1853
NIC123	0.000010	0.000010	0.000010	0.000010	0.000010	0.000010	0.000010	0.000010	0.000010	0.473981	0.525899	0.000010	0.000010	0.000010	LD_0.9_14_1853
NIC1267	0.000010	0.000010	0.000010	0.000010	0.000011	0.000011	0.000010	0.000010	0.000010	0.350706	0.638652	0.000010	0.010530	0.000010	LD_0.9_14_1853
NIC1283	0.000010	0.000010	0.000010	0.000010	0.000010	0.000010	0.000010	0.000010	0.000010	0.025028	0.974852	0.000010	0.000010	0.000010	LD_0.9_14_1853
NIC1288	0.000010	0.000010	0.000010	0.212713	0.000010	0.000010	0.000010	0.000010	0.000010	0.000010	0.671222	0.115955	0.000010	0.000010	LD_0.9_14_1853
NIC1292	0.000010	0.000010	0.000010	0.000010	0.000010	0.000010	0.000010	0.000010	0.000010	0.000010	0.999870	0.000010	0.000010	0.000010	LD_0.9_14_1853
NIC1302	0.000010	0.000010	0.000010	0.000010	0.000010	0.000010	0.000010	0.000010	0.000010	0.000010	0.999869	0.000010	0.000010	0.000010	LD_0.9_14_1853
NIC1304	0.000010	0.000010	0.000011	0.000018	0.000010	0.000010	0.000010	0.000010	0.000010	0.000010	0.999860	0.000010	0.000010	0.000010	LD_0.9_14_1853
NIC1308	0.000010	0.000010	0.000010	0.000010	0.000010	0.000010	0.000010	0.000010	0.000010	0.295148	0.150124	0.554617	0.000010	0.000010	LD_0.9_14_1853
NIC1407	0.000010	0.000010	0.000010	0.068271	0.000010	0.000010	0.000010	0.000010	0.000010	0.000010	0.931609	0.000010	0.000010	0.000010	LD_0.9_14_1853
NIC1421	0.000010	0.000010	0.000010	0.144744	0.000010	0.000010	0.000010	0.000010	0.000010	0.187966	0.667180	0.000010	0.000010	0.000010	LD_0.9_14_1853
NIC1423	0.000010	0.000010	0.000010	0.237063	0.000010	0.000010	0.000010	0.000010	0.000010	0.000010	0.762817	0.000010	0.000010	0.000010	LD_0.9_14_1853
NIC1442	0.000010	0.000010	0.000010	0.000010	0.000010	0.000010	0.000011	0.000010	0.000010	0.000010	0.999864	0.000015	0.000010	0.000010	LD_0.9_14_1853
NIC1491	0.000010	0.000010	0.000010	0.000010	0.000010	0.000010	0.000011	0.000010	0.000010	0.000010	0.999864	0.000015	0.000010	0.000010	LD_0.9_14_1853
NIC1525	0.000010	0.000010	0.000010	0.000010	0.000010	0.000010	0.000010	0.000010	0.000010	0.972953	0.026106	0.000010	0.000831	0.000010	LD_0.9_14_1853
NIC1528	0.000010	0.000010	0.000010	0.000010	0.000010	0.000010	0.000010	0.000010	0.000010	0.987517	0.012363	0.000010	0.000010	0.000010	LD_0.9_14_1853
NIC1529	0.000010	0.000010	0.000010	0.000011	0.000010	0.000010	0.000010	0.000014	0.000010	0.999560	0.000315	0.000010	0.000010	0.000010	LD_0.9_14_1853
NIC1533	0.000010	0.000010	0.000010	0.000010	0.000010	0.000010	0.000010	0.000010	0.000010	0.999870	0.000010	0.000010	0.000010	0.000010	LD_0.9_14_1853
NIC1535	0.000010	0.000010	0.000010	0.000010	0.000010	0.000010	0.000010	0.000010	0.000010	0.966997	0.032883	0.000010	0.000010	0.000010	LD_0.9_14_1853
NIC1539	0.000010	0.000010	0.000010	0.000010	0.000010	0.000010	0.999870	0.000010	0.000010	0.000010	0.000010	0.000010	0.000010	0.000010	LD_0.9_14_1853
NIC1540	0.000011	0.999866	0.000011	0.000010	0.000010	0.000010	0.000010	0.000010	0.000010	0.000010	0.000012	0.000010	0.000010	0.000010	LD_0.9_14_1853
NIC1562	0.000010	0.000013	0.000011	0.000012	0.000010	0.000010	0.931263	0.000013	0.000010	0.000010	0.000010	0.000010	0.000010	0.068609	LD_0.9_14_1853
NIC1589	0.000010	0.999863	0.000010	0.000010	0.000010	0.000010	0.000010	0.000010	0.000017	0.000010	0.000010	0.000010	0.000010	0.000010	LD_0.9_14_1853
NIC1590	0.000010	0.000010	0.000010	0.000010	0.000010	0.000010	0.000010	0.000010	0.000010	0.000010	0.000010	0.000010	0.000010	0.999870	LD_0.9_14_1853
NIC1591	0.000010	0.999866	0.000010	0.000010	0.000010	0.000010	0.000010	0.000010	0.000014	0.000010	0.000010	0.000010	0.000010	0.000010	LD_0.9_14_1853
NIC1593	0.000010	0.999870	0.000010	0.000010	0.000010	0.000010	0.000010	0.000010	0.000010	0.000010	0.000010	0.000010	0.000010	0.000010	LD_0.9_14_1853
NIC1595	0.000010	0.000010	0.000010	0.000010	0.000010	0.000010	0.999864	0.000010	0.000010	0.000010	0.000010	0.000010	0.000016	0.000010	LD_0.9_14_1853
NIC1598	0.000010	0.000010	0.000010	0.000010	0.000010	0.000010	0.000010	0.000010	0.000010	0.000010	0.000010	0.000010	0.000010	0.999870	LD_0.9_14_1853
NIC1602	0.000010	0.000010	0.000010	0.000010	0.000010	0.000010	0.402246	0.000010	0.000010	0.000011	0.000010	0.000010	0.000010	0.597633	LD_0.9_14_1853
NIC1607	0.000010	0.000010	0.999870	0.000010	0.000010	0.000010	0.000010	0.000010	0.000010	0.000010	0.000010	0.000010	0.000010	0.000010	LD_0.9_14_1853
NIC1628	0.000010	0.000010	0.000010	0.000010	0.000010	0.000010	0.000010	0.000010	0.000010	0.000010	0.000010	0.000010	0.999870	0.000010	LD_0.9_14_1853
NIC1630	0.000010	0.000010	0.000011	0.000010	0.000010	0.000010	0.968147	0.000010	0.000010	0.000010	0.000010	0.000010	0.000010	0.031733	LD_0.9_14_1853
NIC1631	0.000011	0.000010	0.000010	0.000010	0.000010	0.000010	0.999869	0.000010	0.000010	0.000010	0.000010	0.000010	0.000010	0.000010	LD_0.9_14_1853
NIC1632	0.999869	0.000010	0.000011	0.000010	0.000010	0.000010	0.000010	0.000010	0.000010	0.000010	0.000010	0.000010	0.000010	0.000010	LD_0.9_14_1853
NIC1633	0.999870	0.000010	0.000010	0.000010	0.000010	0.000010	0.000010	0.000010	0.000010	0.000010	0.000010	0.000010	0.000010	0.000010	LD_0.9_14_1853
NIC1635	0.999855	0.000013	0.000010	0.000010	0.000010	0.000010	0.000015	0.000010	0.000010	0.000010	0.000010	0.000011	0.000016	0.000010	LD_0.9_14_1853
NIC1645	0.000010	0.000010	0.000010	0.000010	0.000013	0.000010	0.334914	0.000013	0.000010	0.000010	0.000010	0.000010	0.000010	0.664959	LD_0.9_14_1853
NIC1660	0.000013	0.000012	0.000013	0.000010	0.000010	0.000010	0.974853	0.000010	0.000010	0.000010	0.000010	0.000010	0.000010	0.025020	LD_0.9_14_1853
NIC1661	0.000010	0.000010	0.000010	0.000010	0.000010	0.000010	0.000010	0.000010	0.000010	0.000010	0.000010	0.000010	0.000010	0.999870	LD_0.9_14_1853
NIC1662	0.000011	0.000015	0.000013	0.000010	0.000010	0.000015	0.757228	0.000010	0.000012	0.000010	0.000011	0.000010	0.000010	0.242634	LD_0.9_14_1853
NIC1663	0.000010	0.000010	0.000010	0.000010	0.000010	0.000010	0.000010	0.000010	0.000010	0.000010	0.000010	0.000010	0.000010	0.999870	LD_0.9_14_1853
NIC1664	0.000010	0.999866	0.000010	0.000012	0.000010	0.000010	0.000012	0.000010	0.000010	0.000010	0.000010	0.000010	0.000010	0.000010	LD_0.9_14_1853
NIC1665	0.000010	0.999870	0.000010	0.000010	0.000010	0.000010	0.000010	0.000010	0.000010	0.000010	0.000010	0.000010	0.000010	0.000010	LD_0.9_14_1853
NIC1666	0.000010	0.000010	0.000010	0.000010	0.000010	0.000010	0.000010	0.000010	0.000010	0.000010	0.000010	0.000010	0.000010	0.999870	LD_0.9_14_1853
NIC1667	0.000010	0.000010	0.000010	0.000010	0.000010	0.000010	0.999870	0.000010	0.000010	0.000010	0.000010	0.000010	0.000010	0.000010	LD_0.9_14_1853
NIC1681	0.000011	0.000013	0.000010	0.000010	0.000010	0.000011	0.707979	0.000010	0.000010	0.000010	0.000010	0.000010	0.000010	0.291896	LD_0.9_14_1853
NIC1688	0.000010	0.000010	0.000010	0.000010	0.000010	0.000010	0.000010	0.000010	0.000010	0.000010	0.000010	0.000010	0.999870	0.000010	LD_0.9_14_1853
NIC1692	0.000010	0.000010	0.000010	0.000010	0.000010	0.000010	0.000010	0.000010	0.000010	0.000010	0.000010	0.000010	0.000010	0.999870	LD_0.9_14_1853
NIC1693	0.000013	0.000010	0.000014	0.000010	0.000010	0.000010	0.677363	0.000010	0.000010	0.000010	0.000010	0.000010	0.000010	0.322510	LD_0.9_14_1853
NIC17	0.000010	0.000010	0.000010	0.000010	0.000010	0.000010	0.000010	0.000010	0.000010	0.999870	0.000010	0.000010	0.000010	0.000010	LD_0.9_14_1853
NIC174	0.999863	0.000010	0.000010	0.000010	0.000010	0.000010	0.000010	0.000010	0.000010	0.000010	0.000010	0.000017	0.000010	0.000010	LD_0.9_14_1853
NIC187	0.000010	0.000010	0.000010	0.000010	0.000010	0.000010	0.000010	0.000010	0.000010	0.322989	0.676891	0.000010	0.000010	0.000010	LD_0.9_14_1853
NIC188	0.000010	0.000010	0.000010	0.000010	0.000010	0.000010	0.000010	0.000010	0.000010	0.382961	0.616919	0.000010	0.000010	0.000010	LD_0.9_14_1853
NIC19	0.000010	0.999869	0.000010	0.000010	0.000010	0.000011	0.000010	0.000010	0.000010	0.000010	0.000010	0.000010	0.000010	0.000010	LD_0.9_14_1853
NIC191	0.000010	0.000010	0.000010	0.000010	0.000010	0.000010	0.000010	0.000010	0.000010	0.528431	0.471449	0.000010	0.000010	0.000010	LD_0.9_14_1853
NIC20	0.000010	0.999870	0.000010	0.000010	0.000010	0.000010	0.000010	0.000010	0.000010	0.000010	0.000010	0.000010	0.000010	0.000010	LD_0.9_14_1853
NIC21	0.000010	0.999868	0.000010	0.000010	0.000010	0.000010	0.000010	0.000010	0.000012	0.000010	0.000010	0.000010	0.000010	0.000010	LD_0.9_14_1853
NIC22	0.000010	0.999870	0.000010	0.000010	0.000010	0.000010	0.000010	0.000010	0.000010	0.000010	0.000010	0.000010	0.000010	0.000010	LD_0.9_14_1853
NIC2369	0.000010	0.000010	0.000010	0.000010	0.000010	0.000010	0.000010	0.000010	0.000010	0.000010	0.000010	0.999870	0.000010	0.000010	LD_0.9_14_1853
NIC248	0.000010	0.000010	0.000010	0.000010	0.000010	0.000010	0.000010	0.000010	0.000010	0.512124	0.487756	0.000010	0.000010	0.000010	LD_0.9_14_1853
NIC250	0.000010	0.000010	0.000010	0.000010	0.000010	0.000010	0.000010	0.000010	0.000010	0.611538	0.388342	0.000010	0.000010	0.000010	LD_0.9_14_1853
NIC2527	0.000010	0.000010	0.000010	0.000010	0.000010	0.000010	0.000010	0.000010	0.000010	0.000010	0.000010	0.000010	0.999870	0.000010	LD_0.9_14_1853
NIC309	0.000010	0.000010	0.000010	0.000010	0.000010	0.000010	0.000010	0.000010	0.000010	0.000010	0.999870	0.000010	0.000010	0.000010	LD_0.9_14_1853
NIC325	0.000010	0.000010	0.000010	0.000010	0.000010	0.000010	0.000010	0.000010	0.000010	0.000010	0.999870	0.000010	0.000010	0.000010	LD_0.9_14_1853
NIC327	0.000010	0.000010	0.000011	0.221245	0.000010	0.000010	0.000010	0.000011	0.000010	0.000015	0.778628	0.000010	0.000010	0.000010	LD_0.9_14_1853
NIC329	0.000010	0.000010	0.000010	0.115449	0.000010	0.000010	0.000011	0.000010	0.000010	0.000010	0.884430	0.000010	0.000010	0.000010	LD_0.9_14_1853
NIC330	0.000010	0.000010	0.000012	0.072830	0.000011	0.000010	0.000010	0.000014	0.000010	0.059552	0.867494	0.000017	0.000010	0.000010	LD_0.9_14_1853
NIC331	0.000010	0.000010	0.000011	0.160159	0.000010	0.000010	0.000010	0.000010	0.000010	0.031871	0.807859	0.000010	0.000010	0.000010	LD_0.9_14_1853
NIC332	0.000010	0.000010	0.000010	0.231588	0.000010	0.000010	0.000010	0.000010	0.000010	0.000010	0.768292	0.000010	0.000010	0.000010	LD_0.9_14_1853
NIC333	0.000010	0.000010	0.000010	0.023112	0.000010	0.000010	0.000010	0.000010	0.000010	0.000010	0.976768	0.000010	0.000010	0.000010	LD_0.9_14_1853
NIC343	0.000010	0.000010	0.000010	0.000010	0.000010	0.000010	0.000010	0.000010	0.000010	0.000010	0.000010	0.022684	0.977196	0.000010	LD_0.9_14_1853
NIC392	0.000010	0.000010	0.000010	0.000010	0.000010	0.000010	0.000010	0.000010	0.000010	0.342130	0.657750	0.000010	0.000010	0.000010	LD_0.9_14_1853
NIC400	0.000010	0.000010	0.000010	0.203339	0.000010	0.000010	0.000010	0.000010	0.000010	0.000010	0.796541	0.000010	0.000010	0.000010	LD_0.9_14_1853
NIC402	0.000010	0.000010	0.000010	0.190986	0.000010	0.000010	0.000010	0.000010	0.000010	0.000010	0.808894	0.000010	0.000010	0.000010	LD_0.9_14_1853
NIC419	0.000010	0.000010	0.000010	0.000010	0.000010	0.000010	0.000010	0.000010	0.000010	0.000010	0.000010	0.999870	0.000010	0.000010	LD_0.9_14_1853
NIC504	0.000010	0.000010	0.000010	0.000010	0.000010	0.000010	0.000010	0.000010	0.000010	0.000010	0.000010	0.000010	0.000010	0.999870	LD_0.9_14_1853
NIC505	0.000010	0.000010	0.000010	0.000010	0.000010	0.000010	0.000010	0.000010	0.000010	0.000010	0.000010	0.000010	0.000010	0.999870	LD_0.9_14_1853
NIC518	0.000010	0.000010	0.000010	0.000010	0.000010	0.000010	0.999870	0.000010	0.000010	0.000010	0.000010	0.000010	0.000010	0.000010	LD_0.9_14_1853
NIC519	0.000010	0.000010	0.000010	0.000010	0.000010	0.000010	0.999870	0.000010	0.000010	0.000010	0.000010	0.000010	0.000010	0.000010	LD_0.9_14_1853
NIC532	0.000010	0.000010	0.000010	0.000010	0.000010	0.000010	0.000010	0.000010	0.000010	0.568936	0.430944	0.000010	0.000010	0.000010	LD_0.9_14_1853
NIC541	0.000010	0.000010	0.000010	0.113411	0.000010	0.000010	0.000010	0.300389	0.000010	0.102512	0.483589	0.000010	0.000010	0.000010	LD_0.9_14_1853
NIC549	0.000010	0.000010	0.000010	0.000010	0.000010	0.000010	0.000010	0.000010	0.000010	0.777476	0.222404	0.000010	0.000010	0.000010	LD_0.9_14_1853
NIC552	0.000010	0.000010	0.000010	0.000010	0.000010	0.000010	0.000010	0.000010	0.000010	0.787173	0.212707	0.000010	0.000010	0.000010	LD_0.9_14_1853
NIC555	0.000010	0.000010	0.000010	0.108171	0.000010	0.000010	0.000010	0.000010	0.000010	0.455136	0.436583	0.000010	0.000010	0.000010	LD_0.9_14_1853
NIC561	0.000010	0.000010	0.000010	0.000010	0.000010	0.000010	0.000010	0.000010	0.000010	0.631014	0.368866	0.000010	0.000010	0.000010	LD_0.9_14_1853
NIC574	0.000010	0.000010	0.000010	0.000010	0.000010	0.000010	0.000010	0.000010	0.000010	0.622338	0.377542	0.000010	0.000010	0.000010	LD_0.9_14_1853
NIC578	0.000010	0.000010	0.000010	0.000010	0.000010	0.000010	0.000010	0.000010	0.000010	0.401924	0.597956	0.000010	0.000010	0.000010	LD_0.9_14_1853
NIC583	0.000010	0.000010	0.000010	0.000010	0.000010	0.000010	0.000010	0.000010	0.000010	0.403244	0.596636	0.000010	0.000010	0.000010	LD_0.9_14_1853
NIC590	0.000010	0.000010	0.000010	0.000010	0.000010	0.000010	0.000010	0.112562	0.000010	0.102594	0.784734	0.000010	0.000010	0.000010	LD_0.9_14_1853
NIC593	0.000010	0.000010	0.000010	0.000010	0.000010	0.000010	0.000010	0.000010	0.000010	0.830231	0.169645	0.000015	0.000010	0.000010	LD_0.9_14_1853
NIC60	0.000010	0.000010	0.000010	0.000020	0.000010	0.000010	0.000010	0.000011	0.000010	0.000017	0.999853	0.000010	0.000010	0.000010	LD_0.9_14_1853
NIC61	0.000012	0.000012	0.000010	0.000010	0.000010	0.000010	0.000010	0.000010	0.000014	0.864698	0.135174	0.000010	0.000010	0.000010	LD_0.9_14_1853
NIC62	0.000010	0.000010	0.000010	0.000010	0.000010	0.000010	0.000010	0.000010	0.000010	0.388440	0.611439	0.000010	0.000011	0.000010	LD_0.9_14_1853
NIC67	0.000010	0.000010	0.000010	0.000010	0.000010	0.000010	0.000010	0.000010	0.000010	0.000010	0.000010	0.999870	0.000010	0.000010	LD_0.9_14_1853
NIC758	0.000010	0.000010	0.000010	0.000010	0.000010	0.000010	0.000010	0.116758	0.000010	0.274593	0.608539	0.000010	0.000010	0.000010	LD_0.9_14_1853
NIC777	0.000010	0.000010	0.000010	0.106687	0.000010	0.000010	0.000010	0.000010	0.000010	0.389107	0.504097	0.000010	0.000010	0.000010	LD_0.9_14_1853
NIC779	0.000010	0.000010	0.000010	0.000010	0.000010	0.000010	0.000010	0.000010	0.000010	0.000010	0.000010	0.000010	0.000010	0.999870	LD_0.9_14_1853
NIC790	0.000010	0.000010	0.000010	0.000010	0.000010	0.000010	0.000010	0.000015	0.000010	0.000010	0.000010	0.000010	0.999865	0.000010	LD_0.9_14_1853
NIC791	0.000010	0.000010	0.000010	0.000010	0.000010	0.000010	0.000010	0.915912	0.000010	0.000010	0.000010	0.000010	0.083968	0.000010	LD_0.9_14_1853
NIC792	0.000010	0.000010	0.000010	0.000013	0.000010	0.000010	0.000010	0.288787	0.000010	0.000010	0.000010	0.000018	0.711082	0.000010	LD_0.9_14_1853
NIC793	0.000010	0.000010	0.000010	0.000010	0.000010	0.000010	0.000010	0.000010	0.000010	0.000010	0.000010	0.000010	0.999870	0.000010	LD_0.9_14_1853
NIC795	0.000010	0.000010	0.000010	0.000010	0.000010	0.000010	0.000010	0.000010	0.000010	0.000010	0.000010	0.000010	0.999870	0.000010	LD_0.9_14_1853
NIC796	0.000010	0.000010	0.000010	0.000010	0.000010	0.000010	0.000010	0.000010	0.000010	0.000010	0.000010	0.000010	0.999870	0.000010	LD_0.9_14_1853
NIC802	0.000010	0.000010	0.000010	0.000010	0.000010	0.000010	0.000010	0.000010	0.000010	0.000010	0.000010	0.000010	0.999870	0.000010	LD_0.9_14_1853
NIC803	0.000010	0.000010	0.000010	0.000010	0.000010	0.000010	0.000010	0.000010	0.000010	0.000010	0.082804	0.000010	0.917076	0.000010	LD_0.9_14_1853
NIC805	0.000010	0.000010	0.000010	0.000010	0.000010	0.000010	0.999864	0.000010	0.000010	0.000010	0.000010	0.000010	0.000016	0.000010	LD_0.9_14_1853
NIC811	0.000010	0.000010	0.000010	0.000010	0.000010	0.000010	0.000010	0.000010	0.000010	0.000010	0.000010	0.000010	0.999870	0.000010	LD_0.9_14_1853
NIC814	0.000014	0.000012	0.000013	0.000010	0.000010	0.000010	0.352351	0.000010	0.000011	0.000011	0.000010	0.000010	0.000010	0.647518	LD_0.9_14_1853
NIC815	0.000010	0.000010	0.000010	0.000010	0.000010	0.000010	0.999870	0.000010	0.000010	0.000010	0.000010	0.000010	0.000010	0.000010	LD_0.9_14_1853
NIC816	0.000010	0.999863	0.000010	0.000010	0.000010	0.000013	0.000010	0.000010	0.000010	0.000014	0.000010	0.000010	0.000010	0.000010	LD_0.9_14_1853
NIC819	0.000010	0.000010	0.999870	0.000010	0.000010	0.000010	0.000010	0.000010	0.000010	0.000010	0.000010	0.000010	0.000010	0.000010	LD_0.9_14_1853
NIC821	0.000010	0.000010	0.000010	0.000010	0.000010	0.000010	0.000010	0.000010	0.000010	0.000010	0.100646	0.000010	0.899234	0.000010	LD_0.9_14_1853
NIC822	0.000010	0.000010	0.000010	0.000010	0.000010	0.000010	0.000010	0.000014	0.000010	0.000010	0.000010	0.000010	0.000010	0.999866	LD_0.9_14_1853
NIC824	0.000010	0.000010	0.000012	0.000010	0.000010	0.000010	0.999868	0.000010	0.000010	0.000010	0.000010	0.000010	0.000010	0.000010	LD_0.9_14_1853
NIC825	0.000010	0.999869	0.000011	0.000010	0.000010	0.000010	0.000010	0.000010	0.000010	0.000010	0.000010	0.000010	0.000010	0.000010	LD_0.9_14_1853
NIC827	0.000010	0.999870	0.000010	0.000010	0.000010	0.000010	0.000010	0.000010	0.000010	0.000010	0.000010	0.000010	0.000010	0.000010	LD_0.9_14_1853
NIC828	0.000010	0.999858	0.000010	0.000010	0.000010	0.000010	0.000010	0.000019	0.000010	0.000011	0.000012	0.000010	0.000010	0.000010	LD_0.9_14_1853
NIC863	0.000010	0.000010	0.000010	0.000010	0.000010	0.000010	0.000010	0.000010	0.000010	0.000010	0.000010	0.000010	0.000010	0.999870	LD_0.9_14_1853
NIC864	0.000013	0.000012	0.000012	0.000010	0.000010	0.000013	0.999858	0.000012	0.000010	0.000010	0.000010	0.000010	0.000010	0.000010	LD_0.9_14_1853
NIC865	0.000010	0.000010	0.000010	0.000010	0.000010	0.000010	0.000010	0.000010	0.000010	0.000010	0.000010	0.000010	0.000010	0.999870	LD_0.9_14_1853
NIC871	0.000010	0.000010	0.000010	0.000010	0.000010	0.000010	0.000010	0.000010	0.000010	0.000010	0.000010	0.000010	0.999870	0.000010	LD_0.9_14_1853
NIC883	0.000010	0.000010	0.000010	0.000010	0.000010	0.000010	0.000010	0.000010	0.000010	0.000010	0.000010	0.000010	0.999870	0.000010	LD_0.9_14_1853
NIC889	0.000010	0.000010	0.000010	0.000010	0.000010	0.000010	0.999870	0.000010	0.000010	0.000010	0.000010	0.000010	0.000010	0.000010	LD_0.9_14_1853
NIC893	0.000010	0.000013	0.000010	0.000010	0.000010	0.000010	0.000010	0.000010	0.999867	0.000010	0.000010	0.000010	0.000010	0.000010	LD_0.9_14_1853
NIC897	0.000010	0.000011	0.000011	0.000010	0.000014	0.000010	0.951482	0.000010	0.000014	0.000010	0.000011	0.000010	0.000010	0.048387	LD_0.9_14_1853
NIC899	0.999866	0.000010	0.000011	0.000013	0.000010	0.000010	0.000010	0.000010	0.000010	0.000010	0.000010	0.000010	0.000010	0.000010	LD_0.9_14_1853
NIC901	0.000010	0.000010	0.000010	0.000010	0.000010	0.000010	0.000010	0.000010	0.000010	0.999870	0.000010	0.000010	0.000010	0.000010	LD_0.9_14_1853
NIC911	0.000010	0.000010	0.000010	0.000010	0.000010	0.000010	0.000010	0.000010	0.000010	0.261186	0.142027	0.000011	0.596675	0.000010	LD_0.9_14_1853
NIC96	0.000010	0.000010	0.000010	0.000010	0.000010	0.000010	0.000011	0.000010	0.000010	0.000010	0.999869	0.000010	0.000010	0.000010	LD_0.9_14_1853
NIC984	0.000010	0.000010	0.000010	0.000010	0.000010	0.000010	0.000010	0.000010	0.000010	0.016169	0.110570	0.000015	0.873146	0.000010	LD_0.9_14_1853
NIC985	0.000010	0.000010	0.000010	0.000015	0.000010	0.000012	0.000010	0.000010	0.000010	0.265175	0.074719	0.164238	0.495760	0.000010	LD_0.9_14_1853
PB800	0.999862	0.000013	0.000014	0.000010	0.000010	0.000010	0.000010	0.000010	0.000010	0.000010	0.000010	0.000010	0.000010	0.000010	LD_0.9_14_1853
PB857	0.999854	0.000014	0.000015	0.000010	0.000010	0.000011	0.000010	0.000010	0.000010	0.000010	0.000016	0.000010	0.000010	0.000010	LD_0.9_14_1853
PE887	0.000010	0.000010	0.000010	0.000010	0.000010	0.000010	0.000010	0.000010	0.000010	0.409077	0.000016	0.000010	0.590797	0.000010	LD_0.9_14_1853
QG1005	0.000010	0.000010	0.000010	0.930943	0.000010	0.000010	0.000010	0.000011	0.000010	0.000010	0.068934	0.000012	0.000010	0.000010	LD_0.9_14_1853
QG1007	0.000010	0.000010	0.000010	0.999870	0.000010	0.000010	0.000010	0.000010	0.000010	0.000010	0.000010	0.000010	0.000010	0.000010	LD_0.9_14_1853
QG1111	0.000010	0.000010	0.000014	0.999850	0.000010	0.000010	0.000010	0.000019	0.000010	0.000010	0.000010	0.000010	0.000017	0.000010	LD_0.9_14_1853
QG1126	0.000010	0.000010	0.000010	0.999867	0.000010	0.000010	0.000010	0.000010	0.000010	0.000010	0.000010	0.000013	0.000010	0.000010	LD_0.9_14_1853
QG1141	0.000010	0.000010	0.000010	0.999870	0.000010	0.000010	0.000010	0.000010	0.000010	0.000010	0.000010	0.000010	0.000010	0.000010	LD_0.9_14_1853
QG1155	0.000010	0.000010	0.000010	0.994598	0.000010	0.000010	0.000010	0.000010	0.000010	0.005282	0.000010	0.000010	0.000010	0.000010	LD_0.9_14_1853
QG130	0.000010	0.000010	0.000010	0.000010	0.000010	0.000010	0.000010	0.000010	0.000010	0.999870	0.000010	0.000010	0.000010	0.000010	LD_0.9_14_1853
QG132	0.000010	0.000010	0.000010	0.000010	0.000010	0.000010	0.000010	0.000010	0.000010	0.708435	0.007487	0.000010	0.283968	0.000010	LD_0.9_14_1853
QG133	0.000010	0.000010	0.000010	0.000010	0.000010	0.000010	0.978236	0.000010	0.000010	0.021644	0.000010	0.000010	0.000010	0.000010	LD_0.9_14_1853
QG2641	0.000010	0.000010	0.000014	0.999860	0.000010	0.000010	0.000010	0.000010	0.000010	0.000010	0.000010	0.000012	0.000014	0.000010	LD_0.9_14_1853
QG2648	0.000010	0.000010	0.000010	0.999870	0.000010	0.000010	0.000010	0.000010	0.000010	0.000010	0.000010	0.000010	0.000010	0.000010	LD_0.9_14_1853
QG2659	0.000010	0.000010	0.000010	0.999870	0.000010	0.000010	0.000010	0.000010	0.000010	0.000010	0.000010	0.000010	0.000010	0.000010	LD_0.9_14_1853
QG2663	0.000010	0.000010	0.000011	0.999868	0.000010	0.000010	0.000011	0.000010	0.000010	0.000010	0.000010	0.000010	0.000010	0.000010	LD_0.9_14_1853
QG2665	0.000010	0.000010	0.000010	0.999870	0.000010	0.000010	0.000010	0.000010	0.000010	0.000010	0.000010	0.000010	0.000010	0.000010	LD_0.9_14_1853
QG2683	0.000010	0.000010	0.000010	0.999865	0.000010	0.000010	0.000010	0.000010	0.000010	0.000010	0.000010	0.000010	0.000015	0.000010	LD_0.9_14_1853
QG2736	0.000010	0.000010	0.000010	0.999870	0.000010	0.000010	0.000010	0.000010	0.000010	0.000010	0.000010	0.000010	0.000010	0.000010	LD_0.9_14_1853
QG2814	0.000010	0.000010	0.000010	0.000011	0.000010	0.000010	0.000010	0.000014	0.000010	0.000010	0.000010	0.000010	0.999866	0.000010	LD_0.9_14_1853
QG2820	0.000010	0.000010	0.000010	0.000010	0.000010	0.000010	0.000010	0.000010	0.000010	0.203036	0.000010	0.000010	0.796844	0.000010	LD_0.9_14_1853
QG2848	0.000010	0.000010	0.000010	0.000010	0.000010	0.000010	0.000010	0.000010	0.000010	0.000010	0.000010	0.000010	0.999870	0.000010	LD_0.9_14_1853
QG2849	0.000010	0.000010	0.000010	0.000010	0.000010	0.000010	0.000010	0.000010	0.000010	0.000010	0.000010	0.000010	0.999870	0.000010	LD_0.9_14_1853
QG2880	0.000010	0.000010	0.000010	0.000015	0.000010	0.000010	0.000010	0.999860	0.000010	0.000010	0.000010	0.000010	0.000016	0.000010	LD_0.9_14_1853
QG2881	0.000010	0.000010	0.000010	0.000010	0.000010	0.000010	0.000010	0.000010	0.000010	0.105018	0.000010	0.000010	0.894862	0.000010	LD_0.9_14_1853
QG2883	0.000010	0.000010	0.000010	0.000010	0.000010	0.000010	0.000010	0.000010	0.000010	0.212882	0.000010	0.000010	0.786998	0.000010	LD_0.9_14_1853
QG2884	0.000010	0.000010	0.000010	0.000014	0.000011	0.000010	0.000010	0.999865	0.000010	0.000010	0.000010	0.000010	0.000010	0.000010	LD_0.9_14_1853
QG2891	0.000010	0.000010	0.000010	0.000010	0.000010	0.999870	0.000010	0.000010	0.000010	0.000010	0.000010	0.000010	0.000010	0.000010	LD_0.9_14_1853
QG2892	0.000010	0.000010	0.000010	0.000010	0.000010	0.000010	0.000010	0.999861	0.000010	0.000010	0.000010	0.000010	0.000019	0.000010	LD_0.9_14_1853
QG2893	0.000010	0.000010	0.000010	0.000010	0.174836	0.825043	0.000010	0.000010	0.000010	0.000010	0.000010	0.000010	0.000010	0.000010	LD_0.9_14_1853
QG2895	0.000010	0.000010	0.000010	0.000010	0.000010	0.000010	0.000010	0.999870	0.000010	0.000010	0.000010	0.000010	0.000010	0.000010	LD_0.9_14_1853
QG2902	0.000010	0.000010	0.000010	0.000010	0.000010	0.000010	0.000010	0.999870	0.000010	0.000010	0.000010	0.000010	0.000010	0.000010	LD_0.9_14_1853
QG2903	0.000010	0.000010	0.000010	0.000013	0.000010	0.000010	0.000010	0.999867	0.000010	0.000010	0.000010	0.000010	0.000010	0.000010	LD_0.9_14_1853
QG2906	0.000010	0.000010	0.000010	0.000010	0.000010	0.000010	0.000010	0.999870	0.000010	0.000010	0.000010	0.000010	0.000010	0.000010	LD_0.9_14_1853
QG2908	0.000010	0.000010	0.000010	0.000010	0.175872	0.824008	0.000010	0.000010	0.000010	0.000010	0.000010	0.000010	0.000010	0.000010	LD_0.9_14_1853
QG2910	0.000010	0.000010	0.000010	0.000010	0.000010	0.000010	0.000010	0.000012	0.000010	0.200643	0.052042	0.000010	0.747202	0.000010	LD_0.9_14_1853
QG2919	0.000010	0.000010	0.000010	0.000010	0.000010	0.999869	0.000010	0.000010	0.000010	0.000011	0.000010	0.000010	0.000010	0.000010	LD_0.9_14_1853
QG2923	0.000010	0.000010	0.000010	0.000010	0.000010	0.000010	0.000010	0.999870	0.000010	0.000010	0.000010	0.000010	0.000010	0.000010	LD_0.9_14_1853
QG2925	0.000010	0.000010	0.000010	0.000010	0.000010	0.000010	0.000010	0.999863	0.000010	0.000010	0.000010	0.000010	0.000017	0.000010	LD_0.9_14_1853
QG2964	0.000010	0.000010	0.000010	0.999870	0.000010	0.000010	0.000010	0.000010	0.000010	0.000010	0.000010	0.000010	0.000010	0.000010	LD_0.9_14_1853
QG2966	0.000010	0.000010	0.000010	0.604804	0.000010	0.000010	0.000010	0.000010	0.000010	0.313341	0.081745	0.000010	0.000010	0.000010	LD_0.9_14_1853
QG2969	0.000010	0.000010	0.000010	0.999870	0.000010	0.000010	0.000010	0.000010	0.000010	0.000010	0.000010	0.000010	0.000010	0.000010	LD_0.9_14_1853
QG2972	0.000010	0.000012	0.000010	0.999868	0.000010	0.000010	0.000010	0.000010	0.000010	0.000010	0.000010	0.000010	0.000010	0.000010	LD_0.9_14_1853
QG2996	0.000010	0.000010	0.000010	0.999865	0.000010	0.000010	0.000010	0.000010	0.000010	0.000010	0.000010	0.000015	0.000010	0.000010	LD_0.9_14_1853
QG3004	0.000010	0.000010	0.000010	0.777151	0.000010	0.000010	0.000010	0.000010	0.000010	0.008354	0.145271	0.000010	0.069123	0.000010	LD_0.9_14_1853
QG3006	0.000010	0.000010	0.000010	0.999870	0.000010	0.000010	0.000010	0.000010	0.000010	0.000010	0.000010	0.000010	0.000010	0.000010	LD_0.9_14_1853
QG3019	0.000010	0.000010	0.000010	0.849071	0.000010	0.000010	0.000010	0.000010	0.000010	0.000010	0.150809	0.000010	0.000010	0.000010	LD_0.9_14_1853
QG3025	0.000010	0.000010	0.000010	0.999865	0.000010	0.000010	0.000010	0.000010	0.000010	0.000010	0.000015	0.000010	0.000010	0.000010	LD_0.9_14_1853
QG3030	0.000010	0.000010	0.000010	0.999870	0.000010	0.000010	0.000010	0.000010	0.000010	0.000010	0.000010	0.000010	0.000010	0.000010	LD_0.9_14_1853
QG3032	0.000010	0.000010	0.000010	0.744591	0.000010	0.000010	0.000010	0.000010	0.000010	0.014608	0.240691	0.000010	0.000010	0.000010	LD_0.9_14_1853
QG3034	0.000010	0.000010	0.000010	0.999870	0.000010	0.000010	0.000010	0.000010	0.000010	0.000010	0.000010	0.000010	0.000010	0.000010	LD_0.9_14_1853
QG3041	0.000010	0.000010	0.000010	0.999870	0.000010	0.000010	0.000010	0.000010	0.000010	0.000010	0.000010	0.000010	0.000010	0.000010	LD_0.9_14_1853
QG3053	0.000010	0.000010	0.000010	0.000010	0.000010	0.000010	0.000010	0.000010	0.000010	0.105930	0.397424	0.000010	0.496535	0.000010	LD_0.9_14_1853
QG3056	0.000010	0.000010	0.000010	0.598024	0.000010	0.000010	0.000010	0.000010	0.000010	0.311405	0.090462	0.000010	0.000010	0.000010	LD_0.9_14_1853
QG3057	0.000010	0.000010	0.000010	0.999869	0.000010	0.000010	0.000010	0.000010	0.000010	0.000011	0.000010	0.000010	0.000010	0.000010	LD_0.9_14_1853
QG3058	0.000010	0.000010	0.000010	0.926375	0.000010	0.000010	0.000010	0.000010	0.000010	0.004097	0.069419	0.000010	0.000010	0.000010	LD_0.9_14_1853
QG3527	0.000010	0.000010	0.000010	0.113701	0.000010	0.000010	0.000010	0.000010	0.000010	0.042031	0.535035	0.000010	0.309132	0.000010	LD_0.9_14_1853
QG3661	0.999862	0.000010	0.000018	0.000010	0.000010	0.000010	0.000010	0.000010	0.000010	0.000010	0.000010	0.000010	0.000010	0.000010	LD_0.9_14_1853
QG3783	0.000010	0.000010	0.000010	0.012278	0.000010	0.000010	0.000010	0.000010	0.000010	0.000010	0.542952	0.000010	0.444660	0.000010	LD_0.9_14_1853
QG3801	0.000010	0.000010	0.000010	0.888091	0.000010	0.000010	0.000010	0.000010	0.000010	0.000010	0.092555	0.000010	0.019244	0.000010	LD_0.9_14_1853
QG3815	0.000010	0.000010	0.000010	0.000010	0.000010	0.000010	0.000010	0.000010	0.000010	0.311445	0.645211	0.000010	0.043235	0.000010	LD_0.9_14_1853
QG3816	0.000010	0.000010	0.000010	0.006937	0.000010	0.000011	0.000011	0.000010	0.000010	0.169741	0.527188	0.000010	0.296033	0.000010	LD_0.9_14_1853
QG3823	0.000010	0.000010	0.000010	0.888331	0.000010	0.000010	0.000010	0.001722	0.000010	0.000010	0.089760	0.012188	0.007909	0.000010	LD_0.9_14_1853
QG3825	0.000010	0.000010	0.000010	0.000010	0.000010	0.000010	0.000010	0.000010	0.000010	0.225606	0.502674	0.000010	0.271611	0.000010	LD_0.9_14_1853
QG3826	0.000010	0.000010	0.000011	0.036885	0.000010	0.000010	0.000010	0.000010	0.000010	0.256360	0.511382	0.000010	0.195271	0.000010	LD_0.9_14_1853
QG3837	0.000010	0.000010	0.000010	0.000010	0.000010	0.000010	0.000010	0.000010	0.000010	0.151964	0.565159	0.000010	0.282766	0.000010	LD_0.9_14_1853
QG3851	0.000010	0.000010	0.000012	0.015750	0.000010	0.000010	0.000010	0.000010	0.000010	0.000010	0.562517	0.000010	0.421620	0.000010	LD_0.9_14_1853
QG3861	0.000010	0.000010	0.000010	0.000010	0.000010	0.000010	0.000010	0.000010	0.000010	0.229961	0.556566	0.000010	0.213362	0.000010	LD_0.9_14_1853
QG3867	0.000010	0.000010	0.000010	0.858647	0.000010	0.000010	0.000010	0.000010	0.000010	0.000010	0.115727	0.000010	0.025516	0.000010	LD_0.9_14_1853
QG3874	0.000010	0.000010	0.000010	0.000010	0.000010	0.000010	0.000010	0.000010	0.000010	0.478169	0.408072	0.000010	0.113648	0.000010	LD_0.9_14_1853
QG3875	0.000010	0.000010	0.000010	0.000010	0.000010	0.000010	0.000010	0.000010	0.000010	0.356686	0.643194	0.000010	0.000010	0.000010	LD_0.9_14_1853
QG3876	0.000010	0.000010	0.000010	0.000010	0.000010	0.000010	0.000010	0.000010	0.000010	0.000010	0.589010	0.000010	0.410870	0.000010	LD_0.9_14_1853
QG3878	0.000010	0.000010	0.000010	0.000010	0.000010	0.000010	0.000010	0.000010	0.000010	0.207208	0.700745	0.000010	0.091937	0.000010	LD_0.9_14_1853
QG3920	0.000010	0.000010	0.000010	0.000010	0.000010	0.000010	0.000010	0.000010	0.000010	0.475179	0.524701	0.000010	0.000010	0.000010	LD_0.9_14_1853
QG3921	0.000010	0.000010	0.000010	0.000010	0.000010	0.000010	0.000010	0.000010	0.000010	0.486307	0.513573	0.000010	0.000010	0.000010	LD_0.9_14_1853
QG3923	0.000010	0.000010	0.000010	0.000010	0.000010	0.000010	0.000010	0.000010	0.000010	0.644946	0.354934	0.000010	0.000010	0.000010	LD_0.9_14_1853
QG3924	0.000010	0.000010	0.000010	0.110656	0.000010	0.000010	0.000010	0.000010	0.000010	0.068241	0.564981	0.000010	0.256021	0.000010	LD_0.9_14_1853
QG3925	0.000010	0.000010	0.000010	0.000010	0.000010	0.000010	0.000010	0.000010	0.000010	0.415664	0.584216	0.000010	0.000010	0.000010	LD_0.9_14_1853
QG3926	0.000010	0.000010	0.000010	0.000010	0.000010	0.000010	0.000010	0.000010	0.000010	0.425619	0.574261	0.000010	0.000010	0.000010	LD_0.9_14_1853
QG3927	0.000010	0.000010	0.000010	0.000010	0.000010	0.000010	0.000010	0.000010	0.000010	0.551294	0.448586	0.000010	0.000010	0.000010	LD_0.9_14_1853
QG3931	0.000010	0.000010	0.000010	0.000016	0.000010	0.000010	0.000010	0.000010	0.000010	0.194786	0.756365	0.000010	0.048732	0.000010	LD_0.9_14_1853
QG3932	0.000010	0.000010	0.000010	0.000010	0.000010	0.000010	0.000010	0.000010	0.000010	0.583659	0.416221	0.000010	0.000010	0.000010	LD_0.9_14_1853
QG3933	0.000010	0.000010	0.000010	0.000010	0.000010	0.000010	0.000010	0.000010	0.000010	0.935284	0.053440	0.000010	0.011166	0.000010	LD_0.9_14_1853
QG4026	0.000010	0.000010	0.000010	0.000010	0.000010	0.999868	0.000010	0.000010	0.000010	0.000012	0.000010	0.000010	0.000010	0.000010	LD_0.9_14_1853
QG4028	0.000010	0.000010	0.000010	0.000010	0.000010	0.999870	0.000010	0.000010	0.000010	0.000010	0.000010	0.000010	0.000010	0.000010	LD_0.9_14_1853
QG4031	0.000010	0.000010	0.000010	0.000010	0.000010	0.999869	0.000010	0.000010	0.000010	0.000011	0.000010	0.000010	0.000010	0.000010	LD_0.9_14_1853
QG4063	0.000010	0.000010	0.000010	0.000010	0.000010	0.999870	0.000010	0.000010	0.000010	0.000010	0.000010	0.000010	0.000010	0.000010	LD_0.9_14_1853
QG4064	0.000010	0.000010	0.000010	0.000010	0.000010	0.999870	0.000010	0.000010	0.000010	0.000010	0.000010	0.000010	0.000010	0.000010	LD_0.9_14_1853
QG4067	0.000010	0.000010	0.000010	0.000010	0.000010	0.999870	0.000010	0.000010	0.000010	0.000010	0.000010	0.000010	0.000010	0.000010	LD_0.9_14_1853
QG4068	0.000010	0.000010	0.000010	0.000010	0.000010	0.999870	0.000010	0.000010	0.000010	0.000010	0.000010	0.000010	0.000010	0.000010	LD_0.9_14_1853
QG4070	0.000010	0.000010	0.000010	0.000011	0.000010	0.000010	0.000010	0.000011	0.000010	0.643464	0.000010	0.000010	0.356414	0.000010	LD_0.9_14_1853
QG4093	0.000010	0.000010	0.000010	0.000010	0.111565	0.888315	0.000010	0.000010	0.000010	0.000010	0.000010	0.000010	0.000010	0.000010	LD_0.9_14_1853
QG4094	0.000010	0.000013	0.000010	0.000010	0.000010	0.999867	0.000010	0.000010	0.000010	0.000010	0.000010	0.000010	0.000010	0.000010	LD_0.9_14_1853
QG4095	0.000010	0.000010	0.000010	0.000010	0.000010	0.999870	0.000010	0.000010	0.000010	0.000010	0.000010	0.000010	0.000010	0.000010	LD_0.9_14_1853
QG4096	0.000010	0.000010	0.000010	0.000010	0.000010	0.999870	0.000010	0.000010	0.000010	0.000010	0.000010	0.000010	0.000010	0.000010	LD_0.9_14_1853
QG4097	0.000010	0.000010	0.000010	0.000010	0.000010	0.999870	0.000010	0.000010	0.000010	0.000010	0.000010	0.000010	0.000010	0.000010	LD_0.9_14_1853
QG4104	0.000010	0.000010	0.000010	0.000010	0.000010	0.999870	0.000010	0.000010	0.000010	0.000010	0.000010	0.000010	0.000010	0.000010	LD_0.9_14_1853
QG4114	0.000010	0.000010	0.000010	0.000010	0.000010	0.999870	0.000010	0.000010	0.000010	0.000010	0.000010	0.000010	0.000010	0.000010	LD_0.9_14_1853
QG4131	0.000010	0.000010	0.000010	0.000010	0.000010	0.999870	0.000010	0.000010	0.000010	0.000010	0.000010	0.000010	0.000010	0.000010	LD_0.9_14_1853
QG4132	0.000010	0.000010	0.000010	0.000010	0.000010	0.999870	0.000010	0.000010	0.000010	0.000010	0.000010	0.000010	0.000010	0.000010	LD_0.9_14_1853
QG4208	0.000010	0.000010	0.000010	0.000010	0.137680	0.862200	0.000010	0.000010	0.000010	0.000010	0.000010	0.000010	0.000010	0.000010	LD_0.9_14_1853
QG4214	0.000010	0.000010	0.000010	0.000010	0.000010	0.999870	0.000010	0.000010	0.000010	0.000010	0.000010	0.000010	0.000010	0.000010	LD_0.9_14_1853
QG4225	0.000010	0.000010	0.000010	0.000010	0.000010	0.999870	0.000010	0.000010	0.000010	0.000010	0.000010	0.000010	0.000010	0.000010	LD_0.9_14_1853
QG4232	0.000010	0.000010	0.000010	0.000010	0.031021	0.968854	0.000010	0.000015	0.000010	0.000010	0.000010	0.000010	0.000010	0.000010	LD_0.9_14_1853
QG4233	0.000016	0.000010	0.000010	0.000010	0.000010	0.999864	0.000010	0.000010	0.000010	0.000010	0.000010	0.000010	0.000010	0.000010	LD_0.9_14_1853
QG4647	0.000010	0.000010	0.000010	0.000010	0.000010	0.000010	0.000010	0.999870	0.000010	0.000010	0.000010	0.000010	0.000010	0.000010	LD_0.9_14_1853
QG4648	0.000010	0.000010	0.000010	0.000010	0.000010	0.000010	0.000010	0.000010	0.000010	0.000010	0.000010	0.000010	0.999870	0.000010	LD_0.9_14_1853
QG4683	0.000010	0.000010	0.000010	0.000010	0.000010	0.000010	0.000010	0.000010	0.000010	0.299541	0.000010	0.000010	0.700339	0.000010	LD_0.9_14_1853
QG4701	0.000010	0.000010	0.000010	0.000010	0.000010	0.000010	0.000010	0.537668	0.000010	0.000010	0.000010	0.000010	0.462212	0.000010	LD_0.9_14_1853
QG4706	0.000010	0.000010	0.000010	0.000010	0.000010	0.000010	0.000010	0.000010	0.000010	0.090237	0.000010	0.000010	0.909643	0.000010	LD_0.9_14_1853
QG4718	0.000010	0.000010	0.000010	0.000010	0.000010	0.000010	0.000010	0.000010	0.000010	0.000010	0.000010	0.000010	0.999870	0.000010	LD_0.9_14_1853
QG4742	0.000010	0.000010	0.000010	0.000010	0.000010	0.000010	0.000010	0.000010	0.000010	0.006272	0.000010	0.000010	0.993608	0.000010	LD_0.9_14_1853
QG4805	0.000010	0.000010	0.000010	0.000010	0.000010	0.000010	0.000010	0.999870	0.000010	0.000010	0.000010	0.000010	0.000010	0.000010	LD_0.9_14_1853
QG4847	0.000010	0.000010	0.000010	0.000010	0.000010	0.000010	0.000010	0.000010	0.000010	0.000010	0.000010	0.000010	0.999870	0.000010	LD_0.9_14_1853
QG4966	0.000010	0.000010	0.000010	0.000010	0.000010	0.000010	0.000010	0.000011	0.000010	0.000010	0.000010	0.000010	0.999869	0.000010	LD_0.9_14_1853
QG5348	0.000010	0.000010	0.000010	0.000010	0.000010	0.000010	0.000010	0.000010	0.000010	0.000010	0.000010	0.000010	0.999870	0.000010	LD_0.9_14_1853
QG5406	0.000010	0.000010	0.000010	0.000011	0.000010	0.000010	0.000010	0.000010	0.000010	0.216549	0.000010	0.000011	0.783329	0.000010	LD_0.9_14_1853
QG547	0.999870	0.000010	0.000010	0.000010	0.000010	0.000010	0.000010	0.000010	0.000010	0.000010	0.000010	0.000010	0.000010	0.000010	LD_0.9_14_1853
QG5474	0.000010	0.000010	0.000010	0.000010	0.000010	0.000010	0.000010	0.664630	0.000010	0.303552	0.000010	0.000010	0.031707	0.000010	LD_0.9_14_1853
QG5488	0.000010	0.000010	0.000010	0.000010	0.000010	0.000010	0.000010	0.000010	0.000010	0.000010	0.000010	0.000010	0.999870	0.000010	LD_0.9_14_1853
QG550	0.000010	0.000010	0.000011	0.000010	0.000010	0.000010	0.000010	0.321502	0.000010	0.079525	0.000010	0.155172	0.443699	0.000010	LD_0.9_14_1853
QG5507	0.000010	0.000010	0.000010	0.000010	0.000010	0.000010	0.000010	0.165354	0.000010	0.000010	0.000010	0.000010	0.834526	0.000010	LD_0.9_14_1853
QG5525	0.000010	0.000010	0.000010	0.000010	0.000010	0.000010	0.000010	0.000010	0.000010	0.000010	0.000010	0.000010	0.999870	0.000010	LD_0.9_14_1853
QG5589	0.000010	0.000010	0.000010	0.000010	0.000011	0.000010	0.000010	0.826058	0.000010	0.000010	0.000010	0.000010	0.173822	0.000010	LD_0.9_14_1853
QG5603	0.000015	0.000010	0.000014	0.000010	0.000010	0.000010	0.000011	0.657709	0.000010	0.174600	0.000010	0.000010	0.167571	0.000010	LD_0.9_14_1853
QG5611	0.000010	0.000010	0.000010	0.000010	0.000010	0.000010	0.000010	0.000010	0.000010	0.000010	0.000010	0.000010	0.999870	0.000010	LD_0.9_14_1853
QG5612	0.000010	0.000010	0.000010	0.000017	0.000010	0.000010	0.000010	0.000010	0.000010	0.527359	0.084339	0.000010	0.388185	0.000010	LD_0.9_14_1853
QG5633	0.000010	0.000010	0.000010	0.000010	0.000010	0.000010	0.000010	0.000011	0.000010	0.000010	0.000010	0.000010	0.999869	0.000010	LD_0.9_14_1853
QG581	0.999870	0.000010	0.000010	0.000010	0.000010	0.000010	0.000010	0.000010	0.000010	0.000010	0.000010	0.000010	0.000010	0.000010	LD_0.9_14_1853
QG588	0.999870	0.000010	0.000010	0.000010	0.000010	0.000010	0.000010	0.000010	0.000010	0.000010	0.000010	0.000010	0.000010	0.000010	LD_0.9_14_1853
QG700	0.000010	0.000010	0.000010	0.785878	0.000010	0.000010	0.000010	0.000010	0.000010	0.000010	0.214001	0.000010	0.000012	0.000010	LD_0.9_14_1853
QG727	0.000010	0.000010	0.000010	0.999868	0.000010	0.000010	0.000010	0.000010	0.000010	0.000010	0.000012	0.000010	0.000010	0.000010	LD_0.9_14_1853
QG733	0.000010	0.000013	0.000013	0.999863	0.000010	0.000010	0.000010	0.000010	0.000011	0.000010	0.000010	0.000010	0.000010	0.000010	LD_0.9_14_1853
QG736	0.000010	0.000010	0.000010	0.999870	0.000010	0.000010	0.000010	0.000010	0.000010	0.000010	0.000010	0.000010	0.000010	0.000010	LD_0.9_14_1853
QG737	0.000010	0.000010	0.000010	0.999870	0.000010	0.000010	0.000010	0.000010	0.000010	0.000010	0.000010	0.000010	0.000010	0.000010	LD_0.9_14_1853
QG739	0.000010	0.000010	0.000010	0.999870	0.000010	0.000010	0.000010	0.000010	0.000010	0.000010	0.000010	0.000010	0.000010	0.000010	LD_0.9_14_1853
QG761	0.000010	0.000010	0.000010	0.691168	0.000010	0.000010	0.000010	0.000010	0.000010	0.000010	0.308712	0.000010	0.000010	0.000010	LD_0.9_14_1853
QG763	0.000010	0.000010	0.000010	0.937175	0.000010	0.000010	0.000010	0.000010	0.000010	0.000010	0.062702	0.000012	0.000010	0.000010	LD_0.9_14_1853
QG776	0.000010	0.000010	0.000015	0.979928	0.000011	0.000010	0.000010	0.000010	0.000010	0.000010	0.019946	0.000010	0.000010	0.000010	LD_0.9_14_1853
QG781	0.000010	0.000010	0.000010	0.999865	0.000010	0.000010	0.000010	0.000010	0.000010	0.000015	0.000010	0.000010	0.000010	0.000010	LD_0.9_14_1853
QG784	0.000010	0.000010	0.000011	0.999866	0.000010	0.000010	0.000010	0.000010	0.000010	0.000010	0.000010	0.000013	0.000010	0.000010	LD_0.9_14_1853
QG786	0.000010	0.000010	0.000010	0.999870	0.000010	0.000010	0.000010	0.000010	0.000010	0.000010	0.000010	0.000010	0.000010	0.000010	LD_0.9_14_1853
QG788	0.000010	0.000010	0.000010	0.999870	0.000010	0.000010	0.000010	0.000010	0.000010	0.000010	0.000010	0.000010	0.000010	0.000010	LD_0.9_14_1853
QG790	0.000010	0.000010	0.000010	0.999863	0.000010	0.000010	0.000010	0.000010	0.000010	0.000017	0.000010	0.000010	0.000010	0.000010	LD_0.9_14_1853
QG791	0.000010	0.000010	0.000010	0.942024	0.000010	0.000010	0.000012	0.000012	0.000010	0.000010	0.000010	0.000010	0.057852	0.000010	LD_0.9_14_1853
QG795	0.000010	0.000010	0.000010	0.659247	0.000010	0.000010	0.000010	0.000010	0.000010	0.029796	0.310847	0.000010	0.000010	0.000010	LD_0.9_14_1853
QG797	0.000010	0.000010	0.000010	0.999864	0.000010	0.000016	0.000010	0.000010	0.000010	0.000010	0.000010	0.000010	0.000010	0.000010	LD_0.9_14_1853
QG802	0.000010	0.000010	0.000010	0.999861	0.000010	0.000010	0.000010	0.000010	0.000010	0.000019	0.000010	0.000010	0.000010	0.000010	LD_0.9_14_1853
QG804	0.000010	0.000010	0.000010	0.999865	0.000010	0.000010	0.000010	0.000010	0.000010	0.000010	0.000010	0.000015	0.000010	0.000010	LD_0.9_14_1853
QG806	0.000010	0.000010	0.000010	0.999870	0.000010	0.000010	0.000010	0.000010	0.000010	0.000010	0.000010	0.000010	0.000010	0.000010	LD_0.9_14_1853
QG807	0.000011	0.000010	0.000010	0.999862	0.000012	0.000010	0.000012	0.000010	0.000010	0.000010	0.000010	0.000013	0.000010	0.000010	LD_0.9_14_1853
QG808	0.000010	0.000010	0.000010	0.958581	0.000010	0.000010	0.000010	0.000010	0.000010	0.000010	0.000014	0.000010	0.041295	0.000010	LD_0.9_14_1853
QG809	0.000010	0.000010	0.000010	0.999862	0.000010	0.000010	0.000010	0.000010	0.000010	0.000010	0.000010	0.000017	0.000010	0.000010	LD_0.9_14_1853
QG825	0.000010	0.000010	0.000010	0.999870	0.000010	0.000010	0.000010	0.000010	0.000010	0.000010	0.000010	0.000010	0.000010	0.000010	LD_0.9_14_1853
QG827	0.000010	0.000010	0.000010	0.999870	0.000010	0.000010	0.000010	0.000010	0.000010	0.000010	0.000010	0.000010	0.000010	0.000010	LD_0.9_14_1853
QG828	0.000010	0.000010	0.000010	0.999870	0.000010	0.000010	0.000010	0.000010	0.000010	0.000010	0.000010	0.000010	0.000010	0.000010	LD_0.9_14_1853
QG833	0.000010	0.000010	0.000010	0.972542	0.000010	0.000010	0.000010	0.000010	0.000010	0.027338	0.000010	0.000010	0.000010	0.000010	LD_0.9_14_1853
QG855	0.000010	0.000010	0.000010	0.968462	0.000010	0.000010	0.000010	0.000010	0.000010	0.000010	0.000010	0.000010	0.031418	0.000010	LD_0.9_14_1853
QG856	0.000010	0.000010	0.000010	0.999870	0.000010	0.000010	0.000010	0.000010	0.000010	0.000010	0.000010	0.000010	0.000010	0.000010	LD_0.9_14_1853
QG858	0.000010	0.000010	0.000010	0.999870	0.000010	0.000010	0.000010	0.000010	0.000010	0.000010	0.000010	0.000010	0.000010	0.000010	LD_0.9_14_1853
QG860	0.000010	0.000010	0.000010	0.738375	0.000010	0.000010	0.000010	0.000010	0.000010	0.000010	0.261505	0.000010	0.000010	0.000010	LD_0.9_14_1853
QG864	0.000010	0.000010	0.000010	0.999868	0.000010	0.000010	0.000010	0.000010	0.000010	0.000010	0.000010	0.000010	0.000012	0.000010	LD_0.9_14_1853
QG865	0.000010	0.000010	0.000010	0.999870	0.000010	0.000010	0.000010	0.000010	0.000010	0.000010	0.000010	0.000010	0.000010	0.000010	LD_0.9_14_1853
QG866	0.000010	0.000010	0.000010	0.999870	0.000010	0.000010	0.000010	0.000010	0.000010	0.000010	0.000010	0.000010	0.000010	0.000010	LD_0.9_14_1853
QG868	0.000010	0.000010	0.000010	0.923853	0.000010	0.000012	0.000011	0.000010	0.000010	0.009129	0.066905	0.000010	0.000010	0.000010	LD_0.9_14_1853
QG874	0.000010	0.000010	0.000010	0.999870	0.000010	0.000010	0.000010	0.000010	0.000010	0.000010	0.000010	0.000010	0.000010	0.000010	LD_0.9_14_1853
QG875	0.000010	0.000010	0.000010	0.999870	0.000010	0.000010	0.000010	0.000010	0.000010	0.000010	0.000010	0.000010	0.000010	0.000010	LD_0.9_14_1853
QG878	0.000010	0.000010	0.000010	0.999870	0.000010	0.000010	0.000010	0.000010	0.000010	0.000010	0.000010	0.000010	0.000010	0.000010	LD_0.9_14_1853
QG879	0.000010	0.000010	0.000010	0.999867	0.000010	0.000010	0.000010	0.000010	0.000010	0.000013	0.000010	0.000010	0.000010	0.000010	LD_0.9_14_1853
QG880	0.000010	0.000010	0.000010	0.999870	0.000010	0.000010	0.000010	0.000010	0.000010	0.000010	0.000010	0.000010	0.000010	0.000010	LD_0.9_14_1853
QG881	0.000010	0.000010	0.000010	0.698995	0.000010	0.000010	0.000010	0.000010	0.000010	0.000010	0.300885	0.000010	0.000010	0.000010	LD_0.9_14_1853
QG887	0.000010	0.000010	0.000010	0.999870	0.000010	0.000010	0.000010	0.000010	0.000010	0.000010	0.000010	0.000010	0.000010	0.000010	LD_0.9_14_1853
QG888	0.000010	0.000010	0.000011	0.999869	0.000010	0.000010	0.000010	0.000010	0.000010	0.000010	0.000010	0.000010	0.000010	0.000010	LD_0.9_14_1853
QG926	0.000010	0.000010	0.000010	0.999870	0.000010	0.000010	0.000010	0.000010	0.000010	0.000010	0.000010	0.000010	0.000010	0.000010	LD_0.9_14_1853
QG927	0.000010	0.000010	0.000010	0.082900	0.000010	0.000010	0.000010	0.000010	0.000010	0.000010	0.000010	0.000010	0.916980	0.000010	LD_0.9_14_1853
QG933	0.000010	0.000010	0.000010	0.999870	0.000010	0.000010	0.000010	0.000010	0.000010	0.000010	0.000010	0.000010	0.000010	0.000010	LD_0.9_14_1853
QG937	0.000010	0.000010	0.000010	0.999870	0.000010	0.000010	0.000010	0.000010	0.000010	0.000010	0.000010	0.000010	0.000010	0.000010	LD_0.9_14_1853
QG945	0.000010	0.000010	0.000010	0.999868	0.000010	0.000012	0.000010	0.000010	0.000010	0.000010	0.000010	0.000010	0.000010	0.000010	LD_0.9_14_1853
QG946	0.000010	0.000010	0.000010	0.999870	0.000010	0.000010	0.000010	0.000010	0.000010	0.000010	0.000010	0.000010	0.000010	0.000010	LD_0.9_14_1853
QG947	0.000010	0.000010	0.000010	0.999870	0.000010	0.000010	0.000010	0.000010	0.000010	0.000010	0.000010	0.000010	0.000010	0.000010	LD_0.9_14_1853
QG948	0.000010	0.000010	0.000010	0.987556	0.000010	0.000010	0.000010	0.000010	0.000010	0.000010	0.000010	0.000010	0.012324	0.000010	LD_0.9_14_1853
QG952	0.000010	0.000010	0.000010	0.902212	0.000010	0.000010	0.000010	0.000010	0.000010	0.097665	0.000010	0.000014	0.000010	0.000010	LD_0.9_14_1853
QG978	0.000010	0.000010	0.000010	0.865015	0.000010	0.000010	0.000010	0.000010	0.000010	0.015055	0.119819	0.000011	0.000010	0.000010	LD_0.9_14_1853
QG980	0.000010	0.000010	0.000010	0.999870	0.000010	0.000010	0.000010	0.000010	0.000010	0.000010	0.000010	0.000010	0.000010	0.000010	LD_0.9_14_1853
QG986	0.000010	0.000010	0.000010	0.955695	0.000010	0.000010	0.000010	0.000010	0.000010	0.044185	0.000010	0.000010	0.000010	0.000010	LD_0.9_14_1853
QG991	0.000010	0.000010	0.000010	0.999870	0.000010	0.000010	0.000010	0.000010	0.000010	0.000010	0.000010	0.000010	0.000010	0.000010	LD_0.9_14_1853
QG994	0.000010	0.000010	0.000010	0.999870	0.000010	0.000010	0.000010	0.000010	0.000010	0.000010	0.000010	0.000010	0.000010	0.000010	LD_0.9_14_1853
QG995	0.000010	0.000010	0.000010	0.999866	0.000010	0.000010	0.000010	0.000010	0.000010	0.000014	0.000010	0.000010	0.000010	0.000010	LD_0.9_14_1853
QG997	0.000010	0.000010	0.000010	0.999870	0.000010	0.000010	0.000010	0.000010	0.000010	0.000010	0.000010	0.000010	0.000010	0.000010	LD_0.9_14_1853
QG998	0.000010	0.000010	0.000010	0.999865	0.000010	0.000015	0.000010	0.000010	0.000010	0.000010	0.000010	0.000010	0.000010	0.000010	LD_0.9_14_1853
QR25	0.249048	0.000010	0.000010	0.000010	0.000010	0.000010	0.000015	0.000010	0.733864	0.016973	0.000010	0.000010	0.000010	0.000010	LD_0.9_14_1853
QX1410	0.000010	0.000010	0.000010	0.000010	0.000010	0.000010	0.000010	0.000010	0.000010	0.441184	0.480835	0.000010	0.077871	0.000010	LD_0.9_14_1853
QX1547	0.999861	0.000013	0.000016	0.000010	0.000010	0.000010	0.000010	0.000010	0.000010	0.000010	0.000010	0.000010	0.000010	0.000010	LD_0.9_14_1853
QX1795	0.000010	0.000010	0.000012	0.000010	0.000010	0.000011	0.000010	0.000010	0.000010	0.158919	0.113265	0.000010	0.727704	0.000010	LD_0.9_14_1853
QX1796	0.000010	0.000010	0.000010	0.000010	0.000010	0.000010	0.000010	0.000010	0.000010	0.999870	0.000010	0.000010	0.000010	0.000010	LD_0.9_14_1853
QX1798	0.000010	0.000010	0.000010	0.000010	0.000010	0.000010	0.999870	0.000010	0.000010	0.000010	0.000010	0.000010	0.000010	0.000010	LD_0.9_14_1853
QX1800	0.000010	0.000010	0.000010	0.000010	0.000010	0.000010	0.000010	0.000010	0.000010	0.290747	0.000010	0.000010	0.709133	0.000010	LD_0.9_14_1853
QX1801	0.000010	0.000010	0.000010	0.000010	0.000010	0.000010	0.000010	0.000010	0.000010	0.746334	0.000010	0.000010	0.253546	0.000010	LD_0.9_14_1853
QX1802	0.000010	0.000010	0.000010	0.000016	0.000010	0.000010	0.000010	0.000012	0.000010	0.703638	0.000015	0.000010	0.296230	0.000010	LD_0.9_14_1853
QX1803	0.000010	0.000010	0.000010	0.000010	0.000010	0.000010	0.000010	0.000010	0.000010	0.984301	0.000010	0.000010	0.015579	0.000010	LD_0.9_14_1853
QX1804	0.000010	0.000010	0.000010	0.000010	0.000010	0.000010	0.000010	0.000010	0.000010	0.999870	0.000010	0.000010	0.000010	0.000010	LD_0.9_14_1853
SOW18	0.999870	0.000010	0.000010	0.000010	0.000010	0.000010	0.000010	0.000010	0.000010	0.000010	0.000010	0.000010	0.000010	0.000010	LD_0.9_14_1853
SOW21	0.999870	0.000010	0.000010	0.000010	0.000010	0.000010	0.000010	0.000010	0.000010	0.000010	0.000010	0.000010	0.000010	0.000010	LD_0.9_14_1853
SOW22	0.999870	0.000010	0.000010	0.000010	0.000010	0.000010	0.000010	0.000010	0.000010	0.000010	0.000010	0.000010	0.000010	0.000010	LD_0.9_14_1853
TT3408	0.000010	0.000010	0.000010	0.000010	0.000010	0.000010	0.000010	0.000010	0.000010	0.000010	0.000010	0.000010	0.999870	0.000010	LD_0.9_14_1853
TT3411	0.000010	0.000010	0.000010	0.000010	0.000010	0.000010	0.000010	0.000010	0.000010	0.000010	0.000010	0.000010	0.999870	0.000010	LD_0.9_14_1853
TWN1772	0.000010	0.000010	0.000010	0.000010	0.000010	0.000010	0.000010	0.000010	0.000010	0.000010	0.000010	0.000010	0.000010	0.999870	LD_0.9_14_1853
TWN1824	0.000010	0.999863	0.000010	0.000016	0.000010	0.000010	0.000010	0.000011	0.000010	0.000010	0.000010	0.000010	0.000010	0.000010	LD_0.9_14_1853
TWN1899	0.000010	0.999870	0.000010	0.000010	0.000010	0.000010	0.000010	0.000010	0.000010	0.000010	0.000010	0.000010	0.000010	0.000010	LD_0.9_14_1853
TWN1907	0.000010	0.000010	0.000010	0.000010	0.000010	0.000010	0.999870	0.000010	0.000010	0.000010	0.000010	0.000010	0.000010	0.000010	LD_0.9_14_1853
TWN2919	0.000010	0.000010	0.000010	0.000010	0.000010	0.000010	0.999870	0.000010	0.000010	0.000010	0.000010	0.000010	0.000010	0.000010	LD_0.9_14_1853
TWN3077	0.000010	0.000010	0.000016	0.000012	0.000010	0.000010	0.229535	0.000010	0.000012	0.000010	0.000010	0.000010	0.000010	0.770334	LD_0.9_14_1853
UH1	0.000010	0.000010	0.000010	0.000010	0.000010	0.000010	0.999870	0.000010	0.000010	0.000010	0.000010	0.000010	0.000010	0.000010	LD_0.9_14_1853
VSL2201	0.000010	0.000010	0.000011	0.000011	0.000010	0.000010	0.000010	0.000010	0.000010	0.318825	0.000010	0.681054	0.000010	0.000010	LD_0.9_14_1853
VSL2207	0.000010	0.000010	0.000010	0.000010	0.999870	0.000010	0.000010	0.000010	0.000010	0.000010	0.000010	0.000010	0.000010	0.000010	LD_0.9_14_1853
VSL2209	0.000010	0.000010	0.000010	0.000010	0.999859	0.000017	0.000010	0.000010	0.000010	0.000013	0.000011	0.000010	0.000010	0.000010	LD_0.9_14_1853
VSL2210	0.000010	0.000010	0.000010	0.000010	0.000010	0.000010	0.000010	0.000010	0.000010	0.999870	0.000010	0.000010	0.000010	0.000010	LD_0.9_14_1853
VSL2212	0.000012	0.000012	0.000012	0.000010	0.000010	0.000010	0.000010	0.000010	0.000010	0.999864	0.000010	0.000010	0.000010	0.000010	LD_0.9_14_1853
VSL2213	0.000011	0.000010	0.000010	0.000010	0.000012	0.000010	0.000010	0.000010	0.000010	0.000010	0.000010	0.999867	0.000010	0.000010	LD_0.9_14_1853
VSL2215	0.000012	0.000010	0.000011	0.000018	0.000010	0.000010	0.000010	0.000010	0.000010	0.097839	0.000010	0.902030	0.000010	0.000010	LD_0.9_14_1853
VSL2216	0.000012	0.000010	0.000010	0.000010	0.000010	0.000010	0.000010	0.000010	0.000010	0.000010	0.000010	0.999868	0.000010	0.000010	LD_0.9_14_1853
VSL2217	0.000012	0.000011	0.000010	0.000010	0.000010	0.000010	0.000010	0.999867	0.000010	0.000010	0.000010	0.000010	0.000010	0.000010	LD_0.9_14_1853
VSL2219	0.000010	0.000010	0.000010	0.000010	0.000010	0.000010	0.000010	0.000010	0.000010	0.901241	0.000010	0.000010	0.098639	0.000010	LD_0.9_14_1853
VT847	0.000010	0.000010	0.000010	0.000010	0.000010	0.000010	0.000010	0.000010	0.000010	0.780851	0.000010	0.000010	0.219029	0.000010	LD_0.9_14_1853
VX34	0.104757	0.000010	0.000010	0.000010	0.000010	0.000010	0.000010	0.000010	0.895123	0.000010	0.000010	0.000010	0.000010	0.000010	LD_0.9_14_1853
XZ1204	0.000010	0.000010	0.000010	0.000010	0.000010	0.000010	0.000011	0.000010	0.000010	0.529009	0.000010	0.470869	0.000010	0.000010	LD_0.9_14_1853
XZ1205	0.000010	0.000010	0.000010	0.000010	0.000010	0.000010	0.000010	0.000010	0.000010	0.000010	0.000010	0.999870	0.000010	0.000010	LD_0.9_14_1853
XZ1206	0.000010	0.000010	0.000010	0.000010	0.000010	0.000010	0.000010	0.000010	0.000010	0.000010	0.000010	0.999870	0.000010	0.000010	LD_0.9_14_1853
XZ1207	0.000010	0.000010	0.000010	0.000010	0.000010	0.000010	0.000010	0.000010	0.000010	0.954143	0.000010	0.011824	0.033922	0.000010	LD_0.9_14_1853
XZ1210	0.000010	0.000010	0.000010	0.000010	0.000010	0.000010	0.000010	0.000010	0.000010	0.999870	0.000010	0.000010	0.000010	0.000010	LD_0.9_14_1853
XZ1212	0.000012	0.000010	0.000010	0.000010	0.000010	0.000010	0.000010	0.000010	0.000010	0.927596	0.039391	0.000010	0.032901	0.000010	LD_0.9_14_1853
XZ1213	0.000010	0.000010	0.000010	0.000010	0.000010	0.000015	0.000010	0.000010	0.000012	0.999864	0.000010	0.000010	0.000010	0.000010	LD_0.9_14_1853
XZ1731	0.000010	0.000010	0.000010	0.000010	0.000010	0.000010	0.000010	0.000010	0.000010	0.999870	0.000010	0.000010	0.000010	0.000010	LD_0.9_14_1853
XZ1732	0.000010	0.000010	0.000010	0.000010	0.000010	0.000010	0.000010	0.000018	0.000010	0.933947	0.065925	0.000010	0.000010	0.000010	LD_0.9_14_1853
ZZY0992	0.000010	0.000010	0.000010	0.000010	0.000010	0.000010	0.000010	0.999864	0.000010	0.000010	0.000016	0.000010	0.000010	0.000010	LD_0.9_14_1853
ZZY1034	0.000010	0.000010	0.000010	0.000012	0.000010	0.000010	0.000010	0.000010	0.000010	0.000010	0.000010	0.000010	0.999868	0.000010	LD_0.9_14_1853
ZZY1075	0.000010	0.000010	0.000010	0.000010	0.000010	0.000010	0.000010	0.000010	0.000010	0.000010	0.000010	0.000010	0.999870	0.000010	LD_0.9_14_1853
ZZY1123	0.000010	0.000010	0.000010	0.000010	0.000010	0.000010	0.000010	0.999870	0.000010	0.000010	0.000010	0.000010	0.000010	0.000010	LD_0.9_14_1853
ZZY1130	0.000010	0.000010	0.000010	0.000010	0.000010	0.000010	0.000010	0.000010	0.000010	0.000010	0.000010	0.000010	0.999870	0.000010	LD_0.9_14_1853
ZZY405	0.000010	0.000010	0.000010	0.000010	0.000010	0.000010	0.000010	0.000010	0.000010	0.000010	0.000010	0.000010	0.999870	0.000010	LD_0.9_14_1853
AF16	0.000010	0.000010	0.000010	0.000011	0.999868	0.000010	0.000010	0.000010	0.000010	0.000010	0.000011	0.000010	0.000010	0.000010	LD_0.9_14_1884
BRC20069	0.000010	0.000010	0.000010	0.000013	0.875954	0.123914	0.000010	0.000010	0.000013	0.000013	0.000013	0.000010	0.000010	0.000010	LD_0.9_14_1884
BRC20073	0.000010	0.000010	0.000010	0.000010	0.598357	0.401523	0.000010	0.000010	0.000010	0.000010	0.000010	0.000010	0.000010	0.000010	LD_0.9_14_1884
BRC20075	0.000010	0.000010	0.000010	0.000010	0.000010	0.000010	0.000010	0.000010	0.000010	0.000010	0.000010	0.000010	0.999870	0.000010	LD_0.9_14_1884
BRC20077	0.000010	0.000010	0.000010	0.000010	0.686868	0.313012	0.000010	0.000010	0.000010	0.000010	0.000010	0.000010	0.000010	0.000010	LD_0.9_14_1884
BRC20081	0.000010	0.000010	0.000010	0.999870	0.000010	0.000010	0.000010	0.000010	0.000010	0.000010	0.000010	0.000010	0.000010	0.000010	LD_0.9_14_1884
BRC20085	0.000010	0.000010	0.000010	0.000010	0.000010	0.928068	0.000010	0.000010	0.000010	0.000010	0.000010	0.071812	0.000010	0.000010	LD_0.9_14_1884
BRC20088	0.000010	0.000010	0.000010	0.999870	0.000010	0.000010	0.000010	0.000010	0.000010	0.000010	0.000010	0.000010	0.000010	0.000010	LD_0.9_14_1884
BRC20089	0.000010	0.000010	0.000010	0.000010	0.940058	0.059822	0.000010	0.000010	0.000010	0.000010	0.000010	0.000010	0.000010	0.000010	LD_0.9_14_1884
BRC20090	0.000010	0.000010	0.000010	0.000010	0.705374	0.294506	0.000010	0.000010	0.000010	0.000010	0.000010	0.000010	0.000010	0.000010	LD_0.9_14_1884
BRC20092	0.000010	0.000010	0.000010	0.000010	0.000010	0.999870	0.000010	0.000010	0.000010	0.000010	0.000010	0.000010	0.000010	0.000010	LD_0.9_14_1884
BRC20093	0.000010	0.000010	0.000010	0.000010	0.999864	0.000010	0.000010	0.000010	0.000010	0.000010	0.000010	0.000016	0.000010	0.000010	LD_0.9_14_1884
BRC20094	0.000010	0.000010	0.000010	0.000010	0.000010	0.999870	0.000010	0.000010	0.000010	0.000010	0.000010	0.000010	0.000010	0.000010	LD_0.9_14_1884
BRC20095	0.000010	0.000010	0.000010	0.000010	0.588157	0.411723	0.000010	0.000010	0.000010	0.000010	0.000010	0.000010	0.000010	0.000010	LD_0.9_14_1884
BRC20096	0.000010	0.000014	0.000010	0.000010	0.999866	0.000010	0.000010	0.000010	0.000010	0.000010	0.000010	0.000010	0.000010	0.000010	LD_0.9_14_1884
BRC20098	0.000010	0.000017	0.000010	0.000010	0.999849	0.000017	0.000010	0.000010	0.000010	0.000010	0.000010	0.000017	0.000010	0.000010	LD_0.9_14_1884
BRC20099	0.000010	0.000010	0.000010	0.000010	0.674691	0.325189	0.000010	0.000010	0.000010	0.000010	0.000010	0.000010	0.000010	0.000010	LD_0.9_14_1884
BRC20100	0.000010	0.000010	0.000010	0.000012	0.966283	0.033595	0.000010	0.000010	0.000010	0.000010	0.000010	0.000010	0.000010	0.000010	LD_0.9_14_1884
BRC20102	0.000010	0.000010	0.000010	0.000010	0.999870	0.000010	0.000010	0.000010	0.000010	0.000010	0.000010	0.000010	0.000010	0.000010	LD_0.9_14_1884
BRC20103	0.000010	0.000010	0.000010	0.000010	0.999870	0.000010	0.000010	0.000010	0.000010	0.000010	0.000010	0.000010	0.000010	0.000010	LD_0.9_14_1884
BRC20105	0.000010	0.000010	0.000010	0.000010	0.000010	0.999870	0.000010	0.000010	0.000010	0.000010	0.000010	0.000010	0.000010	0.000010	LD_0.9_14_1884
BRC20107	0.000010	0.000010	0.000010	0.000010	0.000010	0.999870	0.000010	0.000010	0.000010	0.000010	0.000010	0.000010	0.000010	0.000010	LD_0.9_14_1884
BRC20115	0.018918	0.000010	0.000010	0.115365	0.000010	0.000010	0.000010	0.000010	0.000010	0.798864	0.000010	0.000010	0.066752	0.000010	LD_0.9_14_1884
BRC20119	0.000010	0.007424	0.000010	0.000010	0.275549	0.129178	0.000010	0.000010	0.000010	0.587749	0.000010	0.000010	0.000010	0.000010	LD_0.9_14_1884
BRC20228	0.000010	0.000010	0.000010	0.000010	0.957915	0.041965	0.000010	0.000010	0.000010	0.000010	0.000010	0.000010	0.000010	0.000010	LD_0.9_14_1884
BRC20229	0.000010	0.000010	0.000010	0.000010	0.000011	0.000018	0.427497	0.000010	0.000010	0.000010	0.000010	0.000010	0.572373	0.000010	LD_0.9_14_1884
BRC20230	0.000010	0.000010	0.000010	0.999868	0.000010	0.000010	0.000010	0.000010	0.000010	0.000010	0.000010	0.000010	0.000012	0.000010	LD_0.9_14_1884
BRC20232	0.000010	0.000010	0.000010	0.000010	0.000010	0.000010	0.454438	0.000010	0.000010	0.000010	0.000010	0.000010	0.545442	0.000010	LD_0.9_14_1884
BRC20238	0.000010	0.000010	0.000010	0.999870	0.000010	0.000010	0.000010	0.000010	0.000010	0.000010	0.000010	0.000010	0.000010	0.000010	LD_0.9_14_1884
BRC20239	0.000010	0.000012	0.000010	0.000013	0.000010	0.000010	0.000010	0.000010	0.000010	0.000015	0.000010	0.000010	0.999860	0.000010	LD_0.9_14_1884
BRC20241	0.000010	0.000010	0.000010	0.000010	0.947013	0.000010	0.000010	0.000010	0.000010	0.052867	0.000010	0.000010	0.000010	0.000010	LD_0.9_14_1884
BRC20242	0.000010	0.000010	0.000010	0.000010	0.954382	0.045497	0.000010	0.000010	0.000010	0.000011	0.000010	0.000010	0.000010	0.000010	LD_0.9_14_1884
BRC20244	0.000010	0.000010	0.000010	0.999870	0.000010	0.000010	0.000010	0.000010	0.000010	0.000010	0.000010	0.000010	0.000010	0.000010	LD_0.9_14_1884
BRC20246	0.000010	0.000010	0.000010	0.999861	0.000010	0.000010	0.000010	0.000010	0.000019	0.000010	0.000010	0.000010	0.000010	0.000010	LD_0.9_14_1884
BRC20257	0.000010	0.125116	0.000010	0.000010	0.000010	0.000010	0.000010	0.000010	0.000010	0.874764	0.000010	0.000010	0.000010	0.000010	LD_0.9_14_1884
BRC20260	0.000010	0.000010	0.000010	0.000010	0.999867	0.000010	0.000010	0.000010	0.000010	0.000010	0.000010	0.000013	0.000010	0.000010	LD_0.9_14_1884
BRC20270	0.000010	0.000010	0.000010	0.999870	0.000010	0.000010	0.000010	0.000010	0.000010	0.000010	0.000010	0.000010	0.000010	0.000010	LD_0.9_14_1884
BRC20272	0.000010	0.000010	0.000010	0.999870	0.000010	0.000010	0.000010	0.000010	0.000010	0.000010	0.000010	0.000010	0.000010	0.000010	LD_0.9_14_1884
BRC20289	0.000010	0.000010	0.000010	0.999868	0.000012	0.000010	0.000010	0.000010	0.000010	0.000010	0.000010	0.000010	0.000010	0.000010	LD_0.9_14_1884
BRC20290	0.000010	0.000010	0.000010	0.999868	0.000012	0.000010	0.000010	0.000010	0.000010	0.000010	0.000010	0.000010	0.000010	0.000010	LD_0.9_14_1884
BRC20294	0.000010	0.000010	0.000010	0.000010	0.768698	0.231182	0.000010	0.000010	0.000010	0.000010	0.000010	0.000010	0.000010	0.000010	LD_0.9_14_1884
BRC20308	0.000010	0.000010	0.000010	0.999866	0.000010	0.000010	0.000014	0.000010	0.000010	0.000010	0.000010	0.000010	0.000010	0.000010	LD_0.9_14_1884
BRC20309	0.000010	0.000010	0.000010	0.999870	0.000010	0.000010	0.000010	0.000010	0.000010	0.000010	0.000010	0.000010	0.000010	0.000010	LD_0.9_14_1884
BRC20311	0.000010	0.000010	0.000010	0.999860	0.000016	0.000010	0.000014	0.000010	0.000010	0.000010	0.000010	0.000010	0.000010	0.000010	LD_0.9_14_1884
BRC20312	0.000010	0.000010	0.000010	0.999870	0.000010	0.000010	0.000010	0.000010	0.000010	0.000010	0.000010	0.000010	0.000010	0.000010	LD_0.9_14_1884
BRC20315	0.000010	0.000010	0.000010	0.999863	0.000010	0.000010	0.000017	0.000010	0.000010	0.000010	0.000010	0.000010	0.000010	0.000010	LD_0.9_14_1884
BRC20320	0.000010	0.000010	0.000010	0.999870	0.000010	0.000010	0.000010	0.000010	0.000010	0.000010	0.000010	0.000010	0.000010	0.000010	LD_0.9_14_1884
BRC20324	0.000010	0.000010	0.000010	0.000010	0.360794	0.000010	0.000010	0.000010	0.000010	0.000010	0.000010	0.000010	0.639086	0.000010	LD_0.9_14_1884
BRC20331	0.000010	0.000010	0.000010	0.999869	0.000010	0.000010	0.000011	0.000010	0.000010	0.000010	0.000010	0.000010	0.000010	0.000010	LD_0.9_14_1884
BRC20333	0.000010	0.000010	0.000010	0.999870	0.000010	0.000010	0.000010	0.000010	0.000010	0.000010	0.000010	0.000010	0.000010	0.000010	LD_0.9_14_1884
BRC20334	0.000010	0.000010	0.000010	0.999870	0.000010	0.000010	0.000010	0.000010	0.000010	0.000010	0.000010	0.000010	0.000010	0.000010	LD_0.9_14_1884
BRC20339	0.000010	0.000010	0.000010	0.999870	0.000010	0.000010	0.000010	0.000010	0.000010	0.000010	0.000010	0.000010	0.000010	0.000010	LD_0.9_14_1884
BRC20341	0.000010	0.000010	0.000010	0.999870	0.000010	0.000010	0.000010	0.000010	0.000010	0.000010	0.000010	0.000010	0.000010	0.000010	LD_0.9_14_1884
BRC20343	0.000010	0.000010	0.000010	0.000010	0.000010	0.000010	0.999870	0.000010	0.000010	0.000010	0.000010	0.000010	0.000010	0.000010	LD_0.9_14_1884
BRC20346	0.000010	0.000010	0.000010	0.999870	0.000010	0.000010	0.000010	0.000010	0.000010	0.000010	0.000010	0.000010	0.000010	0.000010	LD_0.9_14_1884
BRC20347	0.000010	0.000010	0.000010	0.000015	0.000010	0.000010	0.000010	0.000017	0.000010	0.000010	0.000017	0.000010	0.999851	0.000010	LD_0.9_14_1884
BRC20348	0.000010	0.000010	0.000010	0.999870	0.000010	0.000010	0.000010	0.000010	0.000010	0.000010	0.000010	0.000010	0.000010	0.000010	LD_0.9_14_1884
BRC20353	0.000010	0.000010	0.000010	0.000010	0.000010	0.000010	0.000010	0.999870	0.000010	0.000010	0.000010	0.000010	0.000010	0.000010	LD_0.9_14_1884
BRC20360	0.000010	0.000010	0.000010	0.000010	0.000010	0.000010	0.000010	0.999870	0.000010	0.000010	0.000010	0.000010	0.000010	0.000010	LD_0.9_14_1884
BRC20361	0.000010	0.000010	0.000010	0.000010	0.000010	0.000010	0.000010	0.999870	0.000010	0.000010	0.000010	0.000010	0.000010	0.000010	LD_0.9_14_1884
BRC20362	0.000010	0.000010	0.000010	0.000010	0.000010	0.000010	0.000010	0.999870	0.000010	0.000010	0.000010	0.000010	0.000010	0.000010	LD_0.9_14_1884
BRC20366	0.000010	0.000010	0.000010	0.999870	0.000010	0.000010	0.000010	0.000010	0.000010	0.000010	0.000010	0.000010	0.000010	0.000010	LD_0.9_14_1884
BRC20367	0.000010	0.000010	0.000010	0.999870	0.000010	0.000010	0.000010	0.000010	0.000010	0.000010	0.000010	0.000010	0.000010	0.000010	LD_0.9_14_1884
BRC20369	0.000010	0.000018	0.000010	0.000010	0.977313	0.022548	0.000010	0.000017	0.000010	0.000010	0.000010	0.000012	0.000013	0.000010	LD_0.9_14_1884
BRC20370	0.000010	0.000010	0.000010	0.999866	0.000010	0.000010	0.000014	0.000010	0.000010	0.000010	0.000010	0.000010	0.000010	0.000010	LD_0.9_14_1884
BRC20388	0.999862	0.000010	0.000018	0.000010	0.000010	0.000010	0.000010	0.000010	0.000010	0.000010	0.000010	0.000010	0.000010	0.000010	LD_0.9_14_1884
BRC20390	0.000010	0.000010	0.000010	0.999862	0.000010	0.000010	0.000010	0.000010	0.000018	0.000010	0.000010	0.000010	0.000010	0.000010	LD_0.9_14_1884
BRC20401	0.000010	0.000010	0.000010	0.000010	0.999870	0.000010	0.000010	0.000010	0.000010	0.000010	0.000010	0.000010	0.000010	0.000010	LD_0.9_14_1884
BRC20463	0.000010	0.000010	0.000010	0.999870	0.000010	0.000010	0.000010	0.000010	0.000010	0.000010	0.000010	0.000010	0.000010	0.000010	LD_0.9_14_1884
BRC20492	0.011373	0.000010	0.000010	0.132060	0.000010	0.000010	0.000010	0.000010	0.000010	0.806587	0.000010	0.000010	0.049880	0.000010	LD_0.9_14_1884
BRC20498	0.000010	0.000010	0.000010	0.000010	0.999870	0.000010	0.000010	0.000010	0.000010	0.000010	0.000010	0.000010	0.000010	0.000010	LD_0.9_14_1884
BRC20499	0.000010	0.000010	0.000010	0.999870	0.000010	0.000010	0.000010	0.000010	0.000010	0.000010	0.000010	0.000010	0.000010	0.000010	LD_0.9_14_1884
BRC20501	0.000010	0.000010	0.000010	0.999870	0.000010	0.000010	0.000010	0.000010	0.000010	0.000010	0.000010	0.000010	0.000010	0.000010	LD_0.9_14_1884
BRC20502	0.000010	0.000010	0.999870	0.000010	0.000010	0.000010	0.000010	0.000010	0.000010	0.000010	0.000010	0.000010	0.000010	0.000010	LD_0.9_14_1884
BRC20503	0.000010	0.000010	0.999870	0.000010	0.000010	0.000010	0.000010	0.000010	0.000010	0.000010	0.000010	0.000010	0.000010	0.000010	LD_0.9_14_1884
BRC20519	0.022317	0.000010	0.000010	0.119946	0.000010	0.000010	0.000010	0.000010	0.000010	0.800023	0.000010	0.000010	0.057614	0.000010	LD_0.9_14_1884
BRC20520	0.012091	0.000010	0.000010	0.131140	0.000010	0.000010	0.000010	0.000010	0.000010	0.807978	0.000010	0.000010	0.048691	0.000010	LD_0.9_14_1884
BRC20522	0.000010	0.000010	0.000010	0.000010	0.000010	0.000010	0.999870	0.000010	0.000010	0.000010	0.000010	0.000010	0.000010	0.000010	LD_0.9_14_1884
BRC20524	0.000010	0.000010	0.000010	0.000010	0.000010	0.000010	0.999869	0.000010	0.000010	0.000010	0.000010	0.000010	0.000011	0.000010	LD_0.9_14_1884
BRC20529	0.000010	0.000010	0.000010	0.999870	0.000010	0.000010	0.000010	0.000010	0.000010	0.000010	0.000010	0.000010	0.000010	0.000010	LD_0.9_14_1884
BRC20530	0.000010	0.000010	0.000010	0.000010	0.000010	0.000010	0.000010	0.000010	0.000010	0.000010	0.000010	0.000010	0.999870	0.000010	LD_0.9_14_1884
BRC20531	0.000010	0.000010	0.000010	0.000010	0.000010	0.000010	0.000010	0.000010	0.000010	0.000010	0.000010	0.000010	0.999870	0.000010	LD_0.9_14_1884
BRC20532	0.000010	0.000010	0.000010	0.999860	0.000010	0.000020	0.000010	0.000010	0.000010	0.000010	0.000010	0.000010	0.000010	0.000010	LD_0.9_14_1884
BRC20533	0.000010	0.000010	0.000011	0.999867	0.000010	0.000010	0.000011	0.000010	0.000010	0.000010	0.000010	0.000010	0.000011	0.000010	LD_0.9_14_1884
BRC20534	0.000010	0.000010	0.000010	0.999869	0.000010	0.000010	0.000010	0.000010	0.000010	0.000010	0.000010	0.000010	0.000011	0.000010	LD_0.9_14_1884
BRC20535	0.000010	0.000013	0.000017	0.999855	0.000010	0.000010	0.000015	0.000010	0.000010	0.000010	0.000010	0.000010	0.000010	0.000010	LD_0.9_14_1884
BRC20536	0.000010	0.000010	0.000010	0.999870	0.000010	0.000010	0.000010	0.000010	0.000010	0.000010	0.000010	0.000010	0.000010	0.000010	LD_0.9_14_1884
BRC20537	0.000010	0.000010	0.000010	0.999869	0.000011	0.000010	0.000010	0.000010	0.000010	0.000010	0.000010	0.000010	0.000010	0.000010	LD_0.9_14_1884
BRC20541	0.030275	0.000010	0.000010	0.110635	0.000010	0.000016	0.000010	0.000014	0.000010	0.785961	0.000010	0.000010	0.073018	0.000010	LD_0.9_14_1884
BRC20543	0.000010	0.000010	0.000010	0.999870	0.000010	0.000010	0.000010	0.000010	0.000010	0.000010	0.000010	0.000010	0.000010	0.000010	LD_0.9_14_1884
BRC20544	0.000010	0.000010	0.000010	0.999870	0.000010	0.000010	0.000010	0.000010	0.000010	0.000010	0.000010	0.000010	0.000010	0.000010	LD_0.9_14_1884
BRC20545	0.000010	0.000010	0.000010	0.999870	0.000010	0.000010	0.000010	0.000010	0.000010	0.000010	0.000010	0.000010	0.000010	0.000010	LD_0.9_14_1884
BRC20556	0.000010	0.000010	0.000010	0.000010	0.999870	0.000010	0.000010	0.000010	0.000010	0.000010	0.000010	0.000010	0.000010	0.000010	LD_0.9_14_1884
BRC20557	0.000010	0.000010	0.000010	0.999870	0.000010	0.000010	0.000010	0.000010	0.000010	0.000010	0.000010	0.000010	0.000010	0.000010	LD_0.9_14_1884
BRC20565	0.000010	0.000010	0.000010	0.000010	0.999870	0.000010	0.000010	0.000010	0.000010	0.000010	0.000010	0.000010	0.000010	0.000010	LD_0.9_14_1884
BRC20571	0.000010	0.000010	0.000010	0.000010	0.553521	0.446359	0.000010	0.000010	0.000010	0.000010	0.000010	0.000010	0.000010	0.000010	LD_0.9_14_1884
BRC20574	0.000010	0.000010	0.000010	0.000010	0.999870	0.000010	0.000010	0.000010	0.000010	0.000010	0.000010	0.000010	0.000010	0.000010	LD_0.9_14_1884
BW287	0.999870	0.000010	0.000010	0.000010	0.000010	0.000010	0.000010	0.000010	0.000010	0.000010	0.000010	0.000010	0.000010	0.000010	LD_0.9_14_1884
DF5100	0.000010	0.000010	0.000010	0.000010	0.622405	0.000010	0.000010	0.000010	0.377475	0.000010	0.000010	0.000010	0.000010	0.000010	LD_0.9_14_1884
ECA1129	0.000010	0.000010	0.000010	0.000010	0.999870	0.000010	0.000010	0.000010	0.000010	0.000010	0.000010	0.000010	0.000010	0.000010	LD_0.9_14_1884
ECA1143	0.000010	0.000010	0.000010	0.000010	0.768509	0.000010	0.000010	0.000010	0.184816	0.000011	0.000010	0.046564	0.000010	0.000010	LD_0.9_14_1884
ECA1147	0.000010	0.000010	0.000010	0.000010	0.999870	0.000010	0.000010	0.000010	0.000010	0.000010	0.000010	0.000010	0.000010	0.000010	LD_0.9_14_1884
ECA1149	0.000010	0.000010	0.000010	0.041715	0.958165	0.000010	0.000010	0.000010	0.000010	0.000010	0.000010	0.000010	0.000010	0.000010	LD_0.9_14_1884
ECA1160	0.000010	0.000010	0.000010	0.000010	0.999870	0.000010	0.000010	0.000010	0.000010	0.000010	0.000010	0.000010	0.000010	0.000010	LD_0.9_14_1884
ECA1164	0.000010	0.000010	0.000010	0.000010	0.999870	0.000010	0.000010	0.000010	0.000010	0.000010	0.000010	0.000010	0.000010	0.000010	LD_0.9_14_1884
ECA1170	0.000010	0.000010	0.000010	0.999870	0.000010	0.000010	0.000010	0.000010	0.000010	0.000010	0.000010	0.000010	0.000010	0.000010	LD_0.9_14_1884
ECA1174	0.000010	0.000010	0.000010	0.000010	0.999870	0.000010	0.000010	0.000010	0.000010	0.000010	0.000010	0.000010	0.000010	0.000010	LD_0.9_14_1884
ECA1383	0.000010	0.000010	0.000010	0.999870	0.000010	0.000010	0.000010	0.000010	0.000010	0.000010	0.000010	0.000010	0.000010	0.000010	LD_0.9_14_1884
ECA1411	0.000010	0.000010	0.000010	0.000010	0.999870	0.000010	0.000010	0.000010	0.000010	0.000010	0.000010	0.000010	0.000010	0.000010	LD_0.9_14_1884
ECA1423	0.000010	0.000010	0.000010	0.000010	0.999870	0.000010	0.000010	0.000010	0.000010	0.000010	0.000010	0.000010	0.000010	0.000010	LD_0.9_14_1884
ECA1429	0.000010	0.000010	0.000010	0.000010	0.999870	0.000010	0.000010	0.000010	0.000010	0.000010	0.000010	0.000010	0.000010	0.000010	LD_0.9_14_1884
ECA1431	0.000010	0.000010	0.000010	0.000010	0.999870	0.000010	0.000010	0.000010	0.000010	0.000010	0.000010	0.000010	0.000010	0.000010	LD_0.9_14_1884
ECA1437	0.000010	0.000011	0.000010	0.000010	0.999868	0.000010	0.000010	0.000010	0.000010	0.000010	0.000010	0.000011	0.000010	0.000010	LD_0.9_14_1884
ECA1439	0.000010	0.000010	0.000010	0.000010	0.879305	0.000010	0.000010	0.000010	0.120575	0.000010	0.000010	0.000010	0.000010	0.000010	LD_0.9_14_1884
ECA1443	0.000010	0.000010	0.000010	0.937840	0.062040	0.000010	0.000010	0.000010	0.000010	0.000010	0.000010	0.000010	0.000010	0.000010	LD_0.9_14_1884
ECA1471	0.000010	0.000010	0.000010	0.000010	0.999869	0.000010	0.000011	0.000010	0.000010	0.000010	0.000010	0.000010	0.000010	0.000010	LD_0.9_14_1884
ECA1489	0.000010	0.057967	0.000010	0.000010	0.630333	0.049321	0.000010	0.000010	0.262278	0.000010	0.000010	0.000010	0.000010	0.000010	LD_0.9_14_1884
ECA1507	0.000010	0.000010	0.000010	0.000010	0.999870	0.000010	0.000010	0.000010	0.000010	0.000010	0.000010	0.000010	0.000010	0.000010	LD_0.9_14_1884
ECA1509	0.000010	0.000010	0.000010	0.000010	0.999870	0.000010	0.000010	0.000010	0.000010	0.000010	0.000010	0.000010	0.000010	0.000010	LD_0.9_14_1884
ECA1517	0.000010	0.000010	0.000010	0.000010	0.939496	0.000010	0.000010	0.000010	0.034520	0.000010	0.000010	0.025874	0.000010	0.000010	LD_0.9_14_1884
ECA1521	0.000010	0.000010	0.000010	0.000010	0.999870	0.000010	0.000010	0.000010	0.000010	0.000010	0.000010	0.000010	0.000010	0.000010	LD_0.9_14_1884
ECA1555	0.000010	0.000010	0.000010	0.000010	0.999870	0.000010	0.000010	0.000010	0.000010	0.000010	0.000010	0.000010	0.000010	0.000010	LD_0.9_14_1884
ECA1559	0.000010	0.000010	0.000010	0.999854	0.000011	0.000010	0.000010	0.000019	0.000010	0.000010	0.000010	0.000010	0.000016	0.000010	LD_0.9_14_1884
ECA1563	0.000010	0.000010	0.000010	0.000010	0.999869	0.000010	0.000010	0.000011	0.000010	0.000010	0.000010	0.000010	0.000010	0.000010	LD_0.9_14_1884
ECA1571	0.000010	0.024227	0.000010	0.000010	0.709550	0.000010	0.000010	0.000010	0.239639	0.000010	0.000010	0.026485	0.000010	0.000010	LD_0.9_14_1884
ECA1587	0.000010	0.000010	0.000010	0.000010	0.999870	0.000010	0.000010	0.000010	0.000010	0.000010	0.000010	0.000010	0.000010	0.000010	LD_0.9_14_1884
ECA1605	0.000010	0.022976	0.000010	0.875311	0.033985	0.000010	0.000010	0.000010	0.067629	0.000010	0.000010	0.000010	0.000010	0.000010	LD_0.9_14_1884
ECA1609	0.000010	0.000010	0.000010	0.000010	0.999869	0.000010	0.000010	0.000010	0.000010	0.000010	0.000010	0.000010	0.000010	0.000010	LD_0.9_14_1884
ECA161	0.000010	0.000010	0.000010	0.000010	0.999870	0.000010	0.000010	0.000010	0.000010	0.000010	0.000010	0.000010	0.000010	0.000010	LD_0.9_14_1884
ECA1611	0.000010	0.000010	0.000010	0.000010	0.999870	0.000010	0.000010	0.000010	0.000010	0.000010	0.000010	0.000010	0.000010	0.000010	LD_0.9_14_1884
ECA1615	0.000010	0.000010	0.000010	0.000010	0.999870	0.000010	0.000010	0.000010	0.000010	0.000010	0.000010	0.000010	0.000010	0.000010	LD_0.9_14_1884
ECA162	0.000010	0.000010	0.000010	0.000010	0.999870	0.000010	0.000010	0.000010	0.000010	0.000010	0.000010	0.000010	0.000010	0.000010	LD_0.9_14_1884
ECA1621	0.000010	0.000010	0.000010	0.000010	0.919147	0.080733	0.000010	0.000010	0.000010	0.000010	0.000010	0.000010	0.000010	0.000010	LD_0.9_14_1884
ECA163	0.000010	0.000010	0.999870	0.000010	0.000010	0.000010	0.000010	0.000010	0.000010	0.000010	0.000010	0.000010	0.000010	0.000010	LD_0.9_14_1884
ECA1637	0.000010	0.000010	0.000010	0.000010	0.999870	0.000010	0.000010	0.000010	0.000010	0.000010	0.000010	0.000010	0.000010	0.000010	LD_0.9_14_1884
ECA1657	0.000010	0.000013	0.000010	0.000010	0.999867	0.000010	0.000010	0.000010	0.000010	0.000010	0.000010	0.000010	0.000010	0.000010	LD_0.9_14_1884
ECA1701	0.000010	0.000010	0.000010	0.000010	0.539080	0.460800	0.000010	0.000010	0.000010	0.000010	0.000010	0.000010	0.000010	0.000010	LD_0.9_14_1884
ECA175	0.000010	0.000010	0.000010	0.000010	0.999869	0.000010	0.000010	0.000010	0.000010	0.000011	0.000010	0.000010	0.000010	0.000010	LD_0.9_14_1884
ECA176	0.000010	0.000010	0.000013	0.000010	0.974435	0.000010	0.000010	0.000010	0.000010	0.000010	0.000010	0.025442	0.000010	0.000010	LD_0.9_14_1884
ECA177	0.000010	0.000011	0.000010	0.000010	0.999869	0.000010	0.000010	0.000010	0.000010	0.000010	0.000010	0.000011	0.000010	0.000010	LD_0.9_14_1884
ECA180	0.000010	0.000010	0.000010	0.000010	0.942301	0.057579	0.000010	0.000010	0.000010	0.000010	0.000010	0.000010	0.000010	0.000010	LD_0.9_14_1884
ECA182	0.000010	0.000010	0.000010	0.000010	0.999870	0.000010	0.000010	0.000010	0.000010	0.000010	0.000010	0.000010	0.000010	0.000010	LD_0.9_14_1884
ECA183	0.000010	0.000010	0.000010	0.000010	0.999859	0.000010	0.000013	0.000010	0.000010	0.000018	0.000010	0.000010	0.000010	0.000010	LD_0.9_14_1884
ECA185	0.000010	0.000010	0.000016	0.000010	0.972251	0.000010	0.000010	0.000010	0.027623	0.000010	0.000010	0.000010	0.000010	0.000010	LD_0.9_14_1884
ECA186	0.000010	0.000010	0.000010	0.000010	0.941680	0.000010	0.000010	0.000011	0.058199	0.000010	0.000010	0.000010	0.000010	0.000010	LD_0.9_14_1884
ECA2083	0.000010	0.000010	0.000010	0.000010	0.999870	0.000010	0.000010	0.000010	0.000010	0.000010	0.000010	0.000010	0.000010	0.000010	LD_0.9_14_1884
ECA2093	0.000010	0.000010	0.000010	0.000010	0.999870	0.000010	0.000010	0.000010	0.000010	0.000010	0.000010	0.000010	0.000010	0.000010	LD_0.9_14_1884
ECA2115	0.000010	0.000010	0.000010	0.000010	0.999870	0.000010	0.000010	0.000010	0.000010	0.000010	0.000010	0.000010	0.000010	0.000010	LD_0.9_14_1884
ECA2299	0.000010	0.000010	0.000010	0.999856	0.000015	0.000010	0.000010	0.000018	0.000010	0.000010	0.000010	0.000010	0.000010	0.000010	LD_0.9_14_1884
ECA2373	0.000010	0.000010	0.000010	0.000010	0.952111	0.000010	0.000010	0.002317	0.000010	0.000010	0.000010	0.045462	0.000010	0.000010	LD_0.9_14_1884
ECA2385	0.000010	0.000010	0.000017	0.999861	0.000012	0.000010	0.000010	0.000010	0.000010	0.000010	0.000010	0.000010	0.000010	0.000010	LD_0.9_14_1884
ECA2425	0.000010	0.000010	0.000010	0.000010	0.999870	0.000010	0.000010	0.000010	0.000010	0.000010	0.000010	0.000010	0.000010	0.000010	LD_0.9_14_1884
ECA2617	0.000010	0.000010	0.000010	0.000010	0.000014	0.000017	0.000010	0.000012	0.000010	0.000010	0.000010	0.000010	0.000010	0.999857	LD_0.9_14_1884
ECA2618	0.000011	0.000010	0.000010	0.000010	0.000010	0.000010	0.000010	0.000010	0.000012	0.000010	0.000015	0.000010	0.000010	0.999862	LD_0.9_14_1884
ECA2621	0.000010	0.000010	0.000010	0.000010	0.000010	0.000010	0.000010	0.000010	0.000010	0.000010	0.000010	0.000010	0.000010	0.999870	LD_0.9_14_1884
ECA2623	0.000010	0.000010	0.000010	0.000010	0.133125	0.000010	0.000010	0.000010	0.866755	0.000010	0.000010	0.000010	0.000010	0.000010	LD_0.9_14_1884
ECA2625	0.000010	0.000010	0.000010	0.000010	0.999870	0.000010	0.000010	0.000010	0.000010	0.000010	0.000010	0.000010	0.000010	0.000010	LD_0.9_14_1884
ECA2626	0.000010	0.000010	0.000010	0.000010	0.999870	0.000010	0.000010	0.000010	0.000010	0.000010	0.000010	0.000010	0.000010	0.000010	LD_0.9_14_1884
ECA2636	0.000010	0.000010	0.000010	0.000010	0.999870	0.000010	0.000010	0.000010	0.000010	0.000010	0.000010	0.000010	0.000010	0.000010	LD_0.9_14_1884
ECA2637	0.000010	0.000010	0.000010	0.000010	0.926734	0.073146	0.000010	0.000010	0.000010	0.000010	0.000010	0.000010	0.000010	0.000010	LD_0.9_14_1884
ECA2639	0.000010	0.000010	0.000010	0.000010	0.000010	0.000010	0.000010	0.000010	0.000010	0.000010	0.000010	0.000010	0.000010	0.999870	LD_0.9_14_1884
ECA2645	0.000010	0.000013	0.000010	0.000010	0.999867	0.000010	0.000010	0.000010	0.000010	0.000010	0.000010	0.000010	0.000010	0.000010	LD_0.9_14_1884
ECA2647	0.000010	0.000010	0.000010	0.000010	0.000010	0.000010	0.000010	0.000010	0.000010	0.000010	0.000010	0.000010	0.000010	0.999870	LD_0.9_14_1884
ECA2663	0.000010	0.000010	0.000010	0.000010	0.999869	0.000010	0.000010	0.000010	0.000010	0.000010	0.000010	0.000010	0.000010	0.000010	LD_0.9_14_1884
ECA2664	0.000010	0.000010	0.000010	0.000010	0.135327	0.000010	0.000010	0.000010	0.864553	0.000010	0.000010	0.000010	0.000010	0.000010	LD_0.9_14_1884
ECA2666	0.000010	0.000010	0.000010	0.000010	0.000010	0.000010	0.000010	0.000010	0.000010	0.000010	0.000010	0.000010	0.000010	0.999870	LD_0.9_14_1884
ECA2667	0.000010	0.000010	0.000010	0.000010	0.999870	0.000010	0.000010	0.000010	0.000010	0.000010	0.000010	0.000010	0.000010	0.000010	LD_0.9_14_1884
ECA2670	0.000010	0.000010	0.000010	0.000019	0.000010	0.000010	0.000010	0.000010	0.000010	0.000010	0.000010	0.000010	0.000010	0.999861	LD_0.9_14_1884
ECA276	0.000010	0.000010	0.999870	0.000010	0.000010	0.000010	0.000010	0.000010	0.000010	0.000010	0.000010	0.000010	0.000010	0.000010	LD_0.9_14_1884
ECA278	0.999870	0.000010	0.000010	0.000010	0.000010	0.000010	0.000010	0.000010	0.000010	0.000010	0.000010	0.000010	0.000010	0.000010	LD_0.9_14_1884
ECA2808	0.000010	0.000010	0.000010	0.000010	0.904980	0.000010	0.000010	0.000010	0.094900	0.000010	0.000010	0.000010	0.000010	0.000010	LD_0.9_14_1884
ECA287	0.000010	0.000010	0.000010	0.987693	0.012187	0.000010	0.000010	0.000010	0.000010	0.000010	0.000010	0.000010	0.000010	0.000010	LD_0.9_14_1884
ECA288	0.000010	0.000010	0.000010	0.102412	0.275798	0.000014	0.000010	0.000010	0.621676	0.000010	0.000010	0.000010	0.000010	0.000010	LD_0.9_14_1884
ECA2883	0.000010	0.000010	0.000010	0.000010	0.999861	0.000010	0.000010	0.000010	0.000019	0.000010	0.000010	0.000010	0.000010	0.000010	LD_0.9_14_1884
ECA2890	0.000010	0.000010	0.000010	0.000010	0.999870	0.000010	0.000010	0.000010	0.000010	0.000010	0.000010	0.000010	0.000010	0.000010	LD_0.9_14_1884
ECA2894	0.000010	0.000010	0.000010	0.000010	0.913085	0.000010	0.000010	0.000010	0.086795	0.000010	0.000010	0.000010	0.000010	0.000010	LD_0.9_14_1884
ECA2975	0.000010	0.000010	0.000010	0.000010	0.999870	0.000010	0.000010	0.000010	0.000010	0.000010	0.000010	0.000010	0.000010	0.000010	LD_0.9_14_1884
ECA3091	0.000010	0.000010	0.000010	0.000010	0.999870	0.000010	0.000010	0.000010	0.000010	0.000010	0.000010	0.000010	0.000010	0.000010	LD_0.9_14_1884
ECA343	0.000010	0.000010	0.000010	0.000010	0.999870	0.000010	0.000010	0.000010	0.000010	0.000010	0.000010	0.000010	0.000010	0.000010	LD_0.9_14_1884
ECA346	0.000010	0.000010	0.000010	0.000010	0.847724	0.000010	0.000010	0.000010	0.152156	0.000010	0.000010	0.000010	0.000010	0.000010	LD_0.9_14_1884
ECA3502	0.000010	0.000010	0.000010	0.999870	0.000010	0.000010	0.000010	0.000010	0.000010	0.000010	0.000010	0.000010	0.000010	0.000010	LD_0.9_14_1884
ECA3503	0.000010	0.000010	0.000010	0.000010	0.999870	0.000010	0.000010	0.000010	0.000010	0.000010	0.000010	0.000010	0.000010	0.000010	LD_0.9_14_1884
ECA3509	0.000010	0.000010	0.000010	0.000010	0.999870	0.000010	0.000010	0.000010	0.000010	0.000010	0.000010	0.000010	0.000010	0.000010	LD_0.9_14_1884
ECA3708	0.000010	0.000010	0.000010	0.000010	0.999870	0.000010	0.000010	0.000010	0.000010	0.000010	0.000010	0.000010	0.000010	0.000010	LD_0.9_14_1884
ECA371	0.000010	0.000010	0.000010	0.000010	0.972341	0.000010	0.000010	0.000010	0.000010	0.000011	0.000010	0.027538	0.000010	0.000010	LD_0.9_14_1884
ECA3712	0.000010	0.000010	0.000010	0.000010	0.999870	0.000010	0.000010	0.000010	0.000010	0.000010	0.000010	0.000010	0.000010	0.000010	LD_0.9_14_1884
ECA3713	0.000010	0.000010	0.000010	0.000010	0.999870	0.000010	0.000010	0.000010	0.000010	0.000010	0.000010	0.000010	0.000010	0.000010	LD_0.9_14_1884
ECA3899	0.000010	0.000010	0.000010	0.000010	0.999869	0.000010	0.000010	0.000010	0.000010	0.000010	0.000010	0.000010	0.000010	0.000010	LD_0.9_14_1884
ECA569	0.999870	0.000010	0.000010	0.000010	0.000010	0.000010	0.000010	0.000010	0.000010	0.000010	0.000010	0.000010	0.000010	0.000010	LD_0.9_14_1884
ED3032	0.000010	0.000010	0.000010	0.000010	0.687871	0.312008	0.000010	0.000010	0.000010	0.000011	0.000010	0.000010	0.000010	0.000010	LD_0.9_14_1884
ED3037	0.000010	0.000010	0.000010	0.000010	0.999870	0.000010	0.000010	0.000010	0.000010	0.000010	0.000010	0.000010	0.000010	0.000010	LD_0.9_14_1884
ED3088	0.000010	0.000010	0.000010	0.000010	0.836566	0.000010	0.000010	0.000010	0.163314	0.000010	0.000010	0.000010	0.000010	0.000010	LD_0.9_14_1884
ED3102	0.000010	0.000010	0.999870	0.000010	0.000010	0.000010	0.000010	0.000010	0.000010	0.000010	0.000010	0.000010	0.000010	0.000010	LD_0.9_14_1884
EG4360	0.999866	0.000010	0.000010	0.000010	0.000010	0.000010	0.000010	0.000010	0.000010	0.000010	0.000010	0.000010	0.000014	0.000010	LD_0.9_14_1884
EG5612	0.000010	0.000010	0.000010	0.000010	0.000010	0.000010	0.000010	0.999869	0.000011	0.000010	0.000010	0.000010	0.000010	0.000010	LD_0.9_14_1884
EG5613	0.000010	0.000010	0.000010	0.000010	0.416949	0.000010	0.000010	0.026251	0.531222	0.025478	0.000010	0.000010	0.000010	0.000010	LD_0.9_14_1884
EG6179	0.000010	0.000010	0.000010	0.000010	0.568456	0.310101	0.000010	0.030319	0.091024	0.000010	0.000010	0.000010	0.000010	0.000010	LD_0.9_14_1884
EG6260	0.000010	0.000010	0.000010	0.000012	0.093889	0.000010	0.000011	0.000010	0.905988	0.000010	0.000010	0.000010	0.000010	0.000010	LD_0.9_14_1884
EG6261	0.000010	0.000010	0.000010	0.000010	0.520269	0.000010	0.000010	0.000010	0.479611	0.000010	0.000010	0.000010	0.000010	0.000010	LD_0.9_14_1884
EG6265	0.000010	0.014992	0.000010	0.984888	0.000010	0.000010	0.000010	0.000010	0.000010	0.000010	0.000010	0.000010	0.000010	0.000010	LD_0.9_14_1884
EG6267	0.000010	0.000010	0.000010	0.000010	0.612891	0.000010	0.000010	0.000010	0.386986	0.000013	0.000010	0.000010	0.000010	0.000010	LD_0.9_14_1884
EG6268	0.000010	0.000010	0.000010	0.999870	0.000010	0.000010	0.000010	0.000010	0.000010	0.000010	0.000010	0.000010	0.000010	0.000010	LD_0.9_14_1884
EG6271	0.000010	0.000010	0.000010	0.000010	0.039176	0.000010	0.000010	0.000010	0.960704	0.000010	0.000010	0.000010	0.000010	0.000010	LD_0.9_14_1884
EG6272	0.000010	0.000010	0.000010	0.000010	0.434947	0.000010	0.000010	0.000010	0.564933	0.000010	0.000010	0.000010	0.000010	0.000010	LD_0.9_14_1884
EG6274	0.000010	0.000010	0.000010	0.000010	0.537817	0.000010	0.000010	0.000010	0.462063	0.000010	0.000010	0.000010	0.000010	0.000010	LD_0.9_14_1884
EG6275	0.000010	0.000010	0.000010	0.000010	0.543697	0.000010	0.000010	0.000010	0.456183	0.000010	0.000010	0.000010	0.000010	0.000010	LD_0.9_14_1884
EG6276	0.000010	0.000010	0.000010	0.000010	0.610210	0.000010	0.000010	0.000010	0.389670	0.000010	0.000010	0.000010	0.000010	0.000010	LD_0.9_14_1884
EG6329	0.000010	0.000010	0.000010	0.000010	0.056363	0.000010	0.000010	0.000010	0.943517	0.000010	0.000010	0.000010	0.000010	0.000010	LD_0.9_14_1884
GUN124	0.999853	0.000010	0.000010	0.000010	0.000010	0.000010	0.000010	0.000020	0.000010	0.000010	0.000010	0.000010	0.000018	0.000010	LD_0.9_14_1884
GXW22	0.000010	0.000013	0.000010	0.000010	0.999867	0.000010	0.000010	0.000010	0.000010	0.000010	0.000010	0.000010	0.000010	0.000010	LD_0.9_14_1884
GXW23	0.000010	0.000010	0.000010	0.000010	0.000010	0.758868	0.000010	0.241012	0.000010	0.000010	0.000010	0.000010	0.000010	0.000010	LD_0.9_14_1884
HK104	0.999870	0.000010	0.000010	0.000010	0.000010	0.000010	0.000010	0.000010	0.000010	0.000010	0.000010	0.000010	0.000010	0.000010	LD_0.9_14_1884
HPT11	0.000010	0.000010	0.999870	0.000010	0.000010	0.000010	0.000010	0.000010	0.000010	0.000010	0.000010	0.000010	0.000010	0.000010	LD_0.9_14_1884
HPT16	0.000010	0.000010	0.000010	0.000010	0.000010	0.999870	0.000010	0.000010	0.000010	0.000010	0.000010	0.000010	0.000010	0.000010	LD_0.9_14_1884
HPT18	0.000010	0.000010	0.999859	0.000010	0.000017	0.000014	0.000010	0.000011	0.000010	0.000010	0.000010	0.000010	0.000010	0.000010	LD_0.9_14_1884
HPT19	0.000010	0.000010	0.000010	0.000010	0.121950	0.877930	0.000010	0.000010	0.000010	0.000010	0.000010	0.000010	0.000010	0.000010	LD_0.9_14_1884
HPT2	0.000010	0.000010	0.000010	0.000010	0.000010	0.999870	0.000010	0.000010	0.000010	0.000010	0.000010	0.000010	0.000010	0.000010	LD_0.9_14_1884
HPT21	0.000010	0.000010	0.000010	0.000010	0.983574	0.000010	0.000010	0.000010	0.016306	0.000010	0.000010	0.000010	0.000010	0.000010	LD_0.9_14_1884
HPT24	0.000010	0.000010	0.999870	0.000010	0.000010	0.000010	0.000010	0.000010	0.000010	0.000010	0.000010	0.000010	0.000010	0.000010	LD_0.9_14_1884
HPT34	0.000010	0.000010	0.000010	0.000010	0.000010	0.999870	0.000010	0.000010	0.000010	0.000010	0.000010	0.000010	0.000010	0.000010	LD_0.9_14_1884
HPT37	0.000010	0.000010	0.000010	0.000010	0.000010	0.999870	0.000010	0.000010	0.000010	0.000010	0.000010	0.000010	0.000010	0.000010	LD_0.9_14_1884
HPT4	0.000010	0.000010	0.000010	0.000010	0.000010	0.999870	0.000010	0.000010	0.000010	0.000010	0.000010	0.000010	0.000010	0.000010	LD_0.9_14_1884
HPT42	0.000010	0.000010	0.000010	0.000010	0.000010	0.999870	0.000010	0.000010	0.000010	0.000010	0.000010	0.000010	0.000010	0.000010	LD_0.9_14_1884
HPT52	0.000010	0.000010	0.000010	0.000010	0.655821	0.000010	0.000010	0.000010	0.000010	0.344059	0.000010	0.000010	0.000010	0.000010	LD_0.9_14_1884
HPT53	0.000010	0.000010	0.000010	0.000010	0.999870	0.000010	0.000010	0.000010	0.000010	0.000010	0.000010	0.000010	0.000010	0.000010	LD_0.9_14_1884
HPT54	0.000010	0.000010	0.000010	0.000010	0.999870	0.000010	0.000010	0.000010	0.000010	0.000010	0.000010	0.000010	0.000010	0.000010	LD_0.9_14_1884
HPT55	0.000010	0.000010	0.000010	0.000010	0.999870	0.000010	0.000010	0.000010	0.000010	0.000010	0.000010	0.000010	0.000010	0.000010	LD_0.9_14_1884
HPT59	0.000010	0.000010	0.000010	0.000010	0.999869	0.000010	0.000010	0.000010	0.000010	0.000011	0.000010	0.000010	0.000010	0.000010	LD_0.9_14_1884
HPT60	0.000010	0.000010	0.000010	0.000010	0.999870	0.000010	0.000010	0.000010	0.000010	0.000010	0.000010	0.000010	0.000010	0.000010	LD_0.9_14_1884
HPT62	0.000010	0.000010	0.000010	0.000010	0.000010	0.000010	0.000010	0.000010	0.000010	0.999870	0.000010	0.000010	0.000010	0.000010	LD_0.9_14_1884
HPT63	0.000010	0.000010	0.000010	0.000010	0.919355	0.080525	0.000010	0.000010	0.000010	0.000010	0.000010	0.000010	0.000010	0.000010	LD_0.9_14_1884
HPT7	0.000010	0.000010	0.000010	0.000010	0.000010	0.999870	0.000010	0.000010	0.000010	0.000010	0.000010	0.000010	0.000010	0.000010	LD_0.9_14_1884
HPT8	0.000010	0.000010	0.000010	0.000010	0.000010	0.999870	0.000010	0.000010	0.000010	0.000010	0.000010	0.000010	0.000010	0.000010	LD_0.9_14_1884
HPT9	0.000010	0.000010	0.000010	0.000010	0.097175	0.094162	0.000010	0.808548	0.000015	0.000010	0.000010	0.000010	0.000010	0.000010	LD_0.9_14_1884
JU1257	0.999870	0.000010	0.000010	0.000010	0.000010	0.000010	0.000010	0.000010	0.000010	0.000010	0.000010	0.000010	0.000010	0.000010	LD_0.9_14_1884
JU1337	0.000010	0.000010	0.000010	0.000010	0.550031	0.000010	0.000010	0.000010	0.426891	0.022968	0.000010	0.000010	0.000010	0.000010	LD_0.9_14_1884
JU1338	0.000010	0.000010	0.000010	0.000010	0.000010	0.000010	0.000010	0.999870	0.000010	0.000010	0.000010	0.000010	0.000010	0.000010	LD_0.9_14_1884
JU1341	0.000018	0.000010	0.000010	0.000010	0.000010	0.000010	0.000010	0.000010	0.000010	0.000010	0.999859	0.000013	0.000010	0.000010	LD_0.9_14_1884
JU1344	0.000010	0.000010	0.000010	0.000010	0.355665	0.610650	0.000010	0.033575	0.000010	0.000010	0.000010	0.000010	0.000010	0.000010	LD_0.9_14_1884
JU1346	0.000010	0.000010	0.000010	0.000010	0.000010	0.000010	0.000010	0.999870	0.000010	0.000010	0.000010	0.000010	0.000010	0.000010	LD_0.9_14_1884
JU1347	0.000010	0.000010	0.000010	0.000010	0.461276	0.000010	0.000010	0.000010	0.538604	0.000010	0.000010	0.000010	0.000010	0.000010	LD_0.9_14_1884
JU1348	0.000010	0.000010	0.000010	0.000010	0.000010	0.000010	0.000010	0.000010	0.000019	0.000014	0.999848	0.000018	0.000010	0.000010	LD_0.9_14_1884
JU1375	0.000010	0.000010	0.000010	0.000010	0.528283	0.000010	0.000010	0.000010	0.471597	0.000010	0.000010	0.000010	0.000010	0.000010	LD_0.9_14_1884
JU1377	0.000010	0.000010	0.000010	0.000010	0.574816	0.000010	0.000010	0.000010	0.425064	0.000010	0.000010	0.000010	0.000010	0.000010	LD_0.9_14_1884
JU1378	0.000010	0.000010	0.000010	0.000010	0.485662	0.000010	0.000010	0.000010	0.514218	0.000010	0.000010	0.000010	0.000010	0.000010	LD_0.9_14_1884
JU1392	0.000010	0.000010	0.000010	0.000010	0.530110	0.000010	0.000010	0.000010	0.469770	0.000010	0.000010	0.000010	0.000010	0.000010	LD_0.9_14_1884
JU1399	0.000010	0.000010	0.000010	0.000010	0.242337	0.000010	0.000010	0.000010	0.418531	0.000010	0.000010	0.339023	0.000010	0.000010	LD_0.9_14_1884
JU1424	0.000010	0.000010	0.000010	0.000010	0.000010	0.000010	0.000010	0.999870	0.000010	0.000010	0.000010	0.000010	0.000010	0.000010	LD_0.9_14_1884
JU1435	0.000010	0.000010	0.000010	0.000010	0.521450	0.000010	0.000010	0.000014	0.478426	0.000010	0.000010	0.000010	0.000010	0.000010	LD_0.9_14_1884
JU1564	0.999870	0.000010	0.000010	0.000010	0.000010	0.000010	0.000010	0.000010	0.000010	0.000010	0.000010	0.000010	0.000010	0.000010	LD_0.9_14_1884
JU1637	0.000010	0.000010	0.000010	0.000010	0.568399	0.000010	0.000010	0.000010	0.431481	0.000010	0.000010	0.000010	0.000010	0.000010	LD_0.9_14_1884
JU1638	0.000010	0.000010	0.000010	0.000010	0.527036	0.000010	0.000010	0.000010	0.472844	0.000010	0.000010	0.000010	0.000010	0.000010	LD_0.9_14_1884
JU1794	0.000010	0.000010	0.000010	0.000010	0.398219	0.453596	0.000010	0.045901	0.102184	0.000010	0.000010	0.000010	0.000010	0.000010	LD_0.9_14_1884
JU1795	0.000010	0.000010	0.000010	0.000010	0.857129	0.000010	0.000010	0.000010	0.142751	0.000010	0.000010	0.000010	0.000010	0.000010	LD_0.9_14_1884
JU1799	0.000010	0.000010	0.000010	0.000010	0.587153	0.000010	0.000010	0.000010	0.412727	0.000010	0.000010	0.000010	0.000010	0.000010	LD_0.9_14_1884
JU1802	0.000010	0.000012	0.000010	0.000010	0.559834	0.000010	0.000010	0.000010	0.440044	0.000010	0.000010	0.000010	0.000010	0.000010	LD_0.9_14_1884
JU1814	0.000010	0.000010	0.000010	0.000010	0.176021	0.000010	0.000010	0.000010	0.823859	0.000010	0.000010	0.000010	0.000010	0.000010	LD_0.9_14_1884
JU1884	0.000010	0.000010	0.000010	0.000010	0.949271	0.000010	0.000010	0.000010	0.050609	0.000010	0.000010	0.000010	0.000010	0.000010	LD_0.9_14_1884
JU1885	0.000010	0.000010	0.000010	0.000010	0.453255	0.000020	0.000010	0.000010	0.508414	0.038211	0.000010	0.000010	0.000010	0.000010	LD_0.9_14_1884
JU1907	0.000010	0.000010	0.000010	0.000010	0.678511	0.321364	0.000013	0.000010	0.000010	0.000012	0.000010	0.000010	0.000010	0.000010	LD_0.9_14_1884
JU1908	0.000010	0.000010	0.000010	0.000010	0.652007	0.343776	0.000010	0.000010	0.004107	0.000010	0.000010	0.000010	0.000010	0.000010	LD_0.9_14_1884
JU1909	0.000010	0.000010	0.000010	0.000010	0.809512	0.190358	0.000010	0.000014	0.000016	0.000010	0.000010	0.000010	0.000010	0.000010	LD_0.9_14_1884
JU1913	0.000010	0.000010	0.000010	0.000010	0.511196	0.045006	0.000010	0.000010	0.088364	0.312020	0.000010	0.043325	0.000010	0.000010	LD_0.9_14_1884
JU2053	0.000010	0.000017	0.000010	0.000010	0.957876	0.000010	0.000010	0.000010	0.041997	0.000010	0.000010	0.000010	0.000010	0.000010	LD_0.9_14_1884
JU2054	0.000010	0.000010	0.000010	0.000010	0.999870	0.000010	0.000010	0.000010	0.000010	0.000010	0.000010	0.000010	0.000010	0.000010	LD_0.9_14_1884
JU2056	0.000010	0.000010	0.000010	0.000010	0.999870	0.000010	0.000010	0.000010	0.000010	0.000010	0.000010	0.000010	0.000010	0.000010	LD_0.9_14_1884
JU2057	0.000010	0.000010	0.000010	0.000010	0.000010	0.000010	0.000010	0.000010	0.000010	0.991014	0.000010	0.008866	0.000010	0.000010	LD_0.9_14_1884
JU2160	0.000010	0.000010	0.000010	0.000010	0.008061	0.000010	0.000010	0.000010	0.000010	0.983925	0.000010	0.007904	0.000010	0.000010	LD_0.9_14_1884
JU2162	0.000010	0.000010	0.000013	0.000010	0.004019	0.000010	0.000010	0.000010	0.000010	0.988873	0.000010	0.006996	0.000010	0.000010	LD_0.9_14_1884
JU2214	0.000010	0.000010	0.000010	0.000010	0.261133	0.449545	0.000010	0.000010	0.045000	0.000013	0.000010	0.244219	0.000010	0.000010	LD_0.9_14_1884
JU2216	0.000010	0.000010	0.000010	0.999870	0.000010	0.000010	0.000010	0.000010	0.000010	0.000010	0.000010	0.000010	0.000010	0.000010	LD_0.9_14_1884
JU2457	0.495469	0.000010	0.000010	0.000010	0.123153	0.117467	0.000010	0.000010	0.250447	0.000010	0.000010	0.013374	0.000010	0.000010	LD_0.9_14_1884
JU2470	0.000010	0.000010	0.000010	0.000010	0.000010	0.000010	0.000010	0.000010	0.000010	0.999870	0.000010	0.000010	0.000010	0.000010	LD_0.9_14_1884
JU2472	0.000010	0.000010	0.000010	0.000010	0.395049	0.000010	0.000010	0.000010	0.604831	0.000010	0.000010	0.000010	0.000010	0.000010	LD_0.9_14_1884
JU2506	0.000010	0.000010	0.000010	0.000010	0.688704	0.311176	0.000010	0.000010	0.000010	0.000010	0.000010	0.000010	0.000010	0.000010	LD_0.9_14_1884
JU2507	0.000010	0.082103	0.000010	0.000010	0.000010	0.000010	0.000010	0.000010	0.000010	0.833529	0.000010	0.084257	0.000010	0.000010	LD_0.9_14_1884
JU2518	0.000010	0.000010	0.000010	0.000010	0.000010	0.000010	0.000010	0.000010	0.883204	0.000010	0.000010	0.116676	0.000010	0.000010	LD_0.9_14_1884
JU2536	0.999867	0.000010	0.000010	0.000011	0.000010	0.000010	0.000011	0.000010	0.000010	0.000010	0.000010	0.000010	0.000010	0.000010	LD_0.9_14_1884
JU2597	0.000010	0.353310	0.000010	0.000010	0.002802	0.000015	0.000010	0.000010	0.385428	0.000011	0.000010	0.258354	0.000010	0.000010	LD_0.9_14_1884
JU2747	0.000010	0.000010	0.000010	0.000010	0.345496	0.380266	0.000010	0.000010	0.274128	0.000010	0.000010	0.000010	0.000010	0.000010	LD_0.9_14_1884
JU2767	0.000010	0.000010	0.999870	0.000010	0.000010	0.000010	0.000010	0.000010	0.000010	0.000010	0.000010	0.000010	0.000010	0.000010	LD_0.9_14_1884
JU2799	0.000010	0.000010	0.000010	0.000010	0.772108	0.000015	0.000010	0.000010	0.227767	0.000010	0.000010	0.000010	0.000010	0.000010	LD_0.9_14_1884
JU2801	0.000011	0.000010	0.000010	0.000010	0.000012	0.000010	0.000017	0.000010	0.000010	0.000010	0.999859	0.000011	0.000010	0.000010	LD_0.9_14_1884
JU2836	0.000010	0.070198	0.000010	0.000010	0.690203	0.000010	0.000010	0.000010	0.056404	0.000010	0.000010	0.183094	0.000010	0.000010	LD_0.9_14_1884
JU2849	0.000010	0.000010	0.000010	0.000010	0.000010	0.000010	0.000010	0.999870	0.000010	0.000010	0.000010	0.000010	0.000010	0.000010	LD_0.9_14_1884
JU2861	0.000010	0.000019	0.000010	0.000010	0.881800	0.000010	0.000010	0.000010	0.118071	0.000010	0.000010	0.000010	0.000010	0.000010	LD_0.9_14_1884
JU2868	0.000010	0.000010	0.000010	0.000010	0.999870	0.000010	0.000010	0.000010	0.000010	0.000010	0.000010	0.000010	0.000010	0.000010	LD_0.9_14_1884
JU2872	0.999868	0.000010	0.000010	0.000010	0.000010	0.000010	0.000010	0.000010	0.000010	0.000010	0.000010	0.000010	0.000012	0.000010	LD_0.9_14_1884
JU3171	0.000010	0.000010	0.000010	0.000010	0.648176	0.000010	0.000010	0.000010	0.351704	0.000010	0.000010	0.000010	0.000010	0.000010	LD_0.9_14_1884
JU3200	0.000010	0.000018	0.000010	0.000010	0.000018	0.000010	0.000010	0.000015	0.000017	0.000010	0.999841	0.000010	0.000010	0.000010	LD_0.9_14_1884
JU3201	0.000010	0.000018	0.000010	0.000010	0.000018	0.000010	0.000010	0.000010	0.000010	0.000010	0.999854	0.000010	0.000010	0.000010	LD_0.9_14_1884
JU3202	0.000010	0.000019	0.000010	0.000010	0.000010	0.000010	0.000010	0.000010	0.000010	0.000010	0.999854	0.000016	0.000010	0.000010	LD_0.9_14_1884
JU3203	0.000010	0.000010	0.000010	0.000010	0.000010	0.000010	0.000011	0.000010	0.000010	0.000010	0.999869	0.000010	0.000010	0.000010	LD_0.9_14_1884
JU3206	0.000010	0.000013	0.000010	0.000010	0.000015	0.000010	0.000010	0.000010	0.000010	0.000010	0.999861	0.000010	0.000010	0.000010	LD_0.9_14_1884
JU3207	0.000010	0.005512	0.000010	0.000010	0.968431	0.000010	0.000010	0.000010	0.025947	0.000010	0.000010	0.000010	0.000010	0.000010	LD_0.9_14_1884
JU3237	0.000010	0.000010	0.000010	0.000010	0.000010	0.000010	0.000010	0.000010	0.000010	0.999870	0.000010	0.000010	0.000010	0.000010	LD_0.9_14_1884
JU3272	0.999870	0.000010	0.000010	0.000010	0.000010	0.000010	0.000010	0.000010	0.000010	0.000010	0.000010	0.000010	0.000010	0.000010	LD_0.9_14_1884
JU3281	0.000010	0.000010	0.000010	0.000010	0.999870	0.000010	0.000010	0.000010	0.000010	0.000010	0.000010	0.000010	0.000010	0.000010	LD_0.9_14_1884
JU3319	0.000010	0.000010	0.000010	0.000010	0.000010	0.740182	0.000010	0.259698	0.000010	0.000010	0.000010	0.000010	0.000010	0.000010	LD_0.9_14_1884
JU3321	0.000010	0.000010	0.000010	0.000010	0.999870	0.000010	0.000010	0.000010	0.000010	0.000010	0.000010	0.000010	0.000010	0.000010	LD_0.9_14_1884
JU3326	0.100192	0.000010	0.899688	0.000010	0.000010	0.000010	0.000010	0.000010	0.000010	0.000010	0.000010	0.000010	0.000010	0.000010	LD_0.9_14_1884
JU3327	0.000010	0.000010	0.000010	0.000010	0.558124	0.441756	0.000010	0.000010	0.000010	0.000010	0.000010	0.000010	0.000010	0.000010	LD_0.9_14_1884
JU3416	0.901155	0.000010	0.000010	0.025887	0.072845	0.000013	0.000010	0.000010	0.000010	0.000010	0.000010	0.000010	0.000010	0.000010	LD_0.9_14_1884
JU4042	0.000010	0.000010	0.000010	0.000010	0.999870	0.000010	0.000010	0.000010	0.000010	0.000010	0.000010	0.000010	0.000010	0.000010	LD_0.9_14_1884
JU4051	0.000010	0.000010	0.000010	0.000010	0.000010	0.000010	0.000010	0.999870	0.000010	0.000010	0.000010	0.000010	0.000010	0.000010	LD_0.9_14_1884
JU4058	0.000010	0.000010	0.000010	0.000010	0.021741	0.000010	0.000010	0.978138	0.000010	0.000010	0.000010	0.000012	0.000010	0.000010	LD_0.9_14_1884
JU4060	0.000010	0.000010	0.000010	0.000010	0.000010	0.000010	0.000010	0.999870	0.000010	0.000010	0.000010	0.000010	0.000010	0.000010	LD_0.9_14_1884
JU4062	0.000010	0.000010	0.000010	0.000010	0.000010	0.000010	0.000010	0.999870	0.000010	0.000010	0.000010	0.000010	0.000010	0.000010	LD_0.9_14_1884
JU4064	0.000010	0.000010	0.000010	0.000010	0.000010	0.000010	0.000010	0.999870	0.000010	0.000010	0.000010	0.000010	0.000010	0.000010	LD_0.9_14_1884
JU4080	0.000010	0.000010	0.000010	0.000010	0.999867	0.000010	0.000010	0.000012	0.000010	0.000011	0.000010	0.000010	0.000010	0.000010	LD_0.9_14_1884
JU4084	0.000010	0.000010	0.000010	0.000010	0.000010	0.000010	0.000010	0.999870	0.000010	0.000010	0.000010	0.000010	0.000010	0.000010	LD_0.9_14_1884
JU4097	0.000010	0.000010	0.000010	0.000010	0.000010	0.000010	0.000010	0.999870	0.000010	0.000010	0.000010	0.000010	0.000010	0.000010	LD_0.9_14_1884
JU725	0.000010	0.000010	0.000010	0.000010	0.000010	0.751552	0.000010	0.248328	0.000010	0.000010	0.000010	0.000010	0.000010	0.000010	LD_0.9_14_1884
MY2716	0.000010	0.000010	0.000013	0.000010	0.897893	0.046062	0.000010	0.000010	0.055932	0.000010	0.000010	0.000010	0.000010	0.000010	LD_0.9_14_1884
MY539	0.000010	0.000010	0.000010	0.000010	0.940986	0.000010	0.000010	0.000010	0.058894	0.000010	0.000010	0.000010	0.000010	0.000010	LD_0.9_14_1884
NIC1050	0.000010	0.086261	0.000018	0.000010	0.000010	0.000010	0.000010	0.000010	0.411788	0.000010	0.000010	0.501833	0.000010	0.000010	LD_0.9_14_1884
NIC1052	0.000010	0.381737	0.000010	0.000010	0.000010	0.000015	0.000010	0.000010	0.435575	0.000010	0.000010	0.182574	0.000010	0.000010	LD_0.9_14_1884
NIC1054	0.000010	0.000010	0.000010	0.000010	0.000010	0.000010	0.000010	0.000010	0.544576	0.000010	0.000010	0.455304	0.000010	0.000010	LD_0.9_14_1884
NIC1055	0.000010	0.113617	0.000010	0.000010	0.018802	0.000010	0.000011	0.000010	0.398838	0.000010	0.000010	0.468642	0.000010	0.000010	LD_0.9_14_1884
NIC1057	0.000013	0.113121	0.000011	0.000014	0.000010	0.000010	0.000010	0.000010	0.386053	0.000011	0.000010	0.500707	0.000010	0.000010	LD_0.9_14_1884
NIC1058	0.000010	0.000010	0.000010	0.000010	0.000010	0.000010	0.000010	0.000010	0.351899	0.000010	0.000010	0.647981	0.000010	0.000010	LD_0.9_14_1884
NIC1059	0.000010	0.000010	0.000010	0.000010	0.000013	0.000010	0.000010	0.000010	0.466556	0.000010	0.000010	0.533321	0.000010	0.000010	LD_0.9_14_1884
NIC1060	0.000010	0.000010	0.000010	0.000010	0.000010	0.000010	0.000010	0.000010	0.500026	0.000010	0.000010	0.499854	0.000010	0.000010	LD_0.9_14_1884
NIC1062	0.000010	0.134336	0.000010	0.000013	0.226415	0.000010	0.000010	0.000013	0.597184	0.000010	0.000010	0.041960	0.000010	0.000010	LD_0.9_14_1884
NIC1069	0.000010	0.000010	0.000010	0.000010	0.398915	0.000010	0.000010	0.000010	0.600965	0.000010	0.000010	0.000010	0.000010	0.000010	LD_0.9_14_1884
NIC1103	0.000010	0.161585	0.000010	0.000010	0.076558	0.000010	0.000010	0.000010	0.325039	0.000020	0.000010	0.436708	0.000010	0.000010	LD_0.9_14_1884
NIC1104	0.000010	0.015560	0.000010	0.000010	0.737106	0.000010	0.000010	0.000010	0.162142	0.000011	0.000010	0.085091	0.000010	0.000010	LD_0.9_14_1884
NIC1106	0.000010	0.017108	0.000010	0.000010	0.403929	0.000010	0.000010	0.000010	0.191143	0.000010	0.000010	0.387720	0.000010	0.000010	LD_0.9_14_1884
NIC1117	0.000010	0.000010	0.000010	0.000010	0.999867	0.000010	0.000010	0.000010	0.000010	0.000010	0.000010	0.000013	0.000010	0.000010	LD_0.9_14_1884
NIC1123	0.000010	0.000010	0.000010	0.000010	0.000010	0.000010	0.000010	0.999870	0.000010	0.000010	0.000010	0.000010	0.000010	0.000010	LD_0.9_14_1884
NIC1124	0.000010	0.000010	0.000010	0.000010	0.000010	0.000010	0.000010	0.000010	0.921428	0.000010	0.000010	0.078452	0.000010	0.000010	LD_0.9_14_1884
NIC1135	0.000010	0.000010	0.000010	0.000010	0.000010	0.000010	0.000010	0.000010	0.861420	0.000010	0.000010	0.138460	0.000010	0.000010	LD_0.9_14_1884
NIC1138	0.000010	0.007659	0.000010	0.000010	0.000010	0.000010	0.000010	0.000010	0.903258	0.000010	0.000010	0.088973	0.000010	0.000010	LD_0.9_14_1884
NIC1141	0.000010	0.000010	0.000010	0.000010	0.000010	0.000010	0.000010	0.000010	0.904103	0.000010	0.000010	0.095777	0.000010	0.000010	LD_0.9_14_1884
NIC115	0.000010	0.000010	0.000010	0.000010	0.000010	0.000010	0.000010	0.000010	0.999870	0.000010	0.000010	0.000010	0.000010	0.000010	LD_0.9_14_1884
NIC117	0.000010	0.000010	0.000010	0.000010	0.000010	0.000010	0.000010	0.000010	0.999870	0.000010	0.000010	0.000010	0.000010	0.000010	LD_0.9_14_1884
NIC1183	0.000010	0.000010	0.000010	0.000010	0.000010	0.000010	0.000010	0.000010	0.882681	0.000010	0.000010	0.117199	0.000010	0.000010	LD_0.9_14_1884
NIC119	0.000010	0.000010	0.000010	0.000010	0.000010	0.000010	0.000010	0.000013	0.999867	0.000010	0.000010	0.000010	0.000010	0.000010	LD_0.9_14_1884
NIC1190	0.000010	0.000010	0.000010	0.000011	0.000010	0.000010	0.000010	0.000010	0.969849	0.000010	0.000010	0.030030	0.000010	0.000010	LD_0.9_14_1884
NIC1202	0.000010	0.000010	0.000010	0.000010	0.644744	0.355136	0.000010	0.000010	0.000010	0.000010	0.000010	0.000010	0.000010	0.000010	LD_0.9_14_1884
NIC1204	0.000010	0.000010	0.000010	0.000010	0.533965	0.465914	0.000010	0.000010	0.000010	0.000010	0.000010	0.000010	0.000010	0.000010	LD_0.9_14_1884
NIC1205	0.000010	0.000010	0.000010	0.999852	0.000010	0.000010	0.000020	0.000010	0.000010	0.000018	0.000010	0.000010	0.000010	0.000010	LD_0.9_14_1884
NIC1218	0.000010	0.000010	0.000010	0.000010	0.774007	0.225873	0.000010	0.000010	0.000010	0.000010	0.000010	0.000010	0.000010	0.000010	LD_0.9_14_1884
NIC1220	0.000010	0.000010	0.000010	0.999870	0.000010	0.000010	0.000010	0.000010	0.000010	0.000010	0.000010	0.000010	0.000010	0.000010	LD_0.9_14_1884
NIC1221	0.000010	0.000010	0.000010	0.000010	0.452639	0.547232	0.000010	0.000011	0.000019	0.000010	0.000010	0.000010	0.000010	0.000010	LD_0.9_14_1884
NIC123	0.000010	0.000010	0.000010	0.000010	0.000010	0.000010	0.000010	0.000010	0.999870	0.000010	0.000010	0.000010	0.000010	0.000010	LD_0.9_14_1884
NIC1267	0.000010	0.000010	0.000010	0.000010	0.086276	0.000010	0.000010	0.000010	0.913604	0.000010	0.000010	0.000010	0.000010	0.000010	LD_0.9_14_1884
NIC1283	0.000010	0.000010	0.000010	0.000010	0.000010	0.000010	0.000010	0.000010	0.934605	0.000010	0.000010	0.065275	0.000010	0.000010	LD_0.9_14_1884
NIC1288	0.000010	0.072415	0.000010	0.000010	0.000010	0.000010	0.000010	0.098940	0.642922	0.000010	0.000010	0.185623	0.000010	0.000010	LD_0.9_14_1884
NIC1292	0.000010	0.041576	0.000010	0.000010	0.000010	0.000010	0.000010	0.000010	0.848902	0.000010	0.000010	0.109412	0.000010	0.000010	LD_0.9_14_1884
NIC1302	0.000010	0.023882	0.000010	0.000010	0.000010	0.000010	0.000010	0.000010	0.975998	0.000010	0.000010	0.000010	0.000010	0.000010	LD_0.9_14_1884
NIC1304	0.000010	0.044126	0.000010	0.000014	0.000010	0.000010	0.000010	0.000010	0.857855	0.000010	0.000010	0.097905	0.000010	0.000010	LD_0.9_14_1884
NIC1308	0.000010	0.000010	0.000010	0.000010	0.033747	0.000010	0.000010	0.577012	0.389131	0.000010	0.000010	0.000010	0.000010	0.000010	LD_0.9_14_1884
NIC1407	0.000010	0.107901	0.000010	0.000010	0.000010	0.000010	0.000010	0.000010	0.891974	0.000010	0.000010	0.000015	0.000010	0.000010	LD_0.9_14_1884
NIC1421	0.000010	0.000010	0.000010	0.000010	0.000010	0.000010	0.000010	0.000010	0.773320	0.000010	0.000010	0.226560	0.000010	0.000010	LD_0.9_14_1884
NIC1423	0.000010	0.061405	0.000010	0.000010	0.000010	0.000010	0.000010	0.000010	0.698085	0.000010	0.000010	0.240400	0.000010	0.000010	LD_0.9_14_1884
NIC1442	0.000010	0.000010	0.000010	0.000010	0.000010	0.000010	0.000010	0.000010	0.942966	0.000010	0.000010	0.056914	0.000010	0.000010	LD_0.9_14_1884
NIC1491	0.000010	0.000010	0.000010	0.000010	0.000010	0.000010	0.000010	0.000010	0.943244	0.000010	0.000010	0.056636	0.000010	0.000010	LD_0.9_14_1884
NIC1525	0.000010	0.000010	0.000010	0.000010	0.431777	0.000010	0.000010	0.000010	0.568103	0.000010	0.000010	0.000010	0.000010	0.000010	LD_0.9_14_1884
NIC1528	0.000010	0.000010	0.000010	0.000010	0.346935	0.000010	0.000010	0.000010	0.652945	0.000010	0.000010	0.000010	0.000010	0.000010	LD_0.9_14_1884
NIC1529	0.000010	0.000010	0.000010	0.000010	0.429792	0.000010	0.000010	0.000010	0.570088	0.000010	0.000010	0.000010	0.000010	0.000010	LD_0.9_14_1884
NIC1533	0.000010	0.000010	0.000010	0.000010	0.469572	0.000010	0.000010	0.000010	0.530308	0.000010	0.000010	0.000010	0.000010	0.000010	LD_0.9_14_1884
NIC1535	0.000010	0.000010	0.000010	0.000010	0.429302	0.000010	0.000010	0.000010	0.570578	0.000010	0.000010	0.000010	0.000010	0.000010	LD_0.9_14_1884
NIC1539	0.000010	0.000010	0.000010	0.999870	0.000010	0.000010	0.000010	0.000010	0.000010	0.000010	0.000010	0.000010	0.000010	0.000010	LD_0.9_14_1884
NIC1540	0.000010	0.000010	0.000010	0.000010	0.000010	0.000010	0.999870	0.000010	0.000010	0.000010	0.000010	0.000010	0.000010	0.000010	LD_0.9_14_1884
NIC1562	0.000010	0.000010	0.000011	0.999864	0.000012	0.000010	0.000013	0.000010	0.000010	0.000010	0.000010	0.000010	0.000010	0.000010	LD_0.9_14_1884
NIC1589	0.000010	0.000010	0.000010	0.000010	0.000010	0.000010	0.000013	0.000010	0.000010	0.000010	0.000010	0.000010	0.999867	0.000010	LD_0.9_14_1884
NIC1590	0.000010	0.000010	0.000010	0.999870	0.000010	0.000010	0.000010	0.000010	0.000010	0.000010	0.000010	0.000010	0.000010	0.000010	LD_0.9_14_1884
NIC1591	0.000010	0.000010	0.000010	0.000010	0.000010	0.000010	0.000018	0.000010	0.000010	0.000010	0.000010	0.000010	0.999862	0.000010	LD_0.9_14_1884
NIC1593	0.000010	0.000010	0.000010	0.000010	0.000010	0.000014	0.000010	0.000010	0.000010	0.000010	0.000017	0.000011	0.999858	0.000010	LD_0.9_14_1884
NIC1595	0.000010	0.000010	0.000010	0.999859	0.000010	0.000010	0.000010	0.000019	0.000010	0.000011	0.000010	0.000011	0.000010	0.000010	LD_0.9_14_1884
NIC1598	0.000010	0.000010	0.000010	0.985996	0.013884	0.000010	0.000010	0.000010	0.000010	0.000010	0.000010	0.000010	0.000010	0.000010	LD_0.9_14_1884
NIC1602	0.000014	0.000010	0.000010	0.999866	0.000010	0.000010	0.000010	0.000010	0.000010	0.000010	0.000010	0.000010	0.000010	0.000010	LD_0.9_14_1884
NIC1607	0.019192	0.000010	0.000010	0.122948	0.000010	0.000010	0.000010	0.000010	0.000010	0.802285	0.000010	0.000010	0.055475	0.000010	LD_0.9_14_1884
NIC1628	0.000010	0.000010	0.000010	0.000010	0.999870	0.000010	0.000010	0.000010	0.000010	0.000010	0.000010	0.000010	0.000010	0.000010	LD_0.9_14_1884
NIC1630	0.000010	0.000010	0.000010	0.999870	0.000010	0.000010	0.000010	0.000010	0.000010	0.000010	0.000010	0.000010	0.000010	0.000010	LD_0.9_14_1884
NIC1631	0.000010	0.000010	0.000010	0.999870	0.000010	0.000010	0.000010	0.000010	0.000010	0.000010	0.000010	0.000010	0.000010	0.000010	LD_0.9_14_1884
NIC1632	0.999870	0.000010	0.000010	0.000010	0.000010	0.000010	0.000010	0.000010	0.000010	0.000010	0.000010	0.000010	0.000010	0.000010	LD_0.9_14_1884
NIC1633	0.999866	0.000010	0.000010	0.000010	0.000010	0.000010	0.000010	0.000010	0.000010	0.000010	0.000010	0.000010	0.000014	0.000010	LD_0.9_14_1884
NIC1635	0.999870	0.000010	0.000010	0.000010	0.000010	0.000010	0.000010	0.000010	0.000010	0.000010	0.000010	0.000010	0.000010	0.000010	LD_0.9_14_1884
NIC1645	0.000010	0.000010	0.000010	0.999870	0.000010	0.000010	0.000010	0.000010	0.000010	0.000010	0.000010	0.000010	0.000010	0.000010	LD_0.9_14_1884
NIC1660	0.000010	0.000010	0.000010	0.999870	0.000010	0.000010	0.000010	0.000010	0.000010	0.000010	0.000010	0.000010	0.000010	0.000010	LD_0.9_14_1884
NIC1661	0.000010	0.000010	0.000010	0.999868	0.000010	0.000010	0.000012	0.000010	0.000010	0.000010	0.000010	0.000010	0.000010	0.000010	LD_0.9_14_1884
NIC1662	0.000010	0.000010	0.000010	0.999868	0.000010	0.000010	0.000010	0.000010	0.000010	0.000011	0.000010	0.000010	0.000010	0.000010	LD_0.9_14_1884
NIC1663	0.000010	0.000010	0.000010	0.999867	0.000010	0.000010	0.000010	0.000010	0.000010	0.000010	0.000010	0.000010	0.000013	0.000010	LD_0.9_14_1884
NIC1664	0.000010	0.000010	0.000010	0.000010	0.000010	0.000010	0.000010	0.000010	0.000010	0.000010	0.000010	0.000010	0.999870	0.000010	LD_0.9_14_1884
NIC1665	0.000010	0.000010	0.000010	0.000010	0.000010	0.000010	0.000010	0.000010	0.000010	0.000010	0.000010	0.000010	0.999870	0.000010	LD_0.9_14_1884
NIC1666	0.000010	0.000010	0.000010	0.999864	0.000010	0.000010	0.000010	0.000010	0.000010	0.000010	0.000010	0.000010	0.000016	0.000010	LD_0.9_14_1884
NIC1667	0.000010	0.000010	0.000010	0.999870	0.000010	0.000010	0.000010	0.000010	0.000010	0.000010	0.000010	0.000010	0.000010	0.000010	LD_0.9_14_1884
NIC1681	0.000010	0.000010	0.000010	0.999870	0.000010	0.000010	0.000010	0.000010	0.000010	0.000010	0.000010	0.000010	0.000010	0.000010	LD_0.9_14_1884
NIC1688	0.000010	0.000010	0.000010	0.000010	0.555010	0.444870	0.000010	0.000010	0.000010	0.000010	0.000010	0.000010	0.000010	0.000010	LD_0.9_14_1884
NIC1692	0.000010	0.000010	0.000010	0.998291	0.001589	0.000010	0.000010	0.000010	0.000010	0.000010	0.000010	0.000010	0.000010	0.000010	LD_0.9_14_1884
NIC1693	0.000010	0.000010	0.000010	0.999870	0.000010	0.000010	0.000010	0.000010	0.000010	0.000010	0.000010	0.000010	0.000010	0.000010	LD_0.9_14_1884
NIC17	0.000010	0.000010	0.000010	0.000010	0.597004	0.000010	0.000010	0.000010	0.402876	0.000010	0.000010	0.000010	0.000010	0.000010	LD_0.9_14_1884
NIC174	0.999870	0.000010	0.000010	0.000010	0.000010	0.000010	0.000010	0.000010	0.000010	0.000010	0.000010	0.000010	0.000010	0.000010	LD_0.9_14_1884
NIC187	0.000010	0.000010	0.000010	0.000010	0.013807	0.000010	0.000010	0.000010	0.986073	0.000010	0.000010	0.000010	0.000010	0.000010	LD_0.9_14_1884
NIC188	0.000010	0.000010	0.000010	0.000010	0.000010	0.000010	0.000010	0.000010	0.999870	0.000010	0.000010	0.000010	0.000010	0.000010	LD_0.9_14_1884
NIC19	0.000010	0.000017	0.000018	0.000010	0.000010	0.000018	0.412060	0.000010	0.000010	0.000010	0.000010	0.000010	0.587798	0.000010	LD_0.9_14_1884
NIC191	0.000010	0.000010	0.000010	0.000010	0.000010	0.000010	0.000010	0.000010	0.999870	0.000010	0.000010	0.000010	0.000010	0.000010	LD_0.9_14_1884
NIC20	0.000010	0.000010	0.000010	0.000010	0.000010	0.000010	0.000011	0.000010	0.000013	0.000010	0.000010	0.000010	0.999866	0.000010	LD_0.9_14_1884
NIC21	0.000010	0.000010	0.000018	0.000012	0.000010	0.000018	0.000019	0.000010	0.000019	0.000010	0.000010	0.000013	0.999831	0.000010	LD_0.9_14_1884
NIC22	0.000010	0.000010	0.000011	0.000010	0.000010	0.000010	0.000010	0.000010	0.000014	0.000020	0.000010	0.000010	0.999855	0.000010	LD_0.9_14_1884
NIC2369	0.000010	0.000010	0.000010	0.000010	0.000010	0.000010	0.000010	0.999870	0.000010	0.000010	0.000010	0.000010	0.000010	0.000010	LD_0.9_14_1884
NIC248	0.000010	0.000010	0.000010	0.000010	0.045518	0.000010	0.000010	0.000010	0.954362	0.000010	0.000010	0.000010	0.000010	0.000010	LD_0.9_14_1884
NIC250	0.000010	0.000010	0.000010	0.000010	0.031401	0.000010	0.000010	0.000010	0.968479	0.000010	0.000010	0.000010	0.000010	0.000010	LD_0.9_14_1884
NIC2527	0.000010	0.000010	0.000010	0.000010	0.999870	0.000010	0.000010	0.000010	0.000010	0.000010	0.000010	0.000010	0.000010	0.000010	LD_0.9_14_1884
NIC309	0.000010	0.000010	0.000010	0.000010	0.000010	0.000010	0.000010	0.000010	0.924163	0.000010	0.000010	0.075717	0.000010	0.000010	LD_0.9_14_1884
NIC325	0.000010	0.000010	0.000010	0.000010	0.000010	0.000010	0.000010	0.000010	0.918987	0.000010	0.000010	0.080893	0.000010	0.000010	LD_0.9_14_1884
NIC327	0.000010	0.240042	0.000010	0.000010	0.000010	0.000010	0.000010	0.000010	0.725838	0.000010	0.000010	0.034010	0.000010	0.000010	LD_0.9_14_1884
NIC329	0.000010	0.164245	0.000010	0.000010	0.000010	0.000010	0.000010	0.000010	0.835635	0.000010	0.000010	0.000010	0.000010	0.000010	LD_0.9_14_1884
NIC330	0.000010	0.128571	0.000010	0.000010	0.000010	0.000010	0.000010	0.000010	0.871309	0.000010	0.000010	0.000010	0.000010	0.000010	LD_0.9_14_1884
NIC331	0.000010	0.000010	0.000010	0.000010	0.000010	0.000010	0.000010	0.000010	0.787750	0.000010	0.000010	0.212130	0.000010	0.000010	LD_0.9_14_1884
NIC332	0.000010	0.239982	0.000010	0.000010	0.000010	0.000010	0.000010	0.000010	0.738909	0.000010	0.000010	0.020999	0.000010	0.000010	LD_0.9_14_1884
NIC333	0.000010	0.111081	0.000010	0.000010	0.000010	0.000010	0.000010	0.000010	0.888799	0.000010	0.000010	0.000010	0.000010	0.000010	LD_0.9_14_1884
NIC343	0.000010	0.000010	0.000010	0.000010	0.973563	0.000010	0.000010	0.026317	0.000010	0.000010	0.000010	0.000010	0.000010	0.000010	LD_0.9_14_1884
NIC392	0.000010	0.000010	0.000010	0.000010	0.180736	0.000010	0.000010	0.000010	0.812835	0.000010	0.000010	0.006319	0.000010	0.000010	LD_0.9_14_1884
NIC400	0.000010	0.207179	0.000010	0.000010	0.000010	0.000010	0.000010	0.000010	0.759344	0.000010	0.000010	0.033361	0.000017	0.000010	LD_0.9_14_1884
NIC402	0.000010	0.224827	0.000010	0.000010	0.000010	0.000010	0.000010	0.000010	0.754069	0.000010	0.000010	0.020995	0.000010	0.000010	LD_0.9_14_1884
NIC419	0.000010	0.000010	0.000010	0.000010	0.000010	0.000010	0.000010	0.999870	0.000010	0.000010	0.000010	0.000010	0.000010	0.000010	LD_0.9_14_1884
NIC504	0.000010	0.000010	0.000010	0.999870	0.000010	0.000010	0.000010	0.000010	0.000010	0.000010	0.000010	0.000010	0.000010	0.000010	LD_0.9_14_1884
NIC505	0.000010	0.000010	0.000010	0.999870	0.000010	0.000010	0.000010	0.000010	0.000010	0.000010	0.000010	0.000010	0.000010	0.000010	LD_0.9_14_1884
NIC518	0.000010	0.000010	0.000010	0.999870	0.000010	0.000010	0.000010	0.000010	0.000010	0.000010	0.000010	0.000010	0.000010	0.000010	LD_0.9_14_1884
NIC519	0.000010	0.000010	0.000010	0.999870	0.000010	0.000010	0.000010	0.000010	0.000010	0.000010	0.000010	0.000010	0.000010	0.000010	LD_0.9_14_1884
NIC532	0.000010	0.000011	0.000010	0.000010	0.000010	0.000010	0.000010	0.000010	0.999869	0.000010	0.000010	0.000010	0.000010	0.000010	LD_0.9_14_1884
NIC541	0.000010	0.098230	0.000010	0.000010	0.000010	0.000010	0.000010	0.000010	0.591728	0.205049	0.000010	0.104893	0.000010	0.000010	LD_0.9_14_1884
NIC549	0.000010	0.000010	0.000010	0.000010	0.137951	0.000010	0.000010	0.000010	0.861929	0.000010	0.000010	0.000010	0.000010	0.000010	LD_0.9_14_1884
NIC552	0.000010	0.000010	0.000010	0.000010	0.248251	0.000010	0.000010	0.000010	0.751629	0.000010	0.000010	0.000010	0.000010	0.000010	LD_0.9_14_1884
NIC555	0.000010	0.000010	0.000010	0.000011	0.000010	0.000010	0.000010	0.000010	0.864566	0.000010	0.000010	0.135312	0.000010	0.000010	LD_0.9_14_1884
NIC561	0.000010	0.000010	0.000010	0.000010	0.319574	0.000010	0.000010	0.000010	0.680306	0.000010	0.000010	0.000010	0.000010	0.000010	LD_0.9_14_1884
NIC574	0.000010	0.000012	0.000010	0.000010	0.053526	0.000011	0.000010	0.000010	0.946350	0.000010	0.000010	0.000010	0.000010	0.000010	LD_0.9_14_1884
NIC578	0.000010	0.000010	0.000010	0.000010	0.000010	0.000010	0.000010	0.000010	0.999870	0.000010	0.000010	0.000010	0.000010	0.000010	LD_0.9_14_1884
NIC583	0.000010	0.000010	0.000010	0.000010	0.000010	0.000010	0.000010	0.000010	0.936400	0.000010	0.000010	0.063480	0.000010	0.000010	LD_0.9_14_1884
NIC590	0.000010	0.000010	0.000010	0.000010	0.000010	0.000010	0.000010	0.000010	0.916102	0.083778	0.000010	0.000010	0.000010	0.000010	LD_0.9_14_1884
NIC593	0.000010	0.000010	0.000010	0.000010	0.064820	0.000011	0.000010	0.000010	0.935059	0.000010	0.000010	0.000010	0.000010	0.000010	LD_0.9_14_1884
NIC60	0.000010	0.000010	0.000010	0.000010	0.000010	0.000010	0.000010	0.000010	0.999870	0.000010	0.000010	0.000010	0.000010	0.000010	LD_0.9_14_1884
NIC61	0.000010	0.000010	0.000010	0.000010	0.323058	0.000010	0.000010	0.000010	0.676822	0.000010	0.000010	0.000010	0.000010	0.000010	LD_0.9_14_1884
NIC62	0.000010	0.000010	0.000010	0.000010	0.000010	0.000010	0.000010	0.000010	0.999869	0.000011	0.000010	0.000010	0.000010	0.000010	LD_0.9_14_1884
NIC67	0.000010	0.000010	0.000010	0.000010	0.000010	0.000010	0.000010	0.999870	0.000010	0.000010	0.000010	0.000010	0.000010	0.000010	LD_0.9_14_1884
NIC758	0.000010	0.000010	0.000010	0.000010	0.000010	0.000010	0.000010	0.000010	0.912314	0.087566	0.000010	0.000010	0.000010	0.000010	LD_0.9_14_1884
NIC777	0.000014	0.000010	0.000010	0.000011	0.004409	0.000010	0.000017	0.000010	0.853404	0.000015	0.000010	0.142060	0.000010	0.000010	LD_0.9_14_1884
NIC779	0.000014	0.000010	0.000010	0.999865	0.000010	0.000010	0.000010	0.000010	0.000010	0.000012	0.000010	0.000010	0.000010	0.000010	LD_0.9_14_1884
NIC790	0.000010	0.000010	0.000010	0.000010	0.999870	0.000010	0.000010	0.000010	0.000010	0.000010	0.000010	0.000010	0.000010	0.000010	LD_0.9_14_1884
NIC791	0.000010	0.064619	0.000010	0.000010	0.000010	0.159712	0.000010	0.000010	0.000010	0.775558	0.000010	0.000010	0.000010	0.000010	LD_0.9_14_1884
NIC792	0.000010	0.002962	0.000010	0.000010	0.684413	0.086913	0.000010	0.000010	0.000010	0.225612	0.000010	0.000010	0.000010	0.000010	LD_0.9_14_1884
NIC793	0.000010	0.000010	0.000010	0.000010	0.999870	0.000010	0.000010	0.000010	0.000010	0.000010	0.000010	0.000010	0.000010	0.000010	LD_0.9_14_1884
NIC795	0.000010	0.000010	0.000010	0.000010	0.942296	0.057584	0.000010	0.000010	0.000010	0.000010	0.000010	0.000010	0.000010	0.000010	LD_0.9_14_1884
NIC796	0.000010	0.000010	0.000010	0.000010	0.991693	0.000010	0.000010	0.000010	0.000010	0.000010	0.000010	0.000010	0.008187	0.000010	LD_0.9_14_1884
NIC802	0.000010	0.000010	0.000010	0.000010	0.999868	0.000010	0.000010	0.000010	0.000010	0.000010	0.000010	0.000012	0.000010	0.000010	LD_0.9_14_1884
NIC803	0.000010	0.000010	0.000010	0.000010	0.806461	0.129569	0.000010	0.000010	0.063860	0.000010	0.000010	0.000010	0.000010	0.000010	LD_0.9_14_1884
NIC805	0.000010	0.000010	0.000010	0.999868	0.000012	0.000010	0.000010	0.000010	0.000010	0.000010	0.000010	0.000010	0.000010	0.000010	LD_0.9_14_1884
NIC811	0.000010	0.000010	0.000013	0.000010	0.868138	0.131737	0.000010	0.000010	0.000010	0.000010	0.000010	0.000012	0.000010	0.000010	LD_0.9_14_1884
NIC814	0.000010	0.000010	0.000010	0.999861	0.000019	0.000010	0.000010	0.000010	0.000010	0.000010	0.000010	0.000010	0.000010	0.000010	LD_0.9_14_1884
NIC815	0.000010	0.000010	0.000010	0.999870	0.000010	0.000010	0.000010	0.000010	0.000010	0.000010	0.000010	0.000010	0.000010	0.000010	LD_0.9_14_1884
NIC816	0.000010	0.000010	0.000010	0.000010	0.000010	0.000010	0.000010	0.000010	0.000010	0.000010	0.000010	0.000010	0.999870	0.000010	LD_0.9_14_1884
NIC819	0.024236	0.000010	0.000010	0.107349	0.000010	0.000010	0.000010	0.000010	0.000010	0.782226	0.000010	0.000010	0.086089	0.000010	LD_0.9_14_1884
NIC821	0.000010	0.000010	0.000010	0.000010	0.492405	0.467190	0.000010	0.000010	0.040295	0.000010	0.000010	0.000010	0.000010	0.000010	LD_0.9_14_1884
NIC822	0.000010	0.000010	0.000010	0.999865	0.000015	0.000010	0.000010	0.000010	0.000010	0.000010	0.000010	0.000010	0.000010	0.000010	LD_0.9_14_1884
NIC824	0.000010	0.000010	0.000010	0.999870	0.000010	0.000010	0.000010	0.000010	0.000010	0.000010	0.000010	0.000010	0.000010	0.000010	LD_0.9_14_1884
NIC825	0.000010	0.000010	0.000010	0.000010	0.000010	0.000010	0.000010	0.000010	0.000010	0.000011	0.000012	0.000010	0.999867	0.000010	LD_0.9_14_1884
NIC827	0.000010	0.000020	0.000011	0.000010	0.000010	0.000010	0.422955	0.000010	0.000010	0.000010	0.000013	0.000010	0.576912	0.000010	LD_0.9_14_1884
NIC828	0.000010	0.000010	0.000010	0.000010	0.000010	0.000010	0.000010	0.000010	0.000010	0.000010	0.000010	0.000010	0.999870	0.000010	LD_0.9_14_1884
NIC863	0.000010	0.000010	0.000010	0.999870	0.000010	0.000010	0.000010	0.000010	0.000010	0.000010	0.000010	0.000010	0.000010	0.000010	LD_0.9_14_1884
NIC864	0.000010	0.000012	0.000011	0.999867	0.000010	0.000010	0.000010	0.000010	0.000010	0.000010	0.000010	0.000010	0.000010	0.000010	LD_0.9_14_1884
NIC865	0.000010	0.000010	0.000010	0.999870	0.000010	0.000010	0.000010	0.000010	0.000010	0.000010	0.000010	0.000010	0.000010	0.000010	LD_0.9_14_1884
NIC871	0.000010	0.000010	0.000010	0.000010	0.999870	0.000010	0.000010	0.000010	0.000010	0.000010	0.000010	0.000010	0.000010	0.000010	LD_0.9_14_1884
NIC883	0.000010	0.000010	0.000010	0.000010	0.674165	0.325715	0.000010	0.000010	0.000010	0.000010	0.000010	0.000010	0.000010	0.000010	LD_0.9_14_1884
NIC889	0.000010	0.000011	0.000010	0.999854	0.000010	0.000010	0.000010	0.000010	0.000018	0.000010	0.000010	0.000010	0.000017	0.000010	LD_0.9_14_1884
NIC893	0.000010	0.000010	0.999870	0.000010	0.000010	0.000010	0.000010	0.000010	0.000010	0.000010	0.000010	0.000010	0.000010	0.000010	LD_0.9_14_1884
NIC897	0.000010	0.000010	0.000010	0.999860	0.000019	0.000010	0.000010	0.000010	0.000010	0.000010	0.000010	0.000010	0.000011	0.000010	LD_0.9_14_1884
NIC899	0.999870	0.000010	0.000010	0.000010	0.000010	0.000010	0.000010	0.000010	0.000010	0.000010	0.000010	0.000010	0.000010	0.000010	LD_0.9_14_1884
NIC901	0.000010	0.000010	0.000010	0.000010	0.593980	0.000010	0.000010	0.000010	0.405900	0.000010	0.000010	0.000010	0.000010	0.000010	LD_0.9_14_1884
NIC911	0.000010	0.000010	0.000010	0.000010	0.731913	0.000010	0.000010	0.000010	0.267965	0.000013	0.000010	0.000010	0.000010	0.000010	LD_0.9_14_1884
NIC96	0.000010	0.000010	0.000010	0.000010	0.000010	0.000010	0.000010	0.000010	0.942373	0.000010	0.000010	0.057507	0.000010	0.000010	LD_0.9_14_1884
NIC984	0.000010	0.000010	0.000010	0.000010	0.872685	0.000010	0.000010	0.000010	0.127195	0.000010	0.000010	0.000010	0.000010	0.000010	LD_0.9_14_1884
NIC985	0.000010	0.000010	0.000010	0.000011	0.649447	0.000010	0.000010	0.159918	0.190523	0.000011	0.000010	0.000010	0.000010	0.000010	LD_0.9_14_1884
PB800	0.999870	0.000010	0.000010	0.000010	0.000010	0.000010	0.000010	0.000010	0.000010	0.000010	0.000010	0.000010	0.000010	0.000010	LD_0.9_14_1884
PB857	0.999869	0.000010	0.000010	0.000010	0.000010	0.000010	0.000010	0.000010	0.000010	0.000010	0.000010	0.000010	0.000011	0.000010	LD_0.9_14_1884
PE887	0.000010	0.000010	0.000010	0.000010	0.760286	0.000010	0.000010	0.000010	0.239594	0.000010	0.000010	0.000010	0.000010	0.000010	LD_0.9_14_1884
QG1005	0.000010	0.450635	0.000010	0.000010	0.021732	0.000010	0.000010	0.000010	0.016814	0.000010	0.000010	0.510719	0.000010	0.000010	LD_0.9_14_1884
QG1007	0.000010	0.999870	0.000010	0.000010	0.000010	0.000010	0.000010	0.000010	0.000010	0.000010	0.000010	0.000010	0.000010	0.000010	LD_0.9_14_1884
QG1111	0.000010	0.571354	0.000010	0.000010	0.000010	0.000010	0.000010	0.000010	0.000010	0.000010	0.000010	0.428526	0.000010	0.000010	LD_0.9_14_1884
QG1126	0.000010	0.999870	0.000010	0.000010	0.000010	0.000010	0.000010	0.000010	0.000010	0.000010	0.000010	0.000010	0.000010	0.000010	LD_0.9_14_1884
QG1141	0.000010	0.000010	0.000010	0.000010	0.000010	0.000010	0.000010	0.000010	0.000010	0.000010	0.000010	0.999870	0.000010	0.000010	LD_0.9_14_1884
QG1155	0.000010	0.000010	0.000010	0.000013	0.000010	0.000010	0.000010	0.000010	0.000010	0.000011	0.000010	0.999866	0.000010	0.000010	LD_0.9_14_1884
QG130	0.000010	0.000010	0.000010	0.000010	0.999870	0.000010	0.000010	0.000010	0.000010	0.000010	0.000010	0.000010	0.000010	0.000010	LD_0.9_14_1884
QG132	0.000010	0.000010	0.000010	0.000010	0.922511	0.000010	0.000010	0.000010	0.077369	0.000010	0.000010	0.000010	0.000010	0.000010	LD_0.9_14_1884
QG133	0.000010	0.000010	0.000010	0.975782	0.024098	0.000010	0.000010	0.000010	0.000010	0.000010	0.000010	0.000010	0.000010	0.000010	LD_0.9_14_1884
QG2641	0.000010	0.820298	0.000010	0.000010	0.000010	0.000010	0.000010	0.000010	0.000010	0.000010	0.000010	0.179582	0.000010	0.000010	LD_0.9_14_1884
QG2648	0.000010	0.999870	0.000010	0.000010	0.000010	0.000010	0.000010	0.000010	0.000010	0.000010	0.000010	0.000010	0.000010	0.000010	LD_0.9_14_1884
QG2659	0.000010	0.500090	0.000010	0.000010	0.000010	0.000010	0.000010	0.000010	0.000010	0.000010	0.000010	0.499790	0.000010	0.000010	LD_0.9_14_1884
QG2663	0.000010	0.209066	0.000010	0.000010	0.000010	0.000010	0.000010	0.000010	0.000010	0.000010	0.000010	0.790814	0.000010	0.000010	LD_0.9_14_1884
QG2665	0.000010	0.908041	0.000010	0.000010	0.000010	0.000010	0.000010	0.000010	0.000010	0.000010	0.000010	0.091839	0.000010	0.000010	LD_0.9_14_1884
QG2683	0.000010	0.000010	0.000010	0.000010	0.000010	0.000010	0.000010	0.000010	0.000010	0.000010	0.000010	0.999870	0.000010	0.000010	LD_0.9_14_1884
QG2736	0.000010	0.517938	0.000010	0.000010	0.000010	0.000010	0.000010	0.000010	0.000010	0.000010	0.000010	0.481942	0.000010	0.000010	LD_0.9_14_1884
QG2814	0.000010	0.000010	0.000010	0.000010	0.999870	0.000010	0.000010	0.000010	0.000010	0.000010	0.000010	0.000010	0.000010	0.000010	LD_0.9_14_1884
QG2820	0.000010	0.003846	0.000010	0.000010	0.787520	0.208523	0.000010	0.000010	0.000010	0.000010	0.000010	0.000010	0.000010	0.000010	LD_0.9_14_1884
QG2848	0.000010	0.000010	0.000010	0.000010	0.999870	0.000010	0.000010	0.000010	0.000010	0.000010	0.000010	0.000010	0.000010	0.000010	LD_0.9_14_1884
QG2849	0.000010	0.000010	0.000010	0.000010	0.999865	0.000010	0.000010	0.000010	0.000010	0.000011	0.000010	0.000014	0.000010	0.000010	LD_0.9_14_1884
QG2880	0.000010	0.000010	0.000010	0.000010	0.000010	0.000010	0.000010	0.000010	0.000010	0.999870	0.000010	0.000010	0.000010	0.000010	LD_0.9_14_1884
QG2881	0.000010	0.000010	0.000010	0.000010	0.999870	0.000010	0.000010	0.000010	0.000010	0.000010	0.000010	0.000010	0.000010	0.000010	LD_0.9_14_1884
QG2883	0.000010	0.000010	0.000010	0.000010	0.999870	0.000010	0.000010	0.000010	0.000010	0.000010	0.000010	0.000010	0.000010	0.000010	LD_0.9_14_1884
QG2884	0.000010	0.000010	0.000010	0.000010	0.000010	0.000010	0.000010	0.000010	0.000010	0.999870	0.000010	0.000010	0.000010	0.000010	LD_0.9_14_1884
QG2891	0.000010	0.000010	0.000010	0.000010	0.000010	0.000010	0.000010	0.000010	0.000010	0.000010	0.000011	0.000010	0.000010	0.999869	LD_0.9_14_1884
QG2892	0.000010	0.000010	0.000010	0.000010	0.000010	0.000010	0.000010	0.000010	0.000010	0.999870	0.000010	0.000010	0.000010	0.000010	LD_0.9_14_1884
QG2893	0.000010	0.000010	0.000017	0.000010	0.000012	0.000010	0.000010	0.000010	0.000010	0.000010	0.502932	0.000016	0.000010	0.496933	LD_0.9_14_1884
QG2895	0.000010	0.119591	0.000010	0.000010	0.000010	0.000010	0.000010	0.000010	0.000010	0.880288	0.000010	0.000010	0.000010	0.000010	LD_0.9_14_1884
QG2902	0.000010	0.090969	0.000010	0.000010	0.000010	0.000010	0.000010	0.000010	0.000010	0.908911	0.000010	0.000010	0.000010	0.000010	LD_0.9_14_1884
QG2903	0.000010	0.000010	0.000010	0.000010	0.000010	0.000010	0.000010	0.000010	0.000010	0.999870	0.000010	0.000010	0.000010	0.000010	LD_0.9_14_1884
QG2906	0.000010	0.145890	0.000010	0.000010	0.000010	0.000010	0.000010	0.000010	0.000010	0.853990	0.000010	0.000010	0.000010	0.000010	LD_0.9_14_1884
QG2908	0.000010	0.000018	0.000013	0.000010	0.000010	0.000018	0.000010	0.000011	0.000010	0.000012	0.492886	0.000010	0.000010	0.506972	LD_0.9_14_1884
QG2910	0.000010	0.000010	0.000010	0.000010	0.628605	0.362875	0.000010	0.000010	0.008410	0.000010	0.000010	0.000010	0.000010	0.000010	LD_0.9_14_1884
QG2919	0.000010	0.000010	0.000010	0.000010	0.000010	0.000010	0.000010	0.000010	0.000010	0.000010	0.000010	0.000010	0.000010	0.999870	LD_0.9_14_1884
QG2923	0.000010	0.000010	0.000010	0.000010	0.000010	0.000010	0.000010	0.000010	0.000010	0.999870	0.000010	0.000010	0.000010	0.000010	LD_0.9_14_1884
QG2925	0.000010	0.000010	0.000010	0.000010	0.000010	0.000010	0.000010	0.000010	0.000010	0.999870	0.000010	0.000010	0.000010	0.000010	LD_0.9_14_1884
QG2964	0.000010	0.000010	0.000010	0.000010	0.000011	0.000010	0.000010	0.000011	0.000010	0.000010	0.000010	0.999868	0.000010	0.000010	LD_0.9_14_1884
QG2966	0.000010	0.000010	0.000010	0.000010	0.282168	0.000010	0.000010	0.000010	0.000010	0.000010	0.000010	0.717712	0.000010	0.000010	LD_0.9_14_1884
QG2969	0.000010	0.954698	0.000010	0.000010	0.000010	0.000010	0.000010	0.000010	0.000010	0.000010	0.000010	0.045182	0.000010	0.000010	LD_0.9_14_1884
QG2972	0.000010	0.658910	0.000010	0.000010	0.000011	0.000010	0.000010	0.000010	0.000010	0.000010	0.000010	0.340969	0.000010	0.000010	LD_0.9_14_1884
QG2996	0.000010	0.999867	0.000010	0.000010	0.000010	0.000010	0.000010	0.000010	0.000010	0.000010	0.000010	0.000013	0.000010	0.000010	LD_0.9_14_1884
QG3004	0.000010	0.179192	0.000010	0.000010	0.150648	0.000010	0.000010	0.000010	0.000010	0.000010	0.000010	0.670049	0.000010	0.000010	LD_0.9_14_1884
QG3006	0.000010	0.763416	0.000010	0.000010	0.000010	0.000010	0.000010	0.000010	0.000010	0.000010	0.000010	0.236464	0.000010	0.000010	LD_0.9_14_1884
QG3019	0.000015	0.228678	0.000010	0.000010	0.005153	0.000010	0.000010	0.000010	0.065309	0.000010	0.000010	0.700755	0.000010	0.000010	LD_0.9_14_1884
QG3025	0.000010	0.999870	0.000010	0.000010	0.000010	0.000010	0.000010	0.000010	0.000010	0.000010	0.000010	0.000010	0.000010	0.000010	LD_0.9_14_1884
QG3030	0.000010	0.999870	0.000010	0.000010	0.000010	0.000010	0.000010	0.000010	0.000010	0.000010	0.000010	0.000010	0.000010	0.000010	LD_0.9_14_1884
QG3032	0.000010	0.093297	0.000010	0.000010	0.026543	0.000010	0.000010	0.000010	0.124147	0.000010	0.000010	0.755912	0.000010	0.000010	LD_0.9_14_1884
QG3034	0.000010	0.999868	0.000010	0.000010	0.000010	0.000010	0.000010	0.000010	0.000010	0.000012	0.000010	0.000010	0.000010	0.000010	LD_0.9_14_1884
QG3041	0.000010	0.999870	0.000010	0.000010	0.000010	0.000010	0.000010	0.000010	0.000010	0.000010	0.000010	0.000010	0.000010	0.000010	LD_0.9_14_1884
QG3053	0.000010	0.000010	0.000010	0.000010	0.447351	0.000010	0.000010	0.000010	0.552529	0.000010	0.000010	0.000010	0.000010	0.000010	LD_0.9_14_1884
QG3056	0.000010	0.000010	0.000010	0.000010	0.288119	0.000010	0.000010	0.000010	0.000010	0.000010	0.000010	0.711761	0.000010	0.000010	LD_0.9_14_1884
QG3057	0.000010	0.872799	0.000010	0.000010	0.000010	0.000010	0.000010	0.000010	0.000010	0.000010	0.000010	0.127081	0.000010	0.000010	LD_0.9_14_1884
QG3058	0.000010	0.260928	0.000010	0.000010	0.014542	0.000010	0.000010	0.000010	0.000010	0.000019	0.000010	0.724412	0.000010	0.000010	LD_0.9_14_1884
QG3527	0.000010	0.017739	0.000010	0.000010	0.180311	0.000010	0.000010	0.000010	0.686245	0.000010	0.000010	0.115605	0.000010	0.000010	LD_0.9_14_1884
QG3661	0.999870	0.000010	0.000010	0.000010	0.000010	0.000010	0.000010	0.000010	0.000010	0.000010	0.000010	0.000010	0.000010	0.000010	LD_0.9_14_1884
QG3783	0.000010	0.000010	0.000010	0.000010	0.312046	0.000010	0.000010	0.000010	0.600038	0.000010	0.000010	0.087806	0.000010	0.000010	LD_0.9_14_1884
QG3801	0.000010	0.474010	0.000010	0.000010	0.010844	0.000010	0.000010	0.000010	0.082842	0.000010	0.000010	0.432204	0.000010	0.000010	LD_0.9_14_1884
QG3815	0.000010	0.000010	0.000010	0.000010	0.125250	0.000010	0.000010	0.000010	0.874630	0.000010	0.000010	0.000010	0.000010	0.000010	LD_0.9_14_1884
QG3816	0.000010	0.000010	0.000010	0.000010	0.285920	0.000010	0.000010	0.000010	0.640005	0.000010	0.000010	0.073964	0.000010	0.000010	LD_0.9_14_1884
QG3823	0.000010	0.787765	0.000010	0.000010	0.035781	0.016058	0.000010	0.000010	0.089695	0.000010	0.000010	0.070612	0.000010	0.000010	LD_0.9_14_1884
QG3825	0.000010	0.000010	0.000010	0.000010	0.245520	0.000010	0.000010	0.000010	0.754360	0.000010	0.000010	0.000010	0.000010	0.000010	LD_0.9_14_1884
QG3826	0.000010	0.000010	0.000012	0.000010	0.251632	0.000010	0.000010	0.000010	0.651307	0.000010	0.000010	0.096949	0.000010	0.000010	LD_0.9_14_1884
QG3837	0.000010	0.000010	0.000010	0.000010	0.196789	0.000010	0.000010	0.000010	0.803091	0.000010	0.000010	0.000010	0.000010	0.000010	LD_0.9_14_1884
QG3851	0.000010	0.000010	0.000010	0.000010	0.283826	0.000010	0.000010	0.000010	0.627170	0.000010	0.000010	0.088894	0.000010	0.000010	LD_0.9_14_1884
QG3861	0.000010	0.000010	0.000010	0.000010	0.225939	0.000010	0.000010	0.000010	0.732749	0.000010	0.000010	0.041203	0.000010	0.000010	LD_0.9_14_1884
QG3867	0.000010	0.614637	0.000010	0.000010	0.018662	0.000010	0.000010	0.000010	0.159939	0.000010	0.000010	0.206662	0.000010	0.000010	LD_0.9_14_1884
QG3874	0.000010	0.000010	0.000010	0.000010	0.341216	0.000010	0.000010	0.000010	0.658664	0.000010	0.000010	0.000010	0.000010	0.000010	LD_0.9_14_1884
QG3875	0.000010	0.000010	0.000010	0.000010	0.000010	0.000010	0.000010	0.000010	0.999870	0.000010	0.000010	0.000010	0.000010	0.000010	LD_0.9_14_1884
QG3876	0.000010	0.000010	0.000010	0.000010	0.257710	0.000010	0.000010	0.000010	0.656525	0.000010	0.000010	0.085655	0.000010	0.000010	LD_0.9_14_1884
QG3878	0.000010	0.000010	0.000010	0.000010	0.008081	0.000010	0.000010	0.000010	0.991799	0.000010	0.000010	0.000010	0.000010	0.000010	LD_0.9_14_1884
QG3920	0.000010	0.000010	0.000010	0.000010	0.148684	0.000010	0.000010	0.000010	0.792602	0.000010	0.000010	0.058604	0.000010	0.000010	LD_0.9_14_1884
QG3921	0.000010	0.000010	0.000010	0.000010	0.199843	0.000010	0.000010	0.000010	0.743542	0.000010	0.000010	0.056506	0.000010	0.000010	LD_0.9_14_1884
QG3923	0.000010	0.000010	0.000010	0.000010	0.236199	0.000010	0.000010	0.000010	0.763671	0.000010	0.000010	0.000019	0.000010	0.000010	LD_0.9_14_1884
QG3924	0.000010	0.000011	0.000011	0.000010	0.263147	0.000010	0.000010	0.000010	0.449940	0.000010	0.000010	0.286801	0.000010	0.000010	LD_0.9_14_1884
QG3925	0.000010	0.006761	0.000010	0.000010	0.082214	0.000010	0.000010	0.000010	0.910915	0.000010	0.000010	0.000010	0.000010	0.000010	LD_0.9_14_1884
QG3926	0.000010	0.000010	0.000010	0.000010	0.056967	0.000010	0.000010	0.000010	0.942913	0.000010	0.000010	0.000010	0.000010	0.000010	LD_0.9_14_1884
QG3927	0.000010	0.000010	0.000010	0.000010	0.137902	0.000010	0.000010	0.000010	0.861978	0.000010	0.000010	0.000010	0.000010	0.000010	LD_0.9_14_1884
QG3931	0.000010	0.000010	0.000010	0.000010	0.051714	0.000010	0.000010	0.000010	0.809284	0.000010	0.000010	0.138892	0.000010	0.000010	LD_0.9_14_1884
QG3932	0.000010	0.000010	0.000010	0.000010	0.336651	0.000010	0.000010	0.000010	0.660553	0.000010	0.000010	0.002686	0.000010	0.000010	LD_0.9_14_1884
QG3933	0.000010	0.000010	0.000010	0.000010	0.525580	0.000010	0.000010	0.000010	0.474300	0.000010	0.000010	0.000010	0.000010	0.000010	LD_0.9_14_1884
QG4026	0.000010	0.000010	0.000010	0.000010	0.000010	0.000010	0.000010	0.000010	0.000010	0.000010	0.000010	0.000010	0.000010	0.999870	LD_0.9_14_1884
QG4028	0.000010	0.000010	0.000010	0.000010	0.000010	0.000010	0.000010	0.000010	0.000010	0.000010	0.000010	0.000010	0.000010	0.999870	LD_0.9_14_1884
QG4031	0.000014	0.000010	0.000010	0.000010	0.000010	0.000010	0.000010	0.000010	0.000010	0.000010	0.000010	0.000010	0.000010	0.999866	LD_0.9_14_1884
QG4063	0.000014	0.000010	0.000010	0.000010	0.000010	0.000010	0.000010	0.000010	0.000010	0.000010	0.000010	0.000010	0.000010	0.999866	LD_0.9_14_1884
QG4064	0.000010	0.000010	0.000010	0.000010	0.000010	0.000010	0.000010	0.000010	0.000010	0.000010	0.000010	0.000010	0.000010	0.999870	LD_0.9_14_1884
QG4067	0.000010	0.000010	0.000010	0.000010	0.000010	0.000010	0.000010	0.000010	0.000010	0.000010	0.000010	0.000010	0.000010	0.999870	LD_0.9_14_1884
QG4068	0.000010	0.000010	0.000010	0.000010	0.000010	0.000010	0.000010	0.000010	0.000010	0.000010	0.000018	0.000010	0.000010	0.999862	LD_0.9_14_1884
QG4070	0.000010	0.000010	0.000010	0.000010	0.882542	0.000010	0.000010	0.000010	0.117338	0.000010	0.000010	0.000010	0.000010	0.000010	LD_0.9_14_1884
QG4093	0.000010	0.000010	0.000010	0.000010	0.000010	0.000010	0.000010	0.000014	0.000010	0.000010	0.123619	0.000010	0.000010	0.876258	LD_0.9_14_1884
QG4094	0.000010	0.000010	0.000010	0.000010	0.000010	0.000010	0.000010	0.000010	0.000010	0.000010	0.000010	0.000010	0.000010	0.999870	LD_0.9_14_1884
QG4095	0.000010	0.000010	0.000010	0.000010	0.000010	0.000010	0.000010	0.000010	0.000010	0.000010	0.000010	0.000010	0.000010	0.999870	LD_0.9_14_1884
QG4096	0.000010	0.000010	0.000010	0.000010	0.000010	0.000010	0.000010	0.000010	0.000010	0.000010	0.000010	0.000010	0.000010	0.999870	LD_0.9_14_1884
QG4097	0.000010	0.000010	0.000010	0.000010	0.000010	0.000010	0.000010	0.000010	0.000010	0.000010	0.000018	0.000010	0.000010	0.999862	LD_0.9_14_1884
QG4104	0.000010	0.000010	0.000010	0.000010	0.000010	0.000010	0.000010	0.000010	0.000010	0.000010	0.000010	0.000010	0.000010	0.999870	LD_0.9_14_1884
QG4114	0.000010	0.000010	0.000010	0.000010	0.000010	0.000010	0.000010	0.000010	0.000010	0.000010	0.000017	0.000010	0.000010	0.999863	LD_0.9_14_1884
QG4131	0.000018	0.000010	0.000010	0.000010	0.000016	0.000010	0.000010	0.000012	0.000010	0.000010	0.000010	0.000010	0.000010	0.999854	LD_0.9_14_1884
QG4132	0.000010	0.000010	0.000010	0.000010	0.000010	0.000010	0.000010	0.000010	0.000010	0.000010	0.000017	0.000019	0.000010	0.999854	LD_0.9_14_1884
QG4208	0.000010	0.000010	0.000010	0.000010	0.000010	0.000010	0.000010	0.000010	0.000010	0.000010	0.149860	0.000010	0.000010	0.850020	LD_0.9_14_1884
QG4214	0.000010	0.000010	0.000010	0.000010	0.000010	0.000010	0.000010	0.000010	0.000010	0.000010	0.000010	0.000010	0.000010	0.999870	LD_0.9_14_1884
QG4225	0.000010	0.000010	0.000010	0.000010	0.000010	0.000010	0.000010	0.000010	0.000010	0.000010	0.000010	0.000010	0.000010	0.999870	LD_0.9_14_1884
QG4232	0.000010	0.000010	0.000010	0.000010	0.000010	0.000010	0.000010	0.000010	0.000010	0.000010	0.062630	0.000010	0.000010	0.937250	LD_0.9_14_1884
QG4233	0.000010	0.000010	0.000010	0.000010	0.000010	0.000010	0.000010	0.000010	0.000010	0.000010	0.000018	0.000010	0.000010	0.999862	LD_0.9_14_1884
QG4647	0.000010	0.041495	0.000010	0.000010	0.040823	0.000010	0.000010	0.000010	0.000010	0.917571	0.000010	0.000010	0.000010	0.000010	LD_0.9_14_1884
QG4648	0.000010	0.000010	0.000010	0.000010	0.255174	0.744706	0.000010	0.000010	0.000010	0.000010	0.000010	0.000010	0.000010	0.000010	LD_0.9_14_1884
QG4683	0.000010	0.000010	0.000010	0.000010	0.379653	0.620227	0.000010	0.000010	0.000010	0.000010	0.000010	0.000010	0.000010	0.000010	LD_0.9_14_1884
QG4701	0.000010	0.001137	0.000010	0.000010	0.000010	0.637099	0.000010	0.000010	0.000010	0.361654	0.000010	0.000010	0.000010	0.000010	LD_0.9_14_1884
QG4706	0.000010	0.000010	0.000010	0.000010	0.420878	0.579002	0.000010	0.000010	0.000010	0.000010	0.000010	0.000010	0.000010	0.000010	LD_0.9_14_1884
QG4718	0.000010	0.000010	0.000010	0.000010	0.250376	0.749504	0.000010	0.000010	0.000010	0.000010	0.000010	0.000010	0.000010	0.000010	LD_0.9_14_1884
QG4742	0.000010	0.000010	0.000010	0.000010	0.291143	0.708737	0.000010	0.000010	0.000010	0.000010	0.000010	0.000010	0.000010	0.000010	LD_0.9_14_1884
QG4805	0.000012	0.024458	0.000013	0.000010	0.026662	0.000010	0.000010	0.000010	0.000010	0.948764	0.000010	0.000011	0.000010	0.000010	LD_0.9_14_1884
QG4847	0.000010	0.000010	0.000010	0.000010	0.999853	0.000017	0.000010	0.000010	0.000019	0.000010	0.000010	0.000010	0.000010	0.000010	LD_0.9_14_1884
QG4966	0.000010	0.000010	0.000010	0.000010	0.189663	0.810217	0.000010	0.000010	0.000010	0.000010	0.000010	0.000010	0.000010	0.000010	LD_0.9_14_1884
QG5348	0.000010	0.000010	0.000010	0.000010	0.525123	0.474757	0.000010	0.000010	0.000010	0.000010	0.000010	0.000010	0.000010	0.000010	LD_0.9_14_1884
QG5406	0.000010	0.000010	0.000010	0.000010	0.306020	0.693860	0.000010	0.000010	0.000010	0.000010	0.000010	0.000010	0.000010	0.000010	LD_0.9_14_1884
QG547	0.999870	0.000010	0.000010	0.000010	0.000010	0.000010	0.000010	0.000010	0.000010	0.000010	0.000010	0.000010	0.000010	0.000010	LD_0.9_14_1884
QG5474	0.000010	0.000010	0.000011	0.000010	0.403448	0.054261	0.000010	0.000010	0.000010	0.542177	0.000010	0.000012	0.000010	0.000010	LD_0.9_14_1884
QG5488	0.000010	0.000010	0.000010	0.000010	0.580465	0.419415	0.000010	0.000010	0.000010	0.000010	0.000010	0.000010	0.000010	0.000010	LD_0.9_14_1884
QG550	0.000010	0.000010	0.000010	0.000010	0.000010	0.999870	0.000010	0.000010	0.000010	0.000010	0.000010	0.000010	0.000010	0.000010	LD_0.9_14_1884
QG5507	0.000010	0.000010	0.000010	0.000010	0.250958	0.719386	0.000010	0.000010	0.000010	0.000010	0.000010	0.029546	0.000010	0.000010	LD_0.9_14_1884
QG5525	0.000010	0.000010	0.000010	0.000010	0.124772	0.875108	0.000010	0.000010	0.000010	0.000010	0.000010	0.000010	0.000010	0.000010	LD_0.9_14_1884
QG5589	0.000010	0.000010	0.000010	0.000010	0.081809	0.239420	0.000010	0.000010	0.000010	0.678661	0.000010	0.000010	0.000010	0.000010	LD_0.9_14_1884
QG5603	0.000010	0.000010	0.000010	0.000010	0.371471	0.085510	0.000010	0.000010	0.000010	0.542910	0.000010	0.000010	0.000010	0.000010	LD_0.9_14_1884
QG5611	0.000010	0.000010	0.000010	0.000010	0.092478	0.907402	0.000010	0.000010	0.000010	0.000010	0.000010	0.000010	0.000010	0.000010	LD_0.9_14_1884
QG5612	0.000010	0.000010	0.000010	0.000010	0.431229	0.414027	0.000010	0.000010	0.154634	0.000010	0.000010	0.000010	0.000010	0.000010	LD_0.9_14_1884
QG5633	0.000010	0.000010	0.000010	0.000010	0.217596	0.782284	0.000010	0.000010	0.000010	0.000010	0.000010	0.000010	0.000010	0.000010	LD_0.9_14_1884
QG581	0.999870	0.000010	0.000010	0.000010	0.000010	0.000010	0.000010	0.000010	0.000010	0.000010	0.000010	0.000010	0.000010	0.000010	LD_0.9_14_1884
QG588	0.999859	0.000010	0.000010	0.000010	0.000010	0.000010	0.000010	0.000014	0.000010	0.000010	0.000010	0.000010	0.000017	0.000010	LD_0.9_14_1884
QG700	0.000010	0.000010	0.000010	0.000010	0.026199	0.000010	0.000010	0.000010	0.068137	0.000010	0.000010	0.905554	0.000010	0.000010	LD_0.9_14_1884
QG727	0.000010	0.000017	0.000010	0.000010	0.000010	0.000010	0.000010	0.000010	0.000010	0.000010	0.000010	0.999863	0.000010	0.000010	LD_0.9_14_1884
QG733	0.000010	0.000010	0.000010	0.000010	0.000010	0.000010	0.000011	0.000010	0.000010	0.000010	0.000010	0.999869	0.000010	0.000010	LD_0.9_14_1884
QG736	0.000010	0.236876	0.000010	0.000010	0.000010	0.000010	0.000010	0.000010	0.000010	0.000010	0.000010	0.763004	0.000010	0.000010	LD_0.9_14_1884
QG737	0.000010	0.625547	0.000010	0.000010	0.000010	0.000010	0.000010	0.000010	0.000010	0.000010	0.000010	0.374333	0.000010	0.000010	LD_0.9_14_1884
QG739	0.000010	0.000010	0.000010	0.000010	0.000010	0.000010	0.000010	0.000010	0.000010	0.000010	0.000010	0.999870	0.000010	0.000010	LD_0.9_14_1884
QG761	0.000010	0.000010	0.000010	0.000010	0.032764	0.000010	0.000010	0.000010	0.156775	0.000010	0.000010	0.810351	0.000010	0.000010	LD_0.9_14_1884
QG763	0.000010	0.306708	0.000010	0.000010	0.000015	0.000010	0.000014	0.000011	0.005031	0.000010	0.000010	0.688141	0.000010	0.000010	LD_0.9_14_1884
QG776	0.000010	0.266606	0.000010	0.000010	0.000010	0.000010	0.000010	0.000010	0.000010	0.000010	0.000010	0.733274	0.000010	0.000010	LD_0.9_14_1884
QG781	0.000010	0.000010	0.000010	0.000010	0.000010	0.000010	0.000010	0.000010	0.000010	0.000010	0.000010	0.999870	0.000010	0.000010	LD_0.9_14_1884
QG784	0.000010	0.851640	0.000010	0.000010	0.000010	0.000010	0.000010	0.000010	0.000010	0.000013	0.000010	0.148237	0.000010	0.000010	LD_0.9_14_1884
QG786	0.000010	0.771244	0.000010	0.000010	0.000010	0.000010	0.000010	0.000010	0.000010	0.000010	0.000010	0.228636	0.000010	0.000010	LD_0.9_14_1884
QG788	0.000010	0.000010	0.000010	0.000010	0.000010	0.000010	0.000010	0.000010	0.000010	0.000010	0.000010	0.999870	0.000010	0.000010	LD_0.9_14_1884
QG790	0.000010	0.653196	0.000010	0.000010	0.000010	0.000010	0.000010	0.000010	0.000010	0.000010	0.000010	0.346684	0.000010	0.000010	LD_0.9_14_1884
QG791	0.000013	0.287476	0.000012	0.000010	0.058846	0.000010	0.000010	0.000010	0.000010	0.000012	0.000010	0.653561	0.000010	0.000010	LD_0.9_14_1884
QG795	0.000010	0.033832	0.000010	0.000010	0.035095	0.000010	0.000010	0.000010	0.209452	0.000010	0.000010	0.721521	0.000010	0.000010	LD_0.9_14_1884
QG797	0.000010	0.999870	0.000010	0.000010	0.000010	0.000010	0.000010	0.000010	0.000010	0.000010	0.000010	0.000010	0.000010	0.000010	LD_0.9_14_1884
QG802	0.000010	0.000010	0.000010	0.000010	0.000010	0.000010	0.000010	0.000010	0.000010	0.000010	0.000010	0.999870	0.000010	0.000010	LD_0.9_14_1884
QG804	0.000010	0.999870	0.000010	0.000010	0.000010	0.000010	0.000010	0.000010	0.000010	0.000010	0.000010	0.000010	0.000010	0.000010	LD_0.9_14_1884
QG806	0.000010	0.000010	0.000010	0.000010	0.000010	0.000010	0.000010	0.000010	0.000010	0.000010	0.000010	0.999870	0.000010	0.000010	LD_0.9_14_1884
QG807	0.000010	0.000010	0.000010	0.000010	0.000010	0.000010	0.000010	0.000010	0.000010	0.000010	0.000010	0.999870	0.000010	0.000010	LD_0.9_14_1884
QG808	0.000010	0.554386	0.000010	0.000010	0.053222	0.000010	0.000010	0.000010	0.000010	0.000011	0.000010	0.392281	0.000010	0.000010	LD_0.9_14_1884
QG809	0.000010	0.999866	0.000010	0.000010	0.000010	0.000010	0.000010	0.000010	0.000010	0.000010	0.000010	0.000014	0.000010	0.000010	LD_0.9_14_1884
QG825	0.000010	0.000010	0.000010	0.000010	0.000010	0.000010	0.000010	0.000010	0.000010	0.000010	0.000010	0.999870	0.000010	0.000010	LD_0.9_14_1884
QG827	0.000010	0.000010	0.000010	0.000010	0.000010	0.000010	0.000010	0.000010	0.000010	0.000010	0.000010	0.999870	0.000010	0.000010	LD_0.9_14_1884
QG828	0.000010	0.000010	0.000010	0.000010	0.000010	0.000010	0.000010	0.000010	0.000010	0.000012	0.000010	0.999868	0.000010	0.000010	LD_0.9_14_1884
QG833	0.000010	0.000010	0.000010	0.000010	0.000010	0.000010	0.000010	0.000010	0.000010	0.000010	0.000010	0.999870	0.000010	0.000010	LD_0.9_14_1884
QG855	0.000013	0.633580	0.000010	0.000010	0.037419	0.000010	0.000010	0.000012	0.000010	0.000010	0.000010	0.328886	0.000010	0.000010	LD_0.9_14_1884
QG856	0.000010	0.100628	0.000010	0.000010	0.000013	0.000010	0.000010	0.000010	0.000010	0.000010	0.000010	0.899250	0.000010	0.000010	LD_0.9_14_1884
QG858	0.000010	0.858592	0.000010	0.000010	0.000010	0.000010	0.000010	0.000010	0.000010	0.000010	0.000010	0.141288	0.000010	0.000010	LD_0.9_14_1884
QG860	0.000010	0.000010	0.000010	0.000010	0.097593	0.000010	0.000010	0.000010	0.063005	0.000010	0.000010	0.839292	0.000010	0.000010	LD_0.9_14_1884
QG864	0.000010	0.678070	0.000010	0.000010	0.000010	0.000010	0.000010	0.000010	0.000010	0.000010	0.000010	0.321810	0.000010	0.000010	LD_0.9_14_1884
QG865	0.000010	0.000010	0.000010	0.000011	0.000011	0.000010	0.000010	0.000010	0.000010	0.000010	0.000010	0.999868	0.000010	0.000010	LD_0.9_14_1884
QG866	0.000010	0.177689	0.000010	0.000010	0.000010	0.000010	0.000010	0.000010	0.000010	0.000010	0.000010	0.822191	0.000010	0.000010	LD_0.9_14_1884
QG868	0.000010	0.000010	0.000010	0.000013	0.000010	0.000010	0.000010	0.000010	0.000010	0.000010	0.000010	0.999867	0.000010	0.000010	LD_0.9_14_1884
QG874	0.000010	0.000010	0.000010	0.000010	0.000010	0.000010	0.000010	0.000010	0.000010	0.000010	0.000010	0.999870	0.000010	0.000010	LD_0.9_14_1884
QG875	0.000010	0.999861	0.000010	0.000010	0.000010	0.000010	0.000010	0.000010	0.000010	0.000019	0.000010	0.000010	0.000010	0.000010	LD_0.9_14_1884
QG878	0.000010	0.000010	0.000010	0.000010	0.000010	0.000010	0.000010	0.000010	0.000010	0.000010	0.000010	0.999870	0.000010	0.000010	LD_0.9_14_1884
QG879	0.000010	0.000010	0.000010	0.000010	0.000010	0.000010	0.000010	0.000010	0.000010	0.000010	0.000010	0.999870	0.000010	0.000010	LD_0.9_14_1884
QG880	0.000010	0.226518	0.000010	0.000010	0.000010	0.000010	0.000010	0.000010	0.000010	0.000010	0.000010	0.773362	0.000010	0.000010	LD_0.9_14_1884
QG881	0.000010	0.000010	0.000010	0.000010	0.035857	0.000010	0.000010	0.000010	0.150735	0.000010	0.000010	0.813298	0.000010	0.000010	LD_0.9_14_1884
QG887	0.000010	0.000010	0.000010	0.000010	0.000010	0.000010	0.000010	0.000010	0.000010	0.000010	0.000010	0.999870	0.000010	0.000010	LD_0.9_14_1884
QG888	0.000010	0.999869	0.000010	0.000010	0.000010	0.000010	0.000010	0.000010	0.000010	0.000011	0.000010	0.000010	0.000010	0.000010	LD_0.9_14_1884
QG926	0.000010	0.000010	0.000010	0.000010	0.000010	0.000010	0.000010	0.000010	0.000010	0.000010	0.000010	0.999870	0.000010	0.000010	LD_0.9_14_1884
QG927	0.000010	0.063722	0.000010	0.000010	0.936157	0.000010	0.000010	0.000010	0.000011	0.000010	0.000010	0.000010	0.000010	0.000010	LD_0.9_14_1884
QG933	0.000010	0.999870	0.000010	0.000010	0.000010	0.000010	0.000010	0.000010	0.000010	0.000010	0.000010	0.000010	0.000010	0.000010	LD_0.9_14_1884
QG937	0.000010	0.968353	0.000010	0.000010	0.031527	0.000010	0.000010	0.000010	0.000010	0.000010	0.000010	0.000010	0.000010	0.000010	LD_0.9_14_1884
QG945	0.000010	0.999870	0.000010	0.000010	0.000010	0.000010	0.000010	0.000010	0.000010	0.000010	0.000010	0.000010	0.000010	0.000010	LD_0.9_14_1884
QG946	0.000010	0.999859	0.000010	0.000010	0.000010	0.000010	0.000010	0.000011	0.000010	0.000010	0.000010	0.000020	0.000010	0.000010	LD_0.9_14_1884
QG947	0.000010	0.000010	0.000010	0.000010	0.000010	0.000010	0.000010	0.000010	0.000010	0.000010	0.000010	0.999870	0.000010	0.000010	LD_0.9_14_1884
QG948	0.000010	0.000010	0.000010	0.000010	0.000010	0.000012	0.000010	0.000010	0.000010	0.000011	0.000010	0.999867	0.000010	0.000010	LD_0.9_14_1884
QG952	0.000010	0.000010	0.000010	0.000010	0.000010	0.000010	0.000010	0.000010	0.047964	0.000010	0.000010	0.951916	0.000010	0.000010	LD_0.9_14_1884
QG978	0.000010	0.846596	0.000010	0.000010	0.000010	0.000010	0.000010	0.000010	0.153284	0.000010	0.000010	0.000010	0.000010	0.000010	LD_0.9_14_1884
QG980	0.000010	0.000010	0.000010	0.000010	0.000010	0.000010	0.000010	0.000010	0.000010	0.000010	0.000010	0.999870	0.000010	0.000010	LD_0.9_14_1884
QG986	0.000016	0.000010	0.000010	0.000010	0.000010	0.000014	0.000010	0.000012	0.000010	0.000010	0.000010	0.999859	0.000010	0.000010	LD_0.9_14_1884
QG991	0.000010	0.000010	0.000010	0.000010	0.000010	0.000010	0.000010	0.000010	0.000010	0.000010	0.000010	0.999870	0.000010	0.000010	LD_0.9_14_1884
QG994	0.000010	0.999870	0.000010	0.000010	0.000010	0.000010	0.000010	0.000010	0.000010	0.000010	0.000010	0.000010	0.000010	0.000010	LD_0.9_14_1884
QG995	0.000010	0.000010	0.000010	0.000010	0.000010	0.000010	0.000010	0.000010	0.000010	0.000010	0.000010	0.999870	0.000010	0.000010	LD_0.9_14_1884
QG997	0.000011	0.000010	0.000010	0.000010	0.000011	0.000010	0.000010	0.000011	0.000012	0.000010	0.000010	0.999865	0.000010	0.000010	LD_0.9_14_1884
QG998	0.000010	0.999870	0.000010	0.000010	0.000010	0.000010	0.000010	0.000010	0.000010	0.000010	0.000010	0.000010	0.000010	0.000010	LD_0.9_14_1884
QR25	0.228339	0.000010	0.761782	0.000010	0.009769	0.000010	0.000010	0.000010	0.000010	0.000010	0.000010	0.000010	0.000010	0.000010	LD_0.9_14_1884
QX1410	0.000010	0.000010	0.000010	0.000010	0.120116	0.000010	0.000010	0.000010	0.879764	0.000010	0.000010	0.000010	0.000010	0.000010	LD_0.9_14_1884
QX1547	0.999870	0.000010	0.000010	0.000010	0.000010	0.000010	0.000010	0.000010	0.000010	0.000010	0.000010	0.000010	0.000010	0.000010	LD_0.9_14_1884
QX1795	0.000010	0.000010	0.000010	0.000010	0.622705	0.240150	0.000010	0.000010	0.137035	0.000010	0.000010	0.000010	0.000010	0.000010	LD_0.9_14_1884
QX1796	0.000010	0.000010	0.000010	0.000010	0.999870	0.000010	0.000010	0.000010	0.000010	0.000010	0.000010	0.000010	0.000010	0.000010	LD_0.9_14_1884
QX1798	0.000010	0.000010	0.000010	0.999870	0.000010	0.000010	0.000010	0.000010	0.000010	0.000010	0.000010	0.000010	0.000010	0.000010	LD_0.9_14_1884
QX1800	0.000010	0.000010	0.000010	0.000010	0.999870	0.000010	0.000010	0.000010	0.000010	0.000010	0.000010	0.000010	0.000010	0.000010	LD_0.9_14_1884
QX1801	0.000013	0.000010	0.000010	0.000010	0.944391	0.000010	0.000010	0.000010	0.055486	0.000010	0.000010	0.000010	0.000010	0.000010	LD_0.9_14_1884
QX1802	0.000010	0.007742	0.000010	0.000010	0.979313	0.012835	0.000010	0.000010	0.000010	0.000010	0.000010	0.000010	0.000010	0.000010	LD_0.9_14_1884
QX1803	0.000010	0.000010	0.000010	0.000010	0.999870	0.000010	0.000010	0.000010	0.000010	0.000010	0.000010	0.000010	0.000010	0.000010	LD_0.9_14_1884
QX1804	0.000010	0.000010	0.000010	0.000010	0.999869	0.000010	0.000010	0.000010	0.000010	0.000011	0.000010	0.000010	0.000010	0.000010	LD_0.9_14_1884
SOW18	0.999862	0.000010	0.000010	0.000010	0.000010	0.000010	0.000010	0.000018	0.000010	0.000010	0.000010	0.000010	0.000010	0.000010	LD_0.9_14_1884
SOW21	0.999870	0.000010	0.000010	0.000010	0.000010	0.000010	0.000010	0.000010	0.000010	0.000010	0.000010	0.000010	0.000010	0.000010	LD_0.9_14_1884
SOW22	0.999870	0.000010	0.000010	0.000010	0.000010	0.000010	0.000010	0.000010	0.000010	0.000010	0.000010	0.000010	0.000010	0.000010	LD_0.9_14_1884
TT3408	0.000010	0.000010	0.000010	0.000010	0.999870	0.000010	0.000010	0.000010	0.000010	0.000010	0.000010	0.000010	0.000010	0.000010	LD_0.9_14_1884
TT3411	0.000010	0.000010	0.000010	0.000010	0.999870	0.000010	0.000010	0.000010	0.000010	0.000010	0.000010	0.000010	0.000010	0.000010	LD_0.9_14_1884
TWN1772	0.000010	0.000010	0.000010	0.999870	0.000010	0.000010	0.000010	0.000010	0.000010	0.000010	0.000010	0.000010	0.000010	0.000010	LD_0.9_14_1884
TWN1824	0.000010	0.000010	0.000010	0.000010	0.000010	0.000017	0.435475	0.000010	0.000010	0.000017	0.000012	0.000010	0.564389	0.000010	LD_0.9_14_1884
TWN1899	0.000010	0.000010	0.000010	0.000010	0.000013	0.000010	0.000010	0.000010	0.000010	0.000010	0.000010	0.000010	0.999867	0.000010	LD_0.9_14_1884
TWN1907	0.000010	0.000010	0.000017	0.999861	0.000010	0.000010	0.000010	0.000010	0.000010	0.000011	0.000010	0.000010	0.000012	0.000010	LD_0.9_14_1884
TWN2919	0.000010	0.000010	0.000010	0.999870	0.000010	0.000010	0.000010	0.000010	0.000010	0.000010	0.000010	0.000010	0.000010	0.000010	LD_0.9_14_1884
TWN3077	0.000010	0.000010	0.000010	0.999870	0.000010	0.000010	0.000010	0.000010	0.000010	0.000010	0.000010	0.000010	0.000010	0.000010	LD_0.9_14_1884
UH1	0.000010	0.000010	0.000010	0.999870	0.000010	0.000010	0.000010	0.000010	0.000010	0.000010	0.000010	0.000010	0.000010	0.000010	LD_0.9_14_1884
VSL2201	0.000010	0.000010	0.000010	0.000010	0.308014	0.000010	0.000010	0.691866	0.000010	0.000010	0.000010	0.000010	0.000010	0.000010	LD_0.9_14_1884
VSL2207	0.000010	0.000010	0.000010	0.000010	0.000015	0.000014	0.000010	0.000011	0.000015	0.000010	0.999856	0.000010	0.000010	0.000010	LD_0.9_14_1884
VSL2209	0.000011	0.000013	0.000010	0.000010	0.000010	0.000010	0.000011	0.000010	0.000017	0.000010	0.999855	0.000013	0.000010	0.000010	LD_0.9_14_1884
VSL2210	0.000010	0.000010	0.000010	0.000010	0.469130	0.000010	0.000010	0.000010	0.530750	0.000010	0.000010	0.000010	0.000010	0.000010	LD_0.9_14_1884
VSL2212	0.000010	0.000010	0.000010	0.000010	0.450776	0.000010	0.000010	0.000010	0.549104	0.000010	0.000010	0.000010	0.000010	0.000010	LD_0.9_14_1884
VSL2213	0.000010	0.000010	0.000010	0.000010	0.000010	0.000010	0.000010	0.999870	0.000010	0.000010	0.000010	0.000010	0.000010	0.000010	LD_0.9_14_1884
VSL2215	0.000010	0.000010	0.000010	0.000010	0.081797	0.000010	0.000010	0.918083	0.000010	0.000010	0.000010	0.000010	0.000010	0.000010	LD_0.9_14_1884
VSL2216	0.000010	0.000010	0.000010	0.000010	0.000010	0.000010	0.000010	0.999870	0.000010	0.000010	0.000010	0.000010	0.000010	0.000010	LD_0.9_14_1884
VSL2217	0.000010	0.000010	0.000010	0.000010	0.000010	0.000010	0.000010	0.000010	0.000010	0.935152	0.000010	0.064728	0.000010	0.000010	LD_0.9_14_1884
VSL2219	0.000010	0.000010	0.000010	0.000010	0.922917	0.000010	0.000010	0.000010	0.076963	0.000010	0.000010	0.000010	0.000010	0.000010	LD_0.9_14_1884
VT847	0.000010	0.000010	0.000010	0.000010	0.891974	0.000010	0.000010	0.000010	0.107906	0.000010	0.000010	0.000010	0.000010	0.000010	LD_0.9_14_1884
VX34	0.106513	0.000010	0.893367	0.000010	0.000010	0.000010	0.000010	0.000010	0.000010	0.000010	0.000010	0.000010	0.000010	0.000010	LD_0.9_14_1884
XZ1204	0.000010	0.000010	0.000010	0.000010	0.336226	0.000010	0.000010	0.507914	0.155750	0.000010	0.000010	0.000010	0.000010	0.000010	LD_0.9_14_1884
XZ1205	0.000010	0.000010	0.000010	0.000010	0.000010	0.000010	0.000010	0.999870	0.000010	0.000010	0.000010	0.000010	0.000010	0.000010	LD_0.9_14_1884
XZ1206	0.000010	0.000010	0.000010	0.000010	0.000010	0.000010	0.000010	0.999870	0.000010	0.000010	0.000010	0.000010	0.000010	0.000010	LD_0.9_14_1884
XZ1207	0.000010	0.000010	0.000010	0.000010	0.604210	0.037347	0.000010	0.000010	0.358332	0.000010	0.000010	0.000010	0.000010	0.000010	LD_0.9_14_1884
XZ1210	0.000010	0.000010	0.000010	0.000010	0.514476	0.000010	0.000010	0.000010	0.485404	0.000010	0.000010	0.000010	0.000010	0.000010	LD_0.9_14_1884
XZ1212	0.000010	0.000010	0.000010	0.000010	0.641193	0.000010	0.000010	0.000010	0.358687	0.000010	0.000010	0.000010	0.000010	0.000010	LD_0.9_14_1884
XZ1213	0.000010	0.000010	0.000010	0.000010	0.633069	0.000010	0.000010	0.000010	0.366811	0.000010	0.000010	0.000010	0.000010	0.000010	LD_0.9_14_1884
XZ1731	0.000010	0.000010	0.000010	0.000010	0.582157	0.000010	0.000010	0.000010	0.417723	0.000010	0.000010	0.000010	0.000010	0.000010	LD_0.9_14_1884
XZ1732	0.000010	0.000010	0.000010	0.000010	0.398256	0.021902	0.000010	0.000010	0.579733	0.000010	0.000010	0.000010	0.000010	0.000010	LD_0.9_14_1884
ZZY0992	0.000010	0.012372	0.000010	0.000010	0.000010	0.000010	0.000010	0.000010	0.000010	0.987508	0.000010	0.000010	0.000010	0.000010	LD_0.9_14_1884
ZZY1034	0.000010	0.000010	0.000010	0.000010	0.999868	0.000010	0.000010	0.000010	0.000010	0.000010	0.000012	0.000010	0.000010	0.000010	LD_0.9_14_1884
ZZY1075	0.000010	0.000010	0.000010	0.000011	0.821651	0.178225	0.000010	0.000010	0.000010	0.000010	0.000010	0.000010	0.000013	0.000010	LD_0.9_14_1884
ZZY1123	0.000010	0.044606	0.000010	0.000010	0.024198	0.000010	0.000010	0.000010	0.000010	0.931086	0.000010	0.000010	0.000010	0.000010	LD_0.9_14_1884
ZZY1130	0.000010	0.000010	0.000010	0.000010	0.999870	0.000010	0.000010	0.000010	0.000010	0.000010	0.000010	0.000010	0.000010	0.000010	LD_0.9_14_1884
ZZY405	0.000010	0.000010	0.000010	0.000010	0.999870	0.000010	0.000010	0.000010	0.000010	0.000010	0.000010	0.000010	0.000010	0.000010	LD_0.9_14_1884
